scenario,t,pv_pu,wind_pu,pv_MW,wind_MW,pv_curt_MW,wind_curt_MW,grid_import_MW,grid_export_MW,p_el_MW,p_p2a_MW,p_match_MW,h2_prod_kgph,h2_storage_kg,nh3_kgph
1,1,0.000000,0.535000,0.00000000,2.39428050,0.00000000,264.63747975,0.00000000,0.00000000,0.00000000,2.39428050,0.00000000,0.00000000,12519.30621956,7912.94957600
1,2,0.000000,0.455000,0.00000000,2.39428050,0.00000000,224.70749691,0.00000000,0.00000000,0.00000000,2.39428050,0.00000000,0.00000000,11122.67061939,7912.94957600
1,3,0.000000,0.413000,0.00000000,2.39428050,0.00000000,203.74425592,0.00000000,0.00000000,0.00000000,2.39428050,0.00000000,0.00000000,9726.03501923,7912.94957600
1,4,0.000000,0.381000,0.00000000,106.72863180,0.00000000,83.43791148,0.00000000,0.00000000,94.69756566,106.72863180,101.68074366,1745.79450000,10075.19391906,7912.94957600
1,5,0.000000,0.343000,0.00000000,2.39428050,0.00000000,168.80552093,0.00000000,0.00000000,0.00000000,2.39428050,0.00000000,0.00000000,8678.55831890,7912.94957600
1,6,0.000000,0.302000,0.00000000,2.39428050,0.00000000,148.34140473,0.00000000,0.00000000,0.00000000,2.39428050,0.00000000,0.00000000,7281.92271874,7912.94957600
1,7,0.109000,0.328000,2.39428050,0.00000000,15.04377439,163.71292965,0.00000000,0.00000000,0.00000000,2.39428050,0.00000000,0.00000000,5885.28711857,7912.94957600
1,8,0.288000,0.575000,46.07486063,60.65377117,0.00000000,226.34298050,0.00000000,0.00000000,94.69756566,106.72863180,101.68074366,1745.79450000,6234.44601841,7912.94957600
1,9,0.441000,0.516000,70.55213034,36.17650146,0.00000000,221.37188787,0.00000000,0.00000000,94.69756566,106.72863180,101.68074366,1745.79450000,6583.60491824,7912.94957600
1,10,0.554000,0.407000,30.37356422,0.00000000,58.25654963,203.14378771,0.00000000,0.00000000,25.00174700,30.37356422,27.15938231,539.40882693,5726.37814501,7912.94957600
1,11,0.615000,0.317000,98.38902530,8.33960650,0.00000000,149.88295051,0.00000000,0.00000000,94.69756566,106.72863180,101.68074366,1745.79450000,6075.53704484,7912.94957600
1,12,0.629000,0.254000,89.29817159,0.00000000,11.33060388,126.77769552,0.00000000,0.00000000,78.66539600,89.29817159,84.63531998,1492.48099468,6171.38243935,7912.94957600
1,13,0.600000,0.218000,0.00000000,43.47863956,95.98929298,65.33056368,0.00000000,0.00000000,36.84682300,43.47863956,39.91750131,767.66957627,5542.41641546,7912.94957600
1,14,0.482000,0.214000,77.11139869,29.61723311,0.00000000,77.19547099,0.00000000,0.00000000,94.69756566,106.72863180,101.68074366,1745.79450000,5891.57531529,7912.94957600
1,15,0.376000,0.244000,60.15329027,46.57534153,0.00000000,75.21110613,0.00000000,0.00000000,94.69756566,106.72863180,101.68074366,1745.79450000,6240.73421513,7912.94957600
1,16,0.235000,0.302000,37.59580642,69.13282538,0.00000000,81.60285984,0.00000000,0.00000000,94.69756566,106.72863180,101.68074366,1745.79450000,6589.89311497,7912.94957600
1,17,0.073000,0.381000,11.67869731,95.04993449,0.00000000,95.11660880,0.00000000,0.00000000,94.69756566,106.72863180,101.68074366,1745.79450000,6939.05201480,7912.94957600
1,18,0.000000,0.422000,0.00000000,106.72863180,0.00000000,103.90202769,0.00000000,0.00000000,94.69756566,106.72863180,101.68074366,1745.79450000,7288.21091464,7912.94957600
1,19,0.000000,0.425000,0.00000000,106.72863180,0.00000000,105.39940205,0.00000000,0.00000000,94.69756566,106.72863180,101.68074366,1745.79450000,7637.36981447,7912.94957600
1,20,0.000000,0.447000,0.00000000,89.29817159,0.00000000,133.81060754,0.00000000,0.00000000,78.66539600,89.29817159,84.63531998,1492.48099468,7733.21520899,7912.94957600
1,21,0.000000,0.482000,0.00000000,106.72863180,0.00000000,133.84951482,0.00000000,0.00000000,94.69756566,106.72863180,101.68074366,1745.79450000,8082.37410882,7912.94957600
1,22,0.000000,0.493000,0.00000000,106.72863180,0.00000000,139.33988746,0.00000000,0.00000000,94.69756566,106.72863180,101.68074366,1745.79450000,8431.53300866,7912.94957600
1,23,0.000000,0.471000,0.00000000,106.72863180,0.00000000,128.35914218,0.00000000,0.00000000,94.69756566,106.72863180,101.68074366,1745.79450000,8780.69190849,7912.94957600
1,24,0.000000,0.432000,0.00000000,106.72863180,0.00000000,108.89327554,0.00000000,0.00000000,94.69756566,106.72863180,101.68074366,1745.79450000,9129.85080833,7912.94957600
1,25,0.000000,0.376000,0.00000000,106.72863180,0.00000000,80.94228756,0.00000000,0.00000000,94.69756566,106.72863180,101.68074366,1745.79450000,9479.00970817,7912.94957600
1,26,0.000000,0.301000,0.00000000,106.72863180,0.00000000,43.50792864,0.00000000,0.00000000,94.69756566,106.72863180,101.68074366,1745.79450000,9828.16860800,7912.94957600
1,27,0.000000,0.235000,0.00000000,106.72863180,0.00000000,10.56569280,0.00000000,0.00000000,94.69756566,106.72863180,101.68074366,1745.79450000,10177.32750784,7912.94957600
1,28,0.000000,0.217000,0.00000000,106.72863180,0.00000000,1.58144666,0.00000000,0.00000000,94.69756566,106.72863180,101.68074366,1745.79450000,10526.48640767,7912.94957600
1,29,0.000000,0.192000,0.00000000,95.83195882,0.00000000,0.00000000,0.00000000,0.00000000,84.67503554,95.83195882,91.02477668,1587.43528705,10717.28609456,7912.94957600
1,30,0.000000,0.175000,0.00000000,87.34683747,0.00000000,0.00000000,0.00000000,0.00000000,76.87723089,87.34683747,82.72891645,1462.92139141,10783.57188580,7912.94957600
1,31,0.109000,0.304000,17.43805489,55.50531852,0.00000000,96.22861628,0.00000000,0.00000000,63.67817400,72.94337341,68.65710075,1244.73168631,10631.66797195,7912.94957600
1,32,0.292000,0.425000,46.71478925,60.01384255,0.00000000,152.11419130,0.00000000,0.00000000,94.69756566,106.72863180,101.68074366,1745.79450000,10980.82687179,7912.94957600
1,33,0.446000,0.369000,71.35204111,35.37659069,0.00000000,148.80045517,0.00000000,0.00000000,94.69756566,106.72863180,101.68074366,1745.79450000,11329.98577162,7912.94957600
1,34,0.553000,0.272000,72.94337341,0.00000000,15.52675829,135.76194166,0.00000000,0.00000000,63.67817400,72.94337341,68.65710075,1244.73168631,11178.08185777,7912.94957600
1,35,0.614000,0.183000,98.22904315,8.49958865,0.00000000,82.84024710,0.00000000,0.00000000,94.69756566,106.72863180,101.68074366,1745.79450000,11527.24075760,7912.94957600
1,36,0.609000,0.118000,97.42913237,9.29949943,0.00000000,49.59722526,0.00000000,0.00000000,94.69756566,106.72863180,101.68074366,1745.79450000,11876.39965744,7912.94957600
1,37,0.576000,0.082000,92.14972126,14.57891054,0.00000000,26.34932187,0.00000000,0.00000000,94.69756566,106.72863180,101.68074366,1745.79450000,12225.55855728,7912.94957600
1,38,0.498000,0.070000,79.67111317,27.05751863,0.00000000,7.88121636,0.00000000,0.00000000,94.69756566,106.72863180,101.68074366,1745.79450000,12574.71745711,7912.94957600
1,39,0.361000,0.078000,2.39428050,0.00000000,55.35927744,38.93173327,0.00000000,0.00000000,0.00000000,2.39428050,0.00000000,0.00000000,11178.08185695,7912.94957600
1,40,0.207000,0.106000,33.11630608,52.90722727,0.00000000,0.00000000,0.00000000,0.00000000,75.66458040,86.02353334,81.43608217,1442.87544213,11224.32169892,7912.94957600
1,41,0.068000,0.163000,10.87878654,32.59985302,0.00000000,48.75748702,0.00000000,0.00000000,36.84682300,43.47863956,39.91750131,767.66957627,10595.35567502,7912.94957600
1,42,0.000000,0.258000,0.00000000,106.72863180,0.00000000,22.04556286,0.00000000,0.00000000,94.69756566,106.72863180,101.68074366,1745.79450000,10944.51457486,7912.94957600
1,43,0.000000,0.328000,0.00000000,106.72863180,0.00000000,56.98429785,0.00000000,0.00000000,94.69756566,106.72863180,101.68074366,1745.79450000,11293.67347470,7912.94957600
1,44,0.000000,0.407000,0.00000000,106.72863180,0.00000000,96.41515591,0.00000000,0.00000000,94.69756566,106.72863180,101.68074366,1745.79450000,11642.83237453,7912.94957600
1,45,0.000000,0.452000,0.00000000,57.67001469,0.00000000,167.93438837,0.00000000,0.00000000,49.73928100,57.67001469,53.75120360,1002.98064984,11249.17742420,7912.94957600
1,46,0.000000,0.463000,0.00000000,106.72863180,0.00000000,124.36614390,0.00000000,0.00000000,94.69756566,106.72863180,101.68074366,1745.79450000,11598.33632404,7912.94957600
1,47,0.000000,0.457000,0.00000000,106.72863180,0.00000000,121.37139518,0.00000000,0.00000000,94.69756566,106.72863180,101.68074366,1745.79450000,11947.49522387,7912.94957600
1,48,0.000000,0.472000,0.00000000,106.72863180,0.00000000,128.85826697,0.00000000,0.00000000,94.69756566,106.72863180,101.68074366,1745.79450000,12296.65412371,7912.94957600
1,49,0.000000,0.449000,0.00000000,106.72863180,0.00000000,117.37839690,0.00000000,0.00000000,94.69756566,106.72863180,101.68074366,1745.79450000,12645.81302355,7912.94957600
1,50,0.000000,0.431000,0.00000000,106.72863180,0.00000000,108.39415076,0.00000000,0.00000000,94.69756566,106.72863180,101.68074366,1745.79450000,12994.97192338,7912.94957600
1,51,0.000000,0.413000,0.00000000,72.94337341,0.00000000,133.19516301,0.00000000,0.00000000,63.67817400,72.94337341,68.65710075,1244.73168631,12843.06800953,7912.94957600
1,52,0.000000,0.379000,0.00000000,106.72863180,0.00000000,82.43966191,0.00000000,0.00000000,94.69756566,106.72863180,101.68074366,1745.79450000,13192.22690937,7912.94957600
1,53,0.000000,0.342000,0.00000000,106.72863180,0.00000000,63.97204485,0.00000000,0.00000000,94.69756566,106.72863180,101.68074366,1745.79450000,13541.38580920,7912.94957600
1,54,0.000000,0.346000,0.00000000,106.72863180,0.00000000,65.96854399,0.00000000,0.00000000,94.69756566,106.72863180,101.68074366,1745.79450000,13890.54470904,7912.94957600
1,55,0.103000,0.432000,16.47816196,90.25046984,0.00000000,125.37143751,0.00000000,0.00000000,94.69756566,106.72863180,101.68074366,1745.79450000,14239.70360887,7912.94957600
1,56,0.291000,0.556000,46.55480710,60.17382471,0.00000000,217.33955604,0.00000000,0.00000000,94.69756566,106.72863180,101.68074366,1745.79450000,14588.86250871,7912.94957600
1,57,0.447000,0.574000,71.51202327,35.21660853,0.00000000,251.28101836,0.00000000,0.00000000,94.69756566,106.72863180,101.68074366,1745.79450000,14938.02140855,7912.94957600
1,58,0.555000,0.501000,88.79009601,17.93853579,0.00000000,232.12298175,0.00000000,0.00000000,94.69756566,106.72863180,101.68074366,1745.79450000,15287.18030838,7912.94957600
1,59,0.618000,0.395000,43.47863956,0.00000000,55.39033221,197.15429028,0.00000000,0.00000000,36.84682300,43.47863956,39.91750131,767.66957627,14658.21428449,7912.94957600
1,60,0.635000,0.293000,101.58866840,5.13996340,0.00000000,141.10359876,0.00000000,0.00000000,94.69756566,106.72863180,101.68074366,1745.79450000,15007.37318432,7912.94957600
1,61,0.609000,0.238000,97.42913237,9.29949943,0.00000000,109.49219953,0.00000000,0.00000000,94.69756566,106.72863180,101.68074366,1745.79450000,15356.53208416,7912.94957600
1,62,0.530000,0.245000,84.79054213,21.93808967,0.00000000,100.34748278,0.00000000,0.00000000,94.69756566,106.72863180,101.68074366,1745.79450000,15705.69098400,7912.94957600
1,63,0.389000,0.305000,62.23305828,44.49557352,0.00000000,107.73748607,0.00000000,0.00000000,94.69756566,106.72863180,101.68074366,1745.79450000,16054.84988383,7912.94957600
1,64,0.211000,0.422000,33.75623470,72.97239710,0.00000000,137.65826239,0.00000000,0.00000000,94.69756566,106.72863180,101.68074366,1745.79450000,16404.00878367,7912.94957600
1,65,0.071000,0.586000,11.35873300,95.36989880,0.00000000,197.11722552,0.00000000,0.00000000,94.69756566,106.72863180,101.68074366,1745.79450000,16753.16768350,7912.94957600
1,66,0.000000,0.700000,0.00000000,106.72863180,0.00000000,242.65871806,0.00000000,0.00000000,94.69756566,106.72863180,101.68074366,1745.79450000,17102.32658334,7912.94957600
1,67,0.000000,0.750000,0.00000000,30.37356422,0.00000000,343.97002492,0.00000000,0.00000000,25.00174700,30.37356422,27.15938231,539.40882693,16245.09981010,7912.94957600
1,68,0.000000,0.750000,0.00000000,106.72863180,0.00000000,267.61495734,0.00000000,0.00000000,94.69756566,106.72863180,101.68074366,1745.79450000,16594.25870994,7912.94957600
1,69,0.000000,0.697000,0.00000000,106.72863180,0.00000000,241.16134371,0.00000000,0.00000000,94.69756566,106.72863180,101.68074366,1745.79450000,16943.41760977,7912.94957600
1,70,0.000000,0.610000,0.00000000,106.72863180,0.00000000,197.73748737,0.00000000,0.00000000,94.69756566,106.72863180,101.68074366,1745.79450000,17292.57650961,7912.94957600
1,71,0.000000,0.519000,0.00000000,106.72863180,0.00000000,152.31713189,0.00000000,0.00000000,94.69756566,106.72863180,101.68074366,1745.79450000,17641.73540944,7912.94957600
1,72,0.000000,0.449000,0.00000000,106.72863180,0.00000000,117.37839690,0.00000000,0.00000000,94.69756566,106.72863180,101.68074366,1745.79450000,17990.89430928,7912.94957600
1,73,0.000000,0.389000,0.00000000,106.72863180,0.00000000,87.43090977,0.00000000,0.00000000,94.69756566,106.72863180,101.68074366,1745.79450000,18340.05320912,7912.94957600
1,74,0.000000,0.310000,0.00000000,106.72863180,0.00000000,48.00005171,0.00000000,0.00000000,94.69756566,106.72863180,101.68074366,1745.79450000,18689.21210895,7912.94957600
1,75,0.000000,0.251000,0.00000000,106.72863180,0.00000000,18.55168937,0.00000000,0.00000000,94.69756566,106.72863180,101.68074366,1745.79450000,19038.37100879,7912.94957600
1,76,0.000000,0.229000,0.00000000,72.94337341,0.00000000,41.35620248,0.00000000,0.00000000,63.67817400,72.94337341,68.65710075,1244.73168631,18886.46709494,7912.94957600
1,77,0.000000,0.208000,0.00000000,103.81795539,0.00000000,0.00000000,0.00000000,0.00000000,92.02038685,103.81795539,98.83436369,1703.49421012,19193.32570489,7912.94957600
1,78,0.000000,0.204000,0.00000000,101.82145625,0.00000000,0.00000000,0.00000000,0.00000000,90.18404902,101.82145625,96.88196694,1674.47947935,19471.16958408,7912.94957600
1,79,0.089000,0.281000,14.23841179,75.05975980,0.00000000,65.19430493,0.00000000,0.00000000,78.66539600,89.29817159,84.63531998,1492.48099468,19567.01497859,7912.94957600
1,80,0.264000,0.590000,42.23528891,47.06288268,0.00000000,247.42074078,0.00000000,0.00000000,78.66539600,89.29817159,84.63531998,1492.48099468,19662.86037311,7912.94957600
1,81,0.416000,0.731000,66.55257647,22.74559513,0.00000000,342.11462309,0.00000000,0.00000000,78.66539600,89.29817159,84.63531998,1492.48099468,19758.70576762,7912.94957600
1,82,0.522000,0.750000,83.51068489,23.21794691,0.00000000,351.12564223,0.00000000,0.00000000,94.69756566,106.72863180,101.68074366,1745.79450000,20107.86466745,7912.94957600
1,83,0.584000,0.730000,93.42957850,13.29905330,0.00000000,351.06204013,0.00000000,0.00000000,94.69756566,106.72863180,101.68074366,1745.79450000,20457.02356729,7912.94957600
1,84,0.586000,0.692000,93.74954281,12.97908899,0.00000000,332.41526259,0.00000000,0.00000000,94.69756566,106.72863180,101.68074366,1745.79450000,20806.18246713,7912.94957600
1,85,0.521000,0.666000,83.35070274,23.37792906,0.00000000,309.03917809,0.00000000,0.00000000,94.69756566,106.72863180,101.68074366,1745.79450000,21155.34136696,7912.94957600
1,86,0.450000,0.658000,30.37356422,0.00000000,41.61840551,328.42410887,0.00000000,0.00000000,25.00174700,30.37356422,27.15938231,539.40882693,20298.11459372,7912.94957600
1,87,0.354000,0.668000,56.63368286,50.09494894,0.00000000,283.32040779,0.00000000,0.00000000,94.69756566,106.72863180,101.68074366,1745.79450000,20647.27349356,7912.94957600
1,88,0.219000,0.682000,35.03609194,37.90728147,0.00000000,302.49582225,0.00000000,0.00000000,63.67817400,72.94337341,68.65710075,1244.73168631,20495.36957971,7912.94957600
1,89,0.072000,0.682000,11.51871516,95.20991664,0.00000000,245.19318708,0.00000000,0.00000000,94.69756566,106.72863180,101.68074366,1745.79450000,20844.52847954,7912.94957600
1,90,0.000000,0.638000,0.00000000,106.72863180,0.00000000,211.71298136,0.00000000,0.00000000,94.69756566,106.72863180,101.68074366,1745.79450000,21193.68737938,7912.94957600
1,91,0.000000,0.618000,0.00000000,43.47863956,0.00000000,264.98047789,0.00000000,0.00000000,36.84682300,43.47863956,39.91750131,767.66957627,20564.72135548,7912.94957600
1,92,0.000000,0.609000,0.00000000,106.72863180,0.00000000,197.23836258,0.00000000,0.00000000,94.69756566,106.72863180,101.68074366,1745.79450000,20913.88025532,7912.94957600
1,93,0.000000,0.578000,0.00000000,106.72863180,0.00000000,181.76549423,0.00000000,0.00000000,94.69756566,106.72863180,101.68074366,1745.79450000,21263.03915515,7912.94957600
1,94,0.000000,0.522000,0.00000000,106.72863180,0.00000000,153.81450624,0.00000000,0.00000000,94.69756566,106.72863180,101.68074366,1745.79450000,21612.19805499,7912.94957600
1,95,0.000000,0.459000,0.00000000,106.72863180,0.00000000,122.36964475,0.00000000,0.00000000,94.69756566,106.72863180,101.68074366,1745.79450000,21961.35695483,7912.94957600
1,96,0.000000,0.403000,0.00000000,106.72863180,0.00000000,94.41865676,0.00000000,0.00000000,94.69756566,106.72863180,101.68074366,1745.79450000,22310.51585466,7912.94957600
1,97,0.000000,0.367000,0.00000000,72.94337341,0.00000000,110.23542288,0.00000000,0.00000000,63.67817400,72.94337341,68.65710075,1244.73168631,22158.61194081,7912.94957600
1,98,0.000000,0.343000,0.00000000,107.32720193,0.00000000,63.87259951,0.00000000,0.00000000,94.69756566,107.32720193,101.68074366,1745.79450000,22158.61194061,9891.18697000
1,99,0.000000,0.324000,0.00000000,72.94337341,0.00000000,88.77305710,0.00000000,0.00000000,63.67817400,72.94337341,68.65710075,1244.73168631,22006.70802675,7912.94957600
1,100,0.000000,0.320000,0.00000000,89.29817159,0.00000000,70.42175978,0.00000000,0.00000000,78.66539600,89.29817159,84.63531998,1492.48099468,22102.55342126,7912.94957600
1,101,0.000000,0.323000,0.00000000,106.72863180,0.00000000,54.48867392,0.00000000,0.00000000,94.69756566,106.72863180,101.68074366,1745.79450000,22451.71232110,7912.94957600
1,102,0.000000,0.328000,0.00000000,106.72863180,0.00000000,56.98429785,0.00000000,0.00000000,94.69756566,106.72863180,101.68074366,1745.79450000,22800.87122094,7912.94957600
1,103,0.113000,0.407000,18.07798351,54.86538990,0.00000000,148.27839781,0.00000000,0.00000000,63.67817400,72.94337341,68.65710075,1244.73168631,22648.96730708,7912.94957600
1,104,0.299000,0.609000,47.83466433,59.49253759,0.00000000,244.47445679,0.00000000,0.00000000,94.69756566,107.32720193,101.68074366,1745.79450000,22648.96730688,9891.18697000
1,105,0.455000,0.585000,72.79188051,34.53532142,0.00000000,257.45267811,0.00000000,0.00000000,94.69756566,107.32720193,101.68074366,1745.79450000,22648.96730667,9891.18697000
1,106,0.563000,0.501000,90.06995325,16.65867856,0.00000000,233.40283899,0.00000000,0.00000000,94.69756566,106.72863180,101.68074366,1745.79450000,22998.12620651,7912.94957600
1,107,0.625000,0.413000,99.98884685,6.73978495,0.00000000,199.39875147,0.00000000,0.00000000,94.69756566,106.72863180,101.68074366,1745.79450000,23347.28510635,7912.94957600
1,108,0.641000,0.339000,102.54856133,4.18007047,0.00000000,165.02323182,0.00000000,0.00000000,94.69756566,106.72863180,101.68074366,1745.79450000,23696.44400618,7912.94957600
1,109,0.614000,0.303000,98.22904315,8.49958865,0.00000000,142.73522136,0.00000000,0.00000000,94.69756566,106.72863180,101.68074366,1745.79450000,24045.60290602,7912.94957600
1,110,0.543000,0.291000,86.87031015,20.45689178,0.00000000,124.78842081,0.00000000,0.00000000,94.69756566,107.32720193,101.68074366,1745.79450000,24045.60290581,9891.18697000
1,111,0.408000,0.302000,65.27271923,41.45591257,0.00000000,109.27977265,0.00000000,0.00000000,94.69756566,106.72863180,101.68074366,1745.79450000,24394.76180565,7912.94957600
1,112,0.229000,0.352000,36.63591349,70.09271831,0.00000000,105.59920619,0.00000000,0.00000000,94.69756566,106.72863180,101.68074366,1745.79450000,24743.92070548,7912.94957600
1,113,0.072000,0.440000,11.51871516,95.20991664,0.00000000,124.40498899,0.00000000,0.00000000,94.69756566,106.72863180,101.68074366,1745.79450000,25093.07960532,7912.94957600
1,114,0.000000,0.506000,0.00000000,107.16016415,0.00000000,145.39697733,0.00000000,0.00000000,94.69756566,107.16016415,101.68074366,1745.79450000,25190.51635460,9339.13739783
1,115,0.000000,0.545000,0.00000000,106.72863180,0.00000000,165.29437631,0.00000000,0.00000000,94.69756566,106.72863180,101.68074366,1745.79450000,25539.67525444,7912.94957600
1,116,0.000000,0.601000,0.00000000,106.72863180,0.00000000,193.24536430,0.00000000,0.00000000,94.69756566,106.72863180,101.68074366,1745.79450000,25888.83415428,7912.94957600
1,117,0.000000,0.580000,0.00000000,106.72863180,0.00000000,182.76374380,0.00000000,0.00000000,94.69756566,106.72863180,101.68074366,1745.79450000,26237.99305411,7912.94957600
1,118,0.000000,0.525000,0.00000000,106.72863180,0.00000000,155.31188060,0.00000000,0.00000000,94.69756566,106.72863180,101.68074366,1745.79450000,26587.15195395,7912.94957600
1,119,0.000000,0.464000,0.00000000,72.94337341,0.00000000,158.65052707,0.00000000,0.00000000,63.67817400,72.94337341,68.65710075,1244.73168631,26435.24804010,7912.94957600
1,120,0.000000,0.398000,0.00000000,106.72863180,0.00000000,91.92303284,0.00000000,0.00000000,94.69756566,106.72863180,101.68074366,1745.79450000,26784.40693993,7912.94957600
1,121,0.000000,0.361000,0.00000000,106.72863180,0.00000000,73.45541577,0.00000000,0.00000000,94.69756566,106.72863180,101.68074366,1745.79450000,27133.56583977,7912.94957600
1,122,0.000000,0.323000,0.00000000,106.72863180,0.00000000,54.48867392,0.00000000,0.00000000,94.69756566,106.72863180,101.68074366,1745.79450000,27482.72473960,7912.94957600
1,123,0.000000,0.313000,0.00000000,106.72863180,0.00000000,49.49742607,0.00000000,0.00000000,94.69756566,106.72863180,101.68074366,1745.79450000,27831.88363944,7912.94957600
1,124,0.000000,0.325000,0.00000000,73.54194353,0.00000000,88.67361176,0.00000000,0.00000000,63.67817400,73.54194353,68.65710075,1244.73168631,27330.82082555,9891.18697000
1,125,0.000000,0.284000,0.00000000,89.89674172,0.00000000,51.85469737,0.00000000,0.00000000,78.66539600,89.89674172,84.63531998,1492.48099468,27077.50732002,9891.18697000
1,126,0.000000,0.257000,0.00000000,89.89674172,0.00000000,38.37832816,0.00000000,0.00000000,78.66539600,89.89674172,84.63531998,1492.48099468,26824.19381449,9891.18697000
1,127,0.108000,0.379000,17.27807274,26.79913695,0.00000000,162.36915676,0.00000000,0.00000000,36.84682300,44.07720969,39.91750131,767.66957627,25846.06889055,9891.18697000
1,128,0.289000,0.632000,46.23484279,61.09235914,0.00000000,254.35450531,0.00000000,0.00000000,94.69756566,107.32720193,101.68074366,1745.79450000,25846.06889035,9891.18697000
1,129,0.442000,0.697000,70.71211249,36.61508943,0.00000000,311.27488608,0.00000000,0.00000000,94.69756566,107.32720193,101.68074366,1745.79450000,25846.06889014,9891.18697000
1,130,0.546000,0.688000,87.35025661,2.36753069,0.00000000,341.03032175,0.00000000,0.00000000,78.66539600,89.71778730,84.63531998,1492.48099468,25697.14336669,9299.75364379
1,131,0.607000,0.672000,89.89674172,0.00000000,7.21242635,335.41185587,0.00000000,0.00000000,78.66539600,89.89674172,84.63531998,1492.48099468,25443.82986116,9891.18697000
1,132,0.625000,0.651000,99.98884685,6.73978495,0.00000000,318.19045043,0.00000000,0.00000000,94.69756566,106.72863180,101.68074366,1745.79450000,25792.98876099,7912.94957600
1,133,0.583000,0.634000,0.00000000,89.89674172,93.26959635,226.54837230,0.00000000,0.00000000,78.66539600,89.89674172,84.63531998,1492.48099468,25539.67525547,9891.18697000
1,134,0.448000,0.642000,71.67200542,35.65519650,0.00000000,284.78291580,0.00000000,0.00000000,94.69756566,107.32720193,101.68074366,1745.79450000,25539.67525526,9891.18697000
1,135,0.342000,0.677000,54.71389700,52.01473480,0.00000000,285.89274500,0.00000000,0.00000000,94.69756566,106.72863180,101.68074366,1745.79450000,25888.83415510,7912.94957600
1,136,0.204000,0.706000,32.63635961,74.69084231,0.00000000,277.69125627,0.00000000,0.00000000,94.69756566,107.32720193,101.68074366,1745.79450000,25888.83415489,9891.18697000
1,137,0.064000,0.722000,10.23885792,96.48977388,0.00000000,263.87832126,0.00000000,0.00000000,94.69756566,106.72863180,101.68074366,1745.79450000,26237.99305473,7912.94957600
1,138,0.000000,0.690000,0.00000000,107.32720193,0.00000000,237.06890008,0.00000000,0.00000000,94.69756566,107.32720193,101.68074366,1745.79450000,26237.99305452,9891.18697000
1,139,0.000000,0.608000,0.00000000,106.72863180,0.00000000,196.73923780,0.00000000,0.00000000,94.69756566,106.72863180,101.68074366,1745.79450000,26587.15195436,7912.94957600
1,140,0.000000,0.631000,0.00000000,73.54194353,0.00000000,241.40579613,0.00000000,0.00000000,63.67817400,73.54194353,68.65710075,1244.73168631,26086.08914046,9891.18697000
1,141,0.000000,0.673000,0.00000000,106.72863180,0.00000000,229.18234886,0.00000000,0.00000000,94.69756566,106.72863180,101.68074366,1745.79450000,26435.24804030,7912.94957600
1,142,0.000000,0.653000,0.00000000,106.72863180,0.00000000,219.19985315,0.00000000,0.00000000,94.69756566,106.72863180,101.68074366,1745.79450000,26784.40694014,7912.94957600
1,143,0.000000,0.580000,0.00000000,106.72863180,0.00000000,182.76374380,0.00000000,0.00000000,94.69756566,106.72863180,101.68074366,1745.79450000,27133.56583997,7912.94957600
1,144,0.000000,0.471000,0.00000000,106.72863180,0.00000000,128.35914218,0.00000000,0.00000000,94.69756566,106.72863180,101.68074366,1745.79450000,27482.72473981,7912.94957600
1,145,0.000000,0.413000,0.00000000,106.72863180,0.00000000,99.40990462,0.00000000,0.00000000,94.69756566,106.72863180,101.68074366,1745.79450000,27831.88363964,7912.94957600
1,146,0.000000,0.347000,0.00000000,107.32720193,0.00000000,65.86909865,0.00000000,0.00000000,94.69756566,107.32720193,101.68074366,1745.79450000,27831.88363944,9891.18697000
1,147,0.000000,0.314000,0.00000000,107.32720193,0.00000000,49.39798073,0.00000000,0.00000000,94.69756566,107.32720193,101.68074366,1745.79450000,27831.88363923,9891.18697000
1,148,0.000000,0.282000,0.00000000,73.44584129,0.00000000,67.30734823,0.00000000,0.00000000,63.67817400,73.44584129,68.65710075,1244.73168631,27386.87934530,9573.57495892
1,149,0.000000,0.261000,0.00000000,106.72863180,0.00000000,23.54293722,0.00000000,0.00000000,94.69756566,106.72863180,101.68074366,1745.79450000,27736.03824513,7912.94957600
1,150,0.000000,0.250000,0.00000000,89.29817159,0.00000000,35.48302479,0.00000000,0.00000000,78.66539600,89.29817159,84.63531998,1492.48099468,27831.88363964,7912.94957600
1,151,0.111000,0.284000,17.75801920,89.56918272,0.00000000,52.18225636,0.00000000,0.00000000,94.69756566,107.32720193,101.68074366,1745.79450000,27831.88363944,9891.18697000
1,152,0.284000,0.419000,45.43493201,61.89226992,0.00000000,147.24101522,0.00000000,0.00000000,94.69756566,107.32720193,101.68074366,1745.79450000,27831.88363923,9891.18697000
1,153,0.416000,0.420000,0.00000000,89.89674172,66.55257647,119.73566820,0.00000000,0.00000000,78.66539600,89.89674172,84.63531998,1492.48099468,27578.57013371,9891.18697000
1,154,0.482000,0.376000,30.37356422,0.00000000,46.73783447,187.67091936,0.00000000,0.00000000,25.00174700,30.37356422,27.15938231,539.40882693,26721.34336047,7912.94957600
1,155,0.516000,0.320000,82.55079196,24.77640996,0.00000000,134.94352140,0.00000000,0.00000000,94.69756566,107.32720193,101.68074366,1745.79450000,26721.34336026,9891.18697000
1,156,0.522000,0.261000,83.51068489,23.81651703,0.00000000,106.45505199,0.00000000,0.00000000,94.69756566,107.32720193,101.68074366,1745.79450000,26721.34336006,9891.18697000
1,157,0.506000,0.221000,80.95097041,26.37623151,0.00000000,83.93034609,0.00000000,0.00000000,94.69756566,107.32720193,101.68074366,1745.79450000,26721.34335985,9891.18697000
1,158,0.452000,0.235000,72.31193404,35.01526788,0.00000000,82.27905672,0.00000000,0.00000000,94.69756566,107.32720193,101.68074366,1745.79450000,26721.34335965,9891.18697000
1,159,0.346000,0.332000,55.35382562,51.37480618,0.00000000,114.33462261,0.00000000,0.00000000,94.69756566,106.72863180,101.68074366,1745.79450000,27070.50225948,7912.94957600
1,160,0.207000,0.507000,33.11630608,74.21089585,0.00000000,178.84537041,0.00000000,0.00000000,94.69756566,107.32720193,101.68074366,1745.79450000,27070.50225928,9891.18697000
1,161,0.064000,0.645000,10.23885792,97.08834401,0.00000000,224.84714265,0.00000000,0.00000000,94.69756566,107.32720193,101.68074366,1745.79450000,27070.50225907,9891.18697000
1,162,0.000000,0.622000,0.00000000,107.32720193,0.00000000,203.12841467,0.00000000,0.00000000,94.69756566,107.32720193,101.68074366,1745.79450000,27070.50225887,9891.18697000
1,163,0.000000,0.568000,0.00000000,107.32720193,0.00000000,176.17567625,0.00000000,0.00000000,94.69756566,107.32720193,101.68074366,1745.79450000,27070.50225866,9891.18697000
1,164,0.000000,0.561000,0.00000000,98.09351213,0.00000000,181.91549255,0.00000000,0.00000000,86.20461241,98.09351213,92.65102480,1611.60309574,26936.31085419,9891.18697000
1,165,0.000000,0.561000,0.00000000,107.32720193,0.00000000,172.68180275,0.00000000,0.00000000,94.69756566,107.32720193,101.68074366,1745.79450000,26936.31085399,9891.18697000
1,166,0.000000,0.526000,0.00000000,106.72863180,0.00000000,155.81100538,0.00000000,0.00000000,94.69756566,106.72863180,101.68074366,1745.79450000,27285.46975383,7912.94957600
1,167,0.000000,0.481000,0.00000000,107.32720193,0.00000000,132.75181991,0.00000000,0.00000000,94.69756566,107.32720193,101.68074366,1745.79450000,27285.46975362,9891.18697000
1,168,0.000000,0.436000,0.00000000,72.94337341,0.00000000,144.67503308,0.00000000,0.00000000,63.67817400,72.94337341,68.65710075,1244.73168631,27133.56583977,7912.94957600
1,169,0.000000,0.371000,0.00000000,106.72863180,0.00000000,78.44666363,0.00000000,0.00000000,94.69756566,106.72863180,101.68074366,1745.79450000,27482.72473960,7912.94957600
1,170,0.000000,0.322000,0.00000000,106.72863180,0.00000000,53.98954914,0.00000000,0.00000000,94.69756566,106.72863180,101.68074366,1745.79450000,27831.88363944,7912.94957600
1,171,0.000000,0.320000,0.00000000,72.94337341,0.00000000,86.77655796,0.00000000,0.00000000,63.67817400,72.94337341,68.65710075,1244.73168631,27679.97972559,7912.94957600
1,172,0.000000,0.260000,0.00000000,73.54194353,0.00000000,56.23050070,0.00000000,0.00000000,63.67817400,73.54194353,68.65710075,1244.73168631,27178.91691169,9891.18697000
1,173,0.000000,0.248000,0.00000000,106.80637806,0.00000000,16.97656875,0.00000000,0.00000000,94.69756566,106.80637806,101.68074366,1745.79450000,27482.72473960,8169.89615915
1,174,0.000000,0.249000,0.00000000,106.72863180,0.00000000,17.55343979,0.00000000,0.00000000,94.69756566,106.72863180,101.68074366,1745.79450000,27831.88363944,7912.94957600
1,175,0.102000,0.222000,16.31817981,27.75902988,0.00000000,83.04667251,0.00000000,0.00000000,36.84682300,44.07720969,39.91750131,767.66957627,26853.75871550,9891.18697000
1,176,0.278000,0.381000,0.00000000,89.89674172,44.47503908,100.26980157,0.00000000,0.00000000,78.66539600,89.89674172,84.63531998,1492.48099468,26600.44520997,9891.18697000
1,177,0.433000,0.452000,69.27227310,37.69965581,0.00000000,187.90474725,0.00000000,0.00000000,94.69756566,106.97192891,101.68074366,1745.79450000,26807.68364607,8717.03152353
1,178,0.548000,0.447000,87.67022092,19.65698100,0.00000000,203.45179812,0.00000000,0.00000000,94.69756566,107.32720193,101.68074366,1745.79450000,26807.68364587,9891.18697000
1,179,0.612000,0.445000,97.90907884,9.41812309,0.00000000,212.69240647,0.00000000,0.00000000,94.69756566,107.32720193,101.68074366,1745.79450000,26807.68364566,9891.18697000
1,180,0.618000,0.459000,0.00000000,73.54194353,98.86897177,155.55633302,0.00000000,0.00000000,63.67817400,73.54194353,68.65710075,1244.73168631,26306.62083177,9891.18697000
1,181,0.590000,0.479000,94.38947143,12.93773050,0.00000000,226.14304177,0.00000000,0.00000000,94.69756566,107.32720193,101.68074366,1745.79450000,26306.62083156,9891.18697000
1,182,0.521000,0.481000,83.35070274,5.94746885,0.00000000,234.13155298,0.00000000,0.00000000,78.66539600,89.29817159,84.63531998,1492.48099468,26402.46622607,7912.94957600
1,183,0.411000,0.473000,65.75266569,41.57453623,0.00000000,194.51148732,0.00000000,0.00000000,94.69756566,107.32720193,101.68074366,1745.79450000,26402.46622587,9891.18697000
1,184,0.250000,0.485000,30.37356422,0.00000000,9.62197452,242.07552098,0.00000000,0.00000000,25.00174700,30.37356422,27.15938231,539.40882693,25545.23945263,7912.94957600
1,185,0.083000,0.530000,13.27851886,94.04868306,0.00000000,170.48745326,0.00000000,0.00000000,94.69756566,107.32720193,101.68074366,1745.79450000,25545.23945243,9891.18697000
1,186,0.000000,0.555000,0.00000000,89.89674172,0.00000000,187.11751425,0.00000000,0.00000000,78.66539600,89.89674172,84.63531998,1492.48099468,25291.92594690,9891.18697000
1,187,0.000000,0.535000,0.00000000,89.29817159,0.00000000,177.73358866,0.00000000,0.00000000,78.66539600,89.29817159,84.63531998,1492.48099468,25387.77134141,7912.94957600
1,188,0.000000,0.528000,0.00000000,106.72863180,0.00000000,156.80925495,0.00000000,0.00000000,94.69756566,106.72863180,101.68074366,1745.79450000,25736.93024124,7912.94957600
1,189,0.000000,0.566000,0.00000000,107.32720193,0.00000000,175.17742668,0.00000000,0.00000000,94.69756566,107.32720193,101.68074366,1745.79450000,25736.93024104,9891.18697000
1,190,0.000000,0.578000,0.00000000,107.32720193,0.00000000,181.16692411,0.00000000,0.00000000,94.69756566,107.32720193,101.68074366,1745.79450000,25736.93024083,9891.18697000
1,191,0.000000,0.544000,0.00000000,106.72863180,0.00000000,164.79525152,0.00000000,0.00000000,94.69756566,106.72863180,101.68074366,1745.79450000,26086.08914067,7912.94957600
1,192,0.000000,0.457000,0.00000000,106.72863180,0.00000000,121.37139518,0.00000000,0.00000000,94.69756566,106.72863180,101.68074366,1745.79450000,26435.24804051,7912.94957600
1,193,0.000000,0.367000,0.00000000,106.72863180,0.00000000,76.45016449,0.00000000,0.00000000,94.69756566,106.72863180,101.68074366,1745.79450000,26784.40694034,7912.94957600
1,194,0.000000,0.310000,0.00000000,106.72863180,0.00000000,48.00005171,0.00000000,0.00000000,94.69756566,106.72863180,101.68074366,1745.79450000,27133.56584018,7912.94957600
1,195,0.000000,0.283000,0.00000000,107.32720193,0.00000000,33.92511238,0.00000000,0.00000000,94.69756566,107.32720193,101.68074366,1745.79450000,27133.56583997,9891.18697000
1,196,0.000000,0.283000,0.00000000,106.72863180,0.00000000,34.52368250,0.00000000,0.00000000,94.69756566,106.72863180,101.68074366,1745.79450000,27482.72473981,7912.94957600
1,197,0.000000,0.292000,0.00000000,107.32720193,0.00000000,38.41723545,0.00000000,0.00000000,94.69756566,107.32720193,101.68074366,1745.79450000,27482.72473960,9891.18697000
1,198,0.000000,0.295000,0.00000000,106.72863180,0.00000000,40.51317993,0.00000000,0.00000000,94.69756566,106.72863180,101.68074366,1745.79450000,27831.88363944,7912.94957600
1,199,0.108000,0.328000,0.00000000,72.94337341,17.27807274,90.76955624,0.00000000,0.00000000,63.67817400,72.94337341,68.65710075,1244.73168631,27679.97972559,7912.94957600
1,200,0.287000,0.568000,45.91487848,61.41232345,0.00000000,222.09055473,0.00000000,0.00000000,94.69756566,107.32720193,101.68074366,1745.79450000,27679.97972538,9891.18697000
1,201,0.431000,0.535000,68.95230879,38.37489314,0.00000000,228.65686712,0.00000000,0.00000000,94.69756566,107.32720193,101.68074366,1745.79450000,27679.97972518,9891.18697000
1,202,0.525000,0.422000,83.99063136,23.33657057,0.00000000,187.29408892,0.00000000,0.00000000,94.69756566,107.32720193,101.68074366,1745.79450000,27679.97972497,9891.18697000
1,203,0.575000,0.332000,0.00000000,73.54194353,91.98973911,92.16748526,0.00000000,0.00000000,63.67817400,73.54194353,68.65710075,1244.73168631,27178.91691108,9891.18697000
1,204,0.579000,0.286000,92.62966773,14.69753420,0.00000000,128.05215446,0.00000000,0.00000000,94.69756566,107.32720193,101.68074366,1745.79450000,27178.91691087,9891.18697000
1,205,0.543000,0.283000,86.87031015,19.85832165,0.00000000,121.39399265,0.00000000,0.00000000,94.69756566,106.72863180,101.68074366,1745.79450000,27528.07581071,7912.94957600
1,206,0.468000,0.300000,74.87164852,28.73638308,0.00000000,121.00105258,0.00000000,0.00000000,91.82730338,103.60803160,98.62907709,1700.44342889,27831.88363944,7912.94957600
1,207,0.352000,0.332000,56.31371855,51.01348338,0.00000000,114.69594542,0.00000000,0.00000000,94.69756566,107.32720193,101.68074366,1745.79450000,27831.88363923,9891.18697000
1,208,0.214000,0.374000,34.23618116,73.09102076,0.00000000,113.58164902,0.00000000,0.00000000,94.69756566,107.32720193,101.68074366,1745.79450000,27831.88363903,9891.18697000
1,209,0.071000,0.420000,11.35873300,32.71847668,0.00000000,176.91393324,0.00000000,0.00000000,36.84682300,44.07720969,39.91750131,767.66957627,26853.75871509,9891.18697000
1,210,0.000000,0.449000,0.00000000,106.72863180,0.00000000,117.37839690,0.00000000,0.00000000,94.69756566,106.72863180,101.68074366,1745.79450000,27202.91761493,7912.94957600
1,211,0.000000,0.470000,0.00000000,107.32720193,0.00000000,127.26144727,0.00000000,0.00000000,94.69756566,107.32720193,101.68074366,1745.79450000,27202.91761472,9891.18697000
1,212,0.000000,0.457000,0.00000000,106.72863180,0.00000000,121.37139518,0.00000000,0.00000000,94.69756566,106.72863180,101.68074366,1745.79450000,27552.07651456,7912.94957600
1,213,0.000000,0.479000,0.00000000,107.32720193,0.00000000,131.75357034,0.00000000,0.00000000,94.69756566,107.32720193,101.68074366,1745.79450000,27552.07651436,9891.18697000
1,214,0.000000,0.488000,0.00000000,106.84752294,0.00000000,136.72537239,0.00000000,0.00000000,94.69756566,106.84752294,101.68074366,1745.79450000,27831.88363944,8305.87747828
1,215,0.000000,0.454000,0.00000000,89.46248162,0.00000000,137.14017101,0.00000000,0.00000000,78.66539600,89.46248162,84.63532017,1492.48104146,27831.88363944,8455.98323771
1,216,0.000000,0.444000,0.00000000,72.94337341,0.00000000,148.66803136,0.00000000,0.00000000,63.67817400,72.94337341,68.65710075,1244.73168631,27679.97972559,7912.94957600
1,217,0.000000,0.431000,0.00000000,107.32720193,0.00000000,107.79558063,0.00000000,0.00000000,94.69756566,107.32720193,101.68074366,1745.79450000,27679.97972538,9891.18697000
1,218,0.000000,0.428000,0.00000000,107.32720193,0.00000000,106.29820628,0.00000000,0.00000000,94.69756566,107.32720193,101.68074366,1745.79450000,27679.97972518,9891.18697000
1,219,0.000000,0.437000,0.00000000,73.54194353,0.00000000,144.57558774,0.00000000,0.00000000,63.67817400,73.54194353,68.65710075,1244.73168631,27178.91691128,9891.18697000
1,220,0.000000,0.441000,0.00000000,89.29817159,0.00000000,130.81585882,0.00000000,0.00000000,78.66539600,89.29817159,84.63531998,1492.48099468,27274.76230580,7912.94957600
1,221,0.000000,0.436000,0.00000000,106.72863180,0.00000000,110.88977469,0.00000000,0.00000000,94.69756566,106.72863180,101.68074366,1745.79450000,27623.92120563,7912.94957600
1,222,0.000000,0.416000,0.00000000,97.61149494,0.00000000,110.02441584,0.00000000,0.00000000,85.76126316,97.61149494,92.17965530,1604.59803438,27482.72473981,9891.18697000
1,223,0.100000,0.513000,15.99821550,91.32898643,0.00000000,164.72202854,0.00000000,0.00000000,94.69756566,107.32720193,101.68074366,1745.79450000,27482.72473960,9891.18697000
1,224,0.265000,0.715000,42.39527107,64.33336073,0.00000000,292.54086091,0.00000000,0.00000000,94.69756566,106.72863180,101.68074366,1745.79450000,27831.88363944,7912.94957600
1,225,0.411000,0.703000,65.75266569,41.57453623,0.00000000,309.31018799,0.00000000,0.00000000,94.69756566,107.32720193,101.68074366,1745.79450000,27831.88363923,9891.18697000
1,226,0.514000,0.609000,30.97213435,0.00000000,51.25869330,303.96699438,0.00000000,0.00000000,25.00174700,30.97213435,27.15938231,539.40882693,26625.49796596,9891.18697000
1,227,0.586000,0.513000,93.74954281,13.57765912,0.00000000,242.47335586,0.00000000,0.00000000,94.69756566,107.32720193,101.68074366,1745.79450000,26625.49796575,9891.18697000
1,228,0.606000,0.444000,89.89674172,0.00000000,7.05244419,221.61140477,0.00000000,0.00000000,78.66539600,89.89674172,84.63531998,1492.48099468,26372.18446022,9891.18697000
1,229,0.582000,0.417000,89.29817159,0.00000000,3.81144260,208.13503556,0.00000000,0.00000000,78.66539600,89.29817159,84.63531998,1492.48099468,26468.02985473,7912.94957600
1,230,0.512000,0.425000,81.91086334,24.81776846,0.00000000,187.31026539,0.00000000,0.00000000,94.69756566,106.72863180,101.68074366,1745.79450000,26817.18875457,7912.94957600
1,231,0.391000,0.464000,62.55302259,44.17560921,0.00000000,187.41829127,0.00000000,0.00000000,94.69756566,106.72863180,101.68074366,1745.79450000,27166.34765440,7912.94957600
1,232,0.222000,0.523000,35.51603840,71.26879192,0.00000000,189.77347091,0.00000000,0.00000000,94.69756566,106.78483032,101.68074366,1745.79450000,27482.72474022,8098.68223334
1,233,0.075000,0.586000,11.99866162,95.32854030,0.00000000,197.15858401,0.00000000,0.00000000,94.69756566,107.32720193,101.68074366,1745.79450000,27482.72474001,9891.18697000
1,234,0.000000,0.610000,0.00000000,107.32720193,0.00000000,197.13891724,0.00000000,0.00000000,94.69756566,107.32720193,101.68074366,1745.79450000,27482.72473981,9891.18697000
1,235,0.000000,0.620000,0.00000000,106.72863180,0.00000000,202.72873522,0.00000000,0.00000000,94.69756566,106.72863180,101.68074366,1745.79450000,27831.88363964,7912.94957600
1,236,0.000000,0.642000,0.00000000,107.32720193,0.00000000,213.11091038,0.00000000,0.00000000,94.69756566,107.32720193,101.68074366,1745.79450000,27831.88363944,9891.18697000
1,237,0.000000,0.710000,0.00000000,73.28153160,0.00000000,281.09706612,0.00000000,0.00000000,63.67817400,73.28153160,68.65710075,1244.73168631,27482.72474001,9030.54156225
1,238,0.000000,0.702000,0.00000000,107.32720193,0.00000000,243.05839751,0.00000000,0.00000000,94.69756566,107.32720193,101.68074366,1745.79450000,27482.72473981,9891.18697000
1,239,0.000000,0.681000,0.00000000,107.32720193,0.00000000,232.57677701,0.00000000,0.00000000,94.69756566,107.32720193,101.68074366,1745.79450000,27482.72473960,9891.18697000
1,240,0.000000,0.645000,0.00000000,106.72863180,0.00000000,215.20685486,0.00000000,0.00000000,94.69756566,106.72863180,101.68074366,1745.79450000,27831.88363944,7912.94957600
1,241,0.000000,0.611000,0.00000000,107.32720193,0.00000000,197.63804203,0.00000000,0.00000000,94.69756566,107.32720193,101.68074366,1745.79450000,27831.88363923,9891.18697000
1,242,0.000000,0.568000,0.00000000,73.54194353,0.00000000,209.96093464,0.00000000,0.00000000,63.67817400,73.54194353,68.65710075,1244.73168631,27330.82082534,9891.18697000
1,243,0.000000,0.523000,0.00000000,106.72863180,0.00000000,154.31363103,0.00000000,0.00000000,94.69756566,106.72863180,101.68074366,1745.79450000,27679.97972518,7912.94957600
1,244,0.000000,0.472000,0.00000000,72.94337341,0.00000000,162.64352536,0.00000000,0.00000000,63.67817400,72.94337341,68.65710075,1244.73168631,27528.07581132,7912.94957600
1,245,0.000000,0.434000,0.00000000,106.80637806,0.00000000,109.81377886,0.00000000,0.00000000,94.69756566,106.80637806,101.68074366,1745.79450000,27831.88363944,8169.89615799
1,246,0.000000,0.410000,0.00000000,107.32720194,0.00000000,97.31396012,0.00000000,0.00000000,94.69756567,107.32720194,101.68074367,1745.79450020,27831.88363944,9891.18697000
1,247,0.107000,0.533000,0.00000000,43.59753071,17.11809058,222.43597998,0.00000000,0.00000000,36.84682300,43.59753071,39.91750131,767.66957627,27133.56583997,8305.87748292
1,248,0.288000,0.724000,46.07486063,61.25234130,0.00000000,300.11400342,0.00000000,0.00000000,94.69756566,107.32720193,101.68074366,1745.79450000,27133.56583977,9891.18697000
1,249,0.439000,0.724000,70.23216603,36.49646577,0.00000000,324.86987895,0.00000000,0.00000000,94.69756566,106.72863180,101.68074366,1745.79450000,27482.72473960,7912.94957600
1,250,0.544000,0.660000,87.03029230,19.69833950,0.00000000,309.72401895,0.00000000,0.00000000,94.69756566,106.72863180,101.68074366,1745.79450000,27831.88363944,7912.94957600
1,251,0.603000,0.583000,96.46923944,10.85796248,0.00000000,280.13178748,0.00000000,0.00000000,94.69756566,107.32720193,101.68074366,1745.79450000,27831.88363944,9891.18696884
1,252,0.619000,0.516000,2.39428050,0.00000000,96.63467342,257.54838933,0.00000000,0.00000000,0.00000000,2.39428050,0.00000000,0.00000000,26435.24803928,7912.94957600
1,253,0.594000,0.464000,89.29817159,0.00000000,5.73122846,231.59390048,0.00000000,0.00000000,78.66539600,89.29817159,84.63531998,1492.48099468,26531.09343379,7912.94957600
1,254,0.517000,0.450000,82.71077412,24.01785768,0.00000000,200.58829580,0.00000000,0.00000000,94.69756566,106.72863180,101.68074366,1745.79450000,26880.25233362,7912.94957600
1,255,0.367000,0.487000,58.71345087,30.58472072,0.00000000,212.48904983,0.00000000,0.00000000,78.66539600,89.29817159,84.63531998,1492.48099468,26976.09772813,7912.94957600
1,256,0.212000,0.551000,0.00000000,30.37356422,33.91621685,244.64419260,0.00000000,0.00000000,25.00174700,30.37356422,27.15938231,539.40882693,26118.87095490,7912.94957600
1,257,0.074000,0.625000,11.83867947,94.88995233,0.00000000,217.06303862,0.00000000,0.00000000,94.69756566,106.72863180,101.68074366,1745.79450000,26468.02985473,7912.94957600
1,258,0.000000,0.670000,0.00000000,106.72863180,0.00000000,227.68497450,0.00000000,0.00000000,94.69756566,106.72863180,101.68074366,1745.79450000,26817.18875457,7912.94957600
1,259,0.000000,0.734000,0.00000000,106.72863180,0.00000000,259.62896077,0.00000000,0.00000000,94.69756566,106.72863180,101.68074366,1745.79450000,27166.34765440,7912.94957600
1,260,0.000000,0.748000,0.00000000,106.72863180,0.00000000,266.61670777,0.00000000,0.00000000,94.69756566,106.72863180,101.68074366,1745.79450000,27515.50655424,7912.94957600
1,261,0.000000,0.804000,0.00000000,89.89674172,0.00000000,311.39958584,0.00000000,0.00000000,78.66539600,89.89674172,84.63531998,1492.48099468,27262.19304871,9891.18697000
1,262,0.000000,0.765000,0.00000000,107.32720193,0.00000000,274.50325900,0.00000000,0.00000000,94.69756566,107.32720193,101.68074366,1745.79450000,27262.19304851,9891.18697000
1,263,0.000000,0.695000,0.00000000,107.32720193,0.00000000,239.56452401,0.00000000,0.00000000,94.69756566,107.32720193,101.68074366,1745.79450000,27262.19304830,9891.18697000
1,264,0.000000,0.617000,0.00000000,44.07720969,0.00000000,263.88278298,0.00000000,0.00000000,36.84682300,44.07720969,39.91750131,767.66957627,26284.06812436,9891.18697000
1,265,0.000000,0.538000,0.00000000,72.94337341,0.00000000,195.58576120,0.00000000,0.00000000,63.67817400,72.94337341,68.65710075,1244.73168631,26132.16421051,7912.94957600
1,266,0.000000,0.471000,0.00000000,106.72863180,0.00000000,128.35914218,0.00000000,0.00000000,94.69756566,106.72863180,101.68074366,1745.79450000,26481.32311035,7912.94957600
1,267,0.000000,0.421000,0.00000000,106.72863180,0.00000000,103.40290290,0.00000000,0.00000000,94.69756566,106.72863180,101.68074366,1745.79450000,26830.48201018,7912.94957600
1,268,0.000000,0.386000,0.00000000,106.72863180,0.00000000,85.93353541,0.00000000,0.00000000,94.69756566,106.72863180,101.68074366,1745.79450000,27179.64091002,7912.94957600
1,269,0.000000,0.356000,0.00000000,106.72863180,0.00000000,70.95979185,0.00000000,0.00000000,94.69756566,106.72863180,101.68074366,1745.79450000,27528.79980986,7912.94957600
1,270,0.000000,0.342000,0.00000000,89.89674172,0.00000000,80.80393493,0.00000000,0.00000000,78.66539600,89.89674172,84.63531998,1492.48099468,27275.48630433,9891.18697000
1,271,0.104000,0.447000,16.63814412,90.68905781,0.00000000,132.41972132,0.00000000,0.00000000,94.69756566,107.32720193,101.68074366,1745.79450000,27275.48630412,9891.18697000
1,272,0.286000,0.692000,45.75489632,60.97373548,0.00000000,284.42061610,0.00000000,0.00000000,94.69756566,106.72863180,101.68074366,1745.79450000,27624.64520396,7912.94957600
1,273,0.441000,0.686000,70.55213034,2.39124307,0.00000000,340.00835980,0.00000000,0.00000000,63.67817400,72.94337341,68.65710075,1244.73168631,27472.74129011,7912.94957600
1,274,0.551000,0.618000,0.00000000,89.89674172,88.15016739,218.56237574,0.00000000,0.00000000,78.66539600,89.89674172,84.63531998,1492.48099468,27219.42778458,9891.18697000
1,275,0.612000,0.547000,89.29817185,0.00000000,8.61090699,273.02125768,0.00000000,0.00000000,78.66539600,89.29817185,84.63532017,1492.48104146,27315.27322587,7912.94957600
1,276,0.629000,0.490000,94.22537463,0.00000000,6.40340084,244.57114491,0.00000000,0.00000000,83.19733326,94.22537463,89.45368172,1564.08711390,27482.72473960,7912.94957600
1,277,0.604000,0.457000,96.62922160,10.09941020,0.00000000,218.00061678,0.00000000,0.00000000,94.69756566,106.72863180,101.68074366,1745.79450000,27831.88363944,7912.94957600
1,278,0.530000,0.444000,84.79054213,22.53665979,0.00000000,199.07474498,0.00000000,0.00000000,94.69756566,107.32720193,101.68074366,1745.79450000,27831.88363923,9891.18697000
1,279,0.409000,0.460000,65.43270138,41.89450054,0.00000000,187.70290080,0.00000000,0.00000000,94.69756566,107.32720193,101.68074366,1745.79450000,27831.88363903,9891.18697000
1,280,0.221000,0.504000,35.35605625,54.54068547,0.00000000,197.01820643,0.00000000,0.00000000,78.66539600,89.89674172,84.63531998,1492.48099468,27578.57013350,9891.18697000
1,281,0.076000,0.574000,12.15864378,95.16855815,0.00000000,191.32906874,0.00000000,0.00000000,94.69756566,107.32720193,101.68074366,1745.79450000,27578.57013330,9891.18697000
1,282,0.000000,0.622000,0.00000000,107.32720193,0.00000000,203.12841467,0.00000000,0.00000000,94.69756566,107.32720193,101.68074366,1745.79450000,27578.57013309,9891.18697000
1,283,0.000000,0.698000,0.00000000,107.32720193,0.00000000,241.06189837,0.00000000,0.00000000,94.69756566,107.32720193,101.68074366,1745.79450000,27578.57013289,9891.18697000
1,284,0.000000,0.772000,0.00000000,107.32720193,0.00000000,277.99713250,0.00000000,0.00000000,94.69756566,107.32720193,101.68074366,1745.79450000,27578.57013268,9891.18697000
1,285,0.000000,0.791000,0.00000000,107.32720193,0.00000000,287.48050342,0.00000000,0.00000000,94.69756566,107.32720193,101.68074366,1745.79450000,27578.57013248,9891.18697000
1,286,0.000000,0.760000,0.00000000,106.89294148,0.00000000,272.44189551,0.00000000,0.00000000,94.69756566,106.89294148,101.68074366,1745.79450000,27831.88363985,8455.98296105
1,287,0.000000,0.699000,0.00000000,107.32720193,0.00000000,241.56102315,0.00000000,0.00000000,94.69756566,107.32720193,101.68074366,1745.79450000,27831.88363964,9891.18697000
1,288,0.000000,0.625000,0.00000000,107.32720193,0.00000000,204.62578903,0.00000000,0.00000000,94.69756566,107.32720193,101.68074366,1745.79450000,27831.88363944,9891.18697000
1,289,0.000000,0.588000,0.00000000,107.32720193,0.00000000,186.15817196,0.00000000,0.00000000,94.69756566,107.32720193,101.68074366,1745.79450000,27831.88363923,9891.18697000
1,290,0.000000,0.558000,0.00000000,107.32720193,0.00000000,171.18442840,0.00000000,0.00000000,94.69756566,107.32720193,101.68074366,1745.79450000,27831.88363903,9891.18697000
1,291,0.000000,0.497000,0.00000000,107.32720193,0.00000000,140.73781648,0.00000000,0.00000000,94.69756566,107.32720193,101.68074366,1745.79450000,27831.88363882,9891.18697000
1,292,0.000000,0.465000,0.00000000,73.17589054,0.00000000,158.91713473,0.00000000,0.00000000,63.67817400,73.17589054,68.65710075,1244.73168631,27544.34745611,8681.40435709
1,293,0.000000,0.461000,0.00000000,89.89674172,0.00000000,140.19978441,0.00000000,0.00000000,78.66539600,89.89674172,84.63531998,1492.48099468,27291.03395058,9891.18697000
1,294,0.000000,0.457000,0.00000000,89.29817159,0.00000000,138.80185539,0.00000000,0.00000000,78.66539600,89.29817159,84.63531998,1492.48099468,27386.87934509,7912.94957600
1,295,0.106000,0.507000,16.95810843,89.77052337,0.00000000,163.28574289,0.00000000,0.00000000,94.69756566,106.72863180,101.68074366,1745.79450000,27736.03824493,7912.94957600
1,296,0.291000,0.733000,46.55480710,42.74336450,0.00000000,323.11510329,0.00000000,0.00000000,78.66539600,89.29817159,84.63531998,1492.48099468,27831.88363944,7912.94957600
1,297,0.447000,0.700000,71.51202327,18.38471845,0.00000000,331.00263142,0.00000000,0.00000000,78.66539600,89.89674172,84.63531998,1492.48099468,27578.57013391,9891.18697000
1,298,0.556000,0.613000,88.95007816,18.30576108,0.00000000,287.65773245,0.00000000,0.00000000,94.69756566,107.25583924,101.68074366,1745.79450000,27620.19753202,9655.33768777
1,299,0.618000,0.530000,98.86897177,8.45823016,0.00000000,256.07790617,0.00000000,0.00000000,94.69756566,107.32720193,101.68074366,1745.79450000,27620.19753181,9891.18697000
1,300,0.634000,0.476000,101.42868625,5.89851568,0.00000000,231.68488223,0.00000000,0.00000000,94.69756566,107.32720193,101.68074366,1745.79450000,27620.19753161,9891.18697000
1,301,0.608000,0.454000,97.26915022,0.00000000,0.00000000,226.60265263,0.00000000,0.00000000,85.99693389,97.26915022,92.43022072,1608.32170800,27831.88363944,7912.94957600
1,302,0.538000,0.466000,57.67001469,0.00000000,28.40038468,232.59215005,0.00000000,0.00000000,49.73928100,57.67001469,53.75120360,1002.98064984,27438.22868911,7912.94957600
1,303,0.421000,0.515000,67.35248724,22.54425448,0.00000000,234.50501007,0.00000000,0.00000000,78.66539600,89.89674172,84.63531998,1492.48099468,27184.91518358,9891.18697000
1,304,0.267000,0.593000,42.71523538,64.61196655,0.00000000,231.36903126,0.00000000,0.00000000,94.69756566,107.32720193,101.68074366,1745.79450000,27184.91518338,9891.18697000
1,305,0.088000,0.673000,14.07842964,92.65020216,0.00000000,243.26077849,0.00000000,0.00000000,94.69756566,106.72863180,101.68074366,1745.79450000,27534.07408321,7912.94957600
1,306,0.000000,0.697000,0.00000000,107.32720193,0.00000000,240.56277358,0.00000000,0.00000000,94.69756566,107.32720193,101.68074366,1745.79450000,27534.07408301,9891.18697000
1,307,0.000000,0.705000,0.00000000,107.32720193,0.00000000,244.55577187,0.00000000,0.00000000,94.69756566,107.32720193,101.68074366,1745.79450000,27534.07408280,9891.18697000
1,308,0.000000,0.697000,0.00000000,107.32720193,0.00000000,240.56277358,0.00000000,0.00000000,94.69756566,107.32720193,101.68074366,1745.79450000,27534.07408260,9891.18697000
1,309,0.000000,0.690000,0.00000000,107.32720193,0.00000000,237.06890008,0.00000000,0.00000000,94.69756566,107.32720193,101.68074366,1745.79450000,27534.07408239,9891.18697000
1,310,0.000000,0.592000,0.00000000,107.32720193,0.00000000,188.15467110,0.00000000,0.00000000,94.69756566,107.32720193,101.68074366,1745.79450000,27534.07408219,9891.18697000
1,311,0.000000,0.508000,0.00000000,72.94337341,0.00000000,180.61201764,0.00000000,0.00000000,63.67817400,72.94337341,68.65710075,1244.73168631,27382.17016834,7912.94957600
1,312,0.000000,0.445000,0.00000000,106.72863180,0.00000000,115.38189776,0.00000000,0.00000000,94.69756566,106.72863180,101.68074366,1745.79450000,27731.32906817,7912.94957600
1,313,0.000000,0.386000,0.00000000,107.32720193,0.00000000,85.33496529,0.00000000,0.00000000,94.69756566,107.32720193,101.68074366,1745.79450000,27731.32906797,9891.18697000
1,314,0.000000,0.347000,0.00000000,73.54194353,0.00000000,99.65435704,0.00000000,0.00000000,63.67817400,73.54194353,68.65710075,1244.73168631,27230.26625407,9891.18697000
1,315,0.000000,0.320000,0.00000000,107.32720193,0.00000000,52.39272944,0.00000000,0.00000000,94.69756566,107.32720193,101.68074366,1745.79450000,27230.26625387,9891.18697000
1,316,0.000000,0.289000,0.00000000,107.32720193,0.00000000,36.91986109,0.00000000,0.00000000,94.69756566,107.32720193,101.68074366,1745.79450000,27230.26625366,9891.18697000
1,317,0.000000,0.274000,0.00000000,106.72863180,0.00000000,30.03155943,0.00000000,0.00000000,94.69756566,106.72863180,101.68074366,1745.79450000,27579.42515350,7912.94957600
1,318,0.000000,0.245000,0.00000000,107.32720193,0.00000000,14.95837053,0.00000000,0.00000000,94.69756566,107.32720193,101.68074366,1745.79450000,27579.42515329,9891.18697000
1,319,0.104000,0.289000,16.63814412,90.25626315,0.00000000,53.99079987,0.00000000,0.00000000,94.69756566,106.89440726,101.68074366,1745.79450000,27831.88363944,8460.82727396
1,320,0.283000,0.479000,45.27494986,44.62179186,0.00000000,194.45898040,0.00000000,0.00000000,78.66539600,89.89674172,84.63531998,1492.48099468,27578.57013391,9891.18697000
1,321,0.432000,0.471000,69.11229095,38.21491098,0.00000000,196.87286300,0.00000000,0.00000000,94.69756566,107.32720193,101.68074366,1745.79450000,27578.57013371,9891.18697000
1,322,0.538000,0.422000,86.07039937,21.25680255,0.00000000,189.37385694,0.00000000,0.00000000,94.69756566,107.32720193,101.68074366,1745.79450000,27578.57013350,9891.18697000
1,323,0.582000,0.385000,93.10961419,14.21758774,0.00000000,177.94545469,0.00000000,0.00000000,94.69756566,107.32720193,101.68074366,1745.79450000,27578.57013330,9891.18697000
1,324,0.588000,0.395000,94.06950712,13.25769481,0.00000000,183.89659548,0.00000000,0.00000000,94.69756566,107.32720193,101.68074366,1745.79450000,27578.57013309,9891.18697000
1,325,0.525000,0.448000,83.99063136,23.33657057,0.00000000,200.27133335,0.00000000,0.00000000,94.69756566,107.32720193,101.68074366,1745.79450000,27578.57013289,9891.18697000
1,326,0.418000,0.538000,66.87254078,40.45466115,0.00000000,228.07447346,0.00000000,0.00000000,94.69756566,107.32720193,101.68074366,1745.79450000,27578.57013268,9891.18697000
1,327,0.317000,0.633000,50.71434312,56.61285880,0.00000000,259.33313043,0.00000000,0.00000000,94.69756566,107.32720193,101.68074366,1745.79450000,27578.57013248,9891.18697000
1,328,0.193000,0.707000,30.87655591,76.35454376,0.00000000,276.52667960,0.00000000,0.00000000,94.69756566,107.23109967,101.68074366,1745.79450000,27634.62865551,9573.57494033
1,329,0.064000,0.752000,2.99285063,0.00000000,7.24600729,375.34183871,0.00000000,0.00000000,0.00000000,2.99285063,0.00000000,0.00000000,25888.83415530,9891.18697000
1,330,0.000000,0.744000,0.00000000,107.32720193,0.00000000,264.02163850,0.00000000,0.00000000,94.69756566,107.32720193,101.68074366,1745.79450000,25888.83415510,9891.18697000
1,331,0.000000,0.722000,0.00000000,106.72863180,0.00000000,253.63946335,0.00000000,0.00000000,94.69756566,106.72863180,101.68074366,1745.79450000,26237.99305493,7912.94957600
1,332,0.000000,0.728000,0.00000000,106.72863180,0.00000000,256.63421206,0.00000000,0.00000000,94.69756566,106.72863180,101.68074366,1745.79450000,26587.15195477,7912.94957600
1,333,0.000000,0.704000,0.00000000,107.32720193,0.00000000,244.05664708,0.00000000,0.00000000,94.69756566,107.32720193,101.68074366,1745.79450000,26587.15195456,9891.18697000
1,334,0.000000,0.606000,0.00000000,73.54194353,0.00000000,228.92767649,0.00000000,0.00000000,63.67817400,73.54194353,68.65710075,1244.73168631,26086.08914067,9891.18697000
1,335,0.000000,0.448000,0.00000000,106.72863180,0.00000000,116.87927211,0.00000000,0.00000000,94.69756566,106.72863180,101.68074366,1745.79450000,26435.24804051,7912.94957600
1,336,0.000000,0.346000,0.00000000,106.72863180,0.00000000,65.96854399,0.00000000,0.00000000,94.69756566,106.72863180,101.68074366,1745.79450000,26784.40694034,7912.94957600
1,337,0.000000,0.294000,0.00000000,107.32720193,0.00000000,39.41548502,0.00000000,0.00000000,94.69756566,107.32720193,101.68074366,1745.79450000,26784.40694014,9891.18697000
1,338,0.000000,0.258000,0.00000000,107.32720193,0.00000000,21.44699274,0.00000000,0.00000000,94.69756566,107.32720193,101.68074366,1745.79450000,26784.40693993,9891.18697000
1,339,0.000000,0.238000,0.00000000,106.72863180,0.00000000,12.06306715,0.00000000,0.00000000,94.69756566,106.72863180,101.68074366,1745.79450000,27133.56583977,7912.94957600
1,340,0.000000,0.230000,0.00000000,106.72863180,0.00000000,8.07006887,0.00000000,0.00000000,94.69756566,106.72863180,101.68074366,1745.79450000,27482.72473960,7912.94957600
1,341,0.000000,0.242000,0.00000000,106.72863180,0.00000000,14.05956630,0.00000000,0.00000000,94.69756566,106.72863180,101.68074366,1745.79450000,27831.88363944,7912.94957600
1,342,0.000000,0.266000,0.00000000,107.32720193,0.00000000,25.43999102,0.00000000,0.00000000,94.69756566,107.32720193,101.68074366,1745.79450000,27831.88363923,9891.18697000
1,343,0.096000,0.282000,15.35828688,91.96891505,0.00000000,48.78427447,0.00000000,0.00000000,94.69756566,107.32720193,101.68074366,1745.79450000,27831.88363903,9891.18697000
1,344,0.263000,0.476000,30.42729265,0.00000000,11.64801411,237.58339791,0.00000000,0.00000000,25.00174700,30.42729265,27.15938231,539.40882693,26943.31591596,8090.51869686
1,345,0.425000,0.470000,67.99241586,39.33478607,0.00000000,195.25386313,0.00000000,0.00000000,94.69756566,107.32720193,101.68074366,1745.79450000,26943.31591575,9891.18697000
1,346,0.539000,0.413000,86.23038153,21.09682040,0.00000000,185.04171602,0.00000000,0.00000000,94.69756566,107.32720193,101.68074366,1745.79450000,26943.31591555,9891.18697000
1,347,0.602000,0.362000,96.30925729,11.01794464,0.00000000,169.66522772,0.00000000,0.00000000,94.69756566,107.32720193,101.68074366,1745.79450000,26943.31591534,9891.18697000
1,348,0.621000,0.336000,99.34891823,7.97828369,0.00000000,159.72764424,0.00000000,0.00000000,94.69756566,107.32720193,101.68074366,1745.79450000,26943.31591514,9891.18697000
1,349,0.598000,0.335000,95.66932867,11.05930313,0.00000000,156.14750002,0.00000000,0.00000000,94.69756566,106.72863180,101.68074366,1745.79450000,27292.47481497,7912.94957600
1,350,0.531000,0.351000,30.97213435,0.00000000,53.97838994,175.19279972,0.00000000,0.00000000,25.00174700,30.97213435,27.15938231,539.40882693,26086.08914169,9891.18697000
1,351,0.422000,0.395000,67.51246940,39.21616241,0.00000000,157.93812788,0.00000000,0.00000000,94.69756566,106.72863180,101.68074366,1745.79450000,26435.24804153,7912.94957600
1,352,0.253000,0.457000,40.47548521,66.85171672,0.00000000,161.24831026,0.00000000,0.00000000,94.69756566,107.32720193,101.68074366,1745.79450000,26435.24804133,9891.18697000
1,353,0.083000,0.529000,13.27851886,94.04868306,0.00000000,169.98832848,0.00000000,0.00000000,94.69756566,107.32720193,101.68074366,1745.79450000,26435.24804112,9891.18697000
1,354,0.000000,0.599000,0.00000000,106.72863180,0.00000000,192.24711473,0.00000000,0.00000000,94.69756566,106.72863180,101.68074366,1745.79450000,26784.40694096,7912.94957600
1,355,0.000000,0.647000,0.00000000,107.32720193,0.00000000,215.60653431,0.00000000,0.00000000,94.69756566,107.32720193,101.68074366,1745.79450000,26784.40694075,9891.18697000
1,356,0.000000,0.652000,0.00000000,106.72863180,0.00000000,218.70072836,0.00000000,0.00000000,94.69756566,106.72863180,101.68074366,1745.79450000,27133.56584059,7912.94957600
1,357,0.000000,0.658000,0.00000000,106.72863180,0.00000000,221.69547707,0.00000000,0.00000000,94.69756566,106.72863180,101.68074366,1745.79450000,27482.72474042,7912.94957600
1,358,0.000000,0.642000,0.00000000,107.32720193,0.00000000,213.11091038,0.00000000,0.00000000,94.69756566,107.32720193,101.68074366,1745.79450000,27482.72474022,9891.18697000
1,359,0.000000,0.592000,0.00000000,107.32720193,0.00000000,188.15467110,0.00000000,0.00000000,94.69756566,107.32720193,101.68074366,1745.79450000,27482.72474001,9891.18697000
1,360,0.000000,0.556000,0.00000000,106.72863180,0.00000000,170.78474895,0.00000000,0.00000000,94.69756566,106.72863180,101.68074366,1745.79450000,27831.88363985,7912.94957600
1,361,0.000000,0.525000,0.00000000,107.32720193,0.00000000,154.71331047,0.00000000,0.00000000,94.69756566,107.32720193,101.68074366,1745.79450000,27831.88363964,9891.18697000
1,362,0.000000,0.510000,0.00000000,107.32720193,0.00000000,147.22643869,0.00000000,0.00000000,94.69756566,107.32720193,101.68074366,1745.79450000,27831.88363944,9891.18697000
1,363,0.000000,0.502000,0.00000000,73.44584129,0.00000000,177.11480105,0.00000000,0.00000000,63.67817400,73.44584129,68.65710075,1244.73168631,27386.87934530,9573.57496008
1,364,0.000000,0.499000,0.00000000,106.72863180,0.00000000,142.33463617,0.00000000,0.00000000,94.69756566,106.72863180,101.68074366,1745.79450000,27736.03824513,7912.94957600
1,365,0.000000,0.494000,0.00000000,107.32720193,0.00000000,139.24044212,0.00000000,0.00000000,94.69756566,107.32720193,101.68074366,1745.79450000,27736.03824493,9891.18697000
1,366,0.000000,0.479000,0.00000000,89.29817159,0.00000000,149.78260067,0.00000000,0.00000000,78.66539600,89.29817159,84.63531998,1492.48099468,27831.88363944,7912.94957600
1,367,0.105000,0.528000,16.79812627,27.27908342,0.00000000,236.25880334,0.00000000,0.00000000,36.84682300,44.07720969,39.91750131,767.66957627,26853.75871550,9891.18697000
1,368,0.291000,0.724000,46.55480710,60.17382471,0.00000000,301.19252001,0.00000000,0.00000000,94.69756566,106.72863180,101.68074366,1745.79450000,27202.91761534,7912.94957600
1,369,0.447000,0.675000,71.51202327,35.81517866,0.00000000,301.09405157,0.00000000,0.00000000,94.69756566,107.32720193,101.68074366,1745.79450000,27202.91761513,9891.18697000
1,370,0.555000,0.580000,88.79009601,0.79127642,0.00000000,288.70109919,0.00000000,0.00000000,78.66539600,89.58137242,84.63531998,1492.48099468,27133.56583977,8848.91087843
1,371,0.617000,0.516000,98.70898961,8.01964219,0.00000000,249.52874714,0.00000000,0.00000000,94.69756566,106.72863180,101.68074366,1745.79450000,27482.72473960,7912.94957600
1,372,0.633000,0.494000,101.26870409,5.45992771,0.00000000,241.10771634,0.00000000,0.00000000,94.69756566,106.72863180,101.68074366,1745.79450000,27831.88363944,7912.94957600
1,373,0.604000,0.491000,89.89674172,0.00000000,6.73247988,245.07026969,0.00000000,0.00000000,78.66539600,89.89674172,84.63531998,1492.48099468,27578.57013391,9891.18697000
1,374,0.534000,0.501000,85.43047075,21.89673117,0.00000000,228.16478637,0.00000000,0.00000000,94.69756566,107.32720193,101.68074366,1745.79450000,27578.57013371,9891.18697000
1,375,0.419000,0.540000,2.39428050,0.00000000,64.63824243,269.52738418,0.00000000,0.00000000,0.00000000,2.39428050,0.00000000,0.00000000,26181.93453354,7912.94957600
1,376,0.263000,0.607000,42.07530676,65.25189517,0.00000000,237.71684964,0.00000000,0.00000000,94.69756566,107.32720193,101.68074366,1745.79450000,26181.93453334,9891.18697000
1,377,0.084000,0.686000,13.43850102,93.29013078,0.00000000,249.10947208,0.00000000,0.00000000,94.69756566,106.72863180,101.68074366,1745.79450000,26531.09343317,7912.94957600
1,378,0.000000,0.738000,0.00000000,44.07720969,0.00000000,324.27688203,0.00000000,0.00000000,36.84682300,44.07720969,39.91750131,767.66957627,25552.96850924,9891.18697000
1,379,0.000000,0.789000,0.00000000,106.72863180,0.00000000,287.08082398,0.00000000,0.00000000,94.69756566,106.72863180,101.68074366,1745.79450000,25902.12740907,7912.94957600
1,380,0.000000,0.808000,0.00000000,106.72863180,0.00000000,296.56419490,0.00000000,0.00000000,94.69756566,106.72863180,101.68074366,1745.79450000,26251.28630891,7912.94957600
1,381,0.000000,0.791000,0.00000000,106.72863180,0.00000000,288.07907355,0.00000000,0.00000000,94.69756566,106.72863180,101.68074366,1745.79450000,26600.44520874,7912.94957600
1,382,0.000000,0.750000,0.00000000,106.72863180,0.00000000,267.61495734,0.00000000,0.00000000,94.69756566,106.72863180,101.68074366,1745.79450000,26949.60410858,7912.94957600
1,383,0.000000,0.718000,0.00000000,106.72863180,0.00000000,251.64296420,0.00000000,0.00000000,94.69756566,106.72863180,101.68074366,1745.79450000,27298.76300842,7912.94957600
1,384,0.000000,0.674000,0.00000000,107.01183263,0.00000000,229.39827281,0.00000000,0.00000000,94.69756566,107.01183263,101.68074366,1745.79450000,27482.72474001,8848.91086914
1,385,0.000000,0.624000,0.00000000,107.32720193,0.00000000,204.12666424,0.00000000,0.00000000,94.69756566,107.32720193,101.68074366,1745.79450000,27482.72473981,9891.18697000
1,386,0.000000,0.544000,0.00000000,106.72863180,0.00000000,164.79525152,0.00000000,0.00000000,94.69756566,106.72863180,101.68074366,1745.79450000,27831.88363964,7912.94957600
1,387,0.000000,0.479000,0.00000000,107.32720193,0.00000000,131.75357034,0.00000000,0.00000000,94.69756566,107.32720193,101.68074366,1745.79450000,27831.88363944,9891.18697000
1,388,0.000000,0.404000,0.00000000,107.32720193,0.00000000,94.31921143,0.00000000,0.00000000,94.69756566,107.32720193,101.68074366,1745.79450000,27831.88363944,9891.18696884
1,389,0.000000,0.344000,0.00000000,107.32720193,0.00000000,64.37172429,0.00000000,0.00000000,94.69756566,107.32720193,101.68074366,1745.79450000,27831.88363923,9891.18697000
1,390,0.000000,0.294000,0.00000000,89.46248128,0.00000000,57.28020567,0.00000000,0.00000000,78.66539600,89.46248128,84.63531998,1492.48099468,27831.88363944,8455.98297150
1,391,0.106000,0.322000,16.95810843,26.52053113,0.00000000,134.19764980,0.00000000,0.00000000,36.84682300,43.47863956,39.91750131,767.66957627,27202.91761554,7912.94957600
1,392,0.288000,0.546000,46.07486063,60.65377117,0.00000000,211.86836172,0.00000000,0.00000000,94.69756566,106.72863180,101.68074366,1745.79450000,27552.07651538,7912.94957600
1,393,0.437000,0.614000,58.26858481,0.00000000,11.64361691,306.46261831,0.00000000,0.00000000,49.73928100,58.26858481,53.75120360,1002.98064984,26809.26266501,9891.18697000
1,394,0.538000,0.586000,86.07039937,20.70084310,0.00000000,271.78628122,0.00000000,0.00000000,94.69756566,106.77124247,101.68074366,1745.79450000,27133.56583977,8053.77521384
1,395,0.595000,0.539000,95.18938220,11.53924960,0.00000000,257.48900980,0.00000000,0.00000000,94.69756566,106.72863180,101.68074366,1745.79450000,27482.72473960,7912.94957600
1,396,0.630000,0.490000,100.78875763,5.93987417,0.00000000,238.63127073,0.00000000,0.00000000,94.69756566,106.72863180,101.68074366,1745.79450000,27831.88363944,7912.94957600
1,397,0.607000,0.449000,44.07720969,0.00000000,53.03195838,224.10702870,0.00000000,0.00000000,36.84682300,44.07720969,39.91750131,767.66957627,26853.75871550,9891.18697000
1,398,0.535000,0.441000,85.59045291,21.73674902,0.00000000,198.37728140,0.00000000,0.00000000,94.69756566,107.32720193,101.68074366,1745.79450000,26853.75871530,9891.18697000
1,399,0.419000,0.469000,67.03252293,40.29467900,0.00000000,193.79484541,0.00000000,0.00000000,94.69756566,107.32720193,101.68074366,1745.79450000,26853.75871509,9891.18697000
1,400,0.264000,0.537000,42.23528891,64.49334289,0.00000000,203.53666694,0.00000000,0.00000000,94.69756566,106.72863180,101.68074366,1745.79450000,27202.91761493,7912.94957600
1,401,0.076000,0.618000,12.15864378,95.16855815,0.00000000,213.29055930,0.00000000,0.00000000,94.69756566,107.32720193,101.68074366,1745.79450000,27202.91761472,9891.18697000
1,402,0.000000,0.672000,0.00000000,106.72863180,0.00000000,228.68322407,0.00000000,0.00000000,94.69756566,106.72863180,101.68074366,1745.79450000,27552.07651456,7912.94957600
1,403,0.000000,0.684000,0.00000000,107.32720193,0.00000000,234.07415137,0.00000000,0.00000000,94.69756566,107.32720193,101.68074366,1745.79450000,27552.07651436,9891.18697000
1,404,0.000000,0.696000,0.00000000,107.32720193,0.00000000,240.06364880,0.00000000,0.00000000,94.69756566,107.32720193,101.68074366,1745.79450000,27552.07651415,9891.18697000
1,405,0.000000,0.677000,0.00000000,72.94337341,0.00000000,264.96410639,0.00000000,0.00000000,63.67817400,72.94337341,68.65710075,1244.73168631,27400.17260030,7912.94957600
1,406,0.000000,0.642000,0.00000000,106.41249188,0.00000000,214.02562042,0.00000000,0.00000000,93.85623464,106.41249188,100.78623944,1732.50119822,27386.87929831,9891.18697000
1,407,0.000000,0.558000,0.00000000,106.72863180,0.00000000,171.78299852,0.00000000,0.00000000,94.69756566,106.72863180,101.68074366,1745.79450000,27736.03819815,7912.94957600
1,408,0.000000,0.479000,0.00000000,89.29817185,0.00000000,149.78260042,0.00000000,0.00000000,78.66539600,89.29817185,84.63532017,1492.48104146,27831.88363944,7912.94957600
1,409,0.000000,0.428000,0.00000000,72.94337341,0.00000000,140.68203479,0.00000000,0.00000000,63.67817400,72.94337341,68.65710075,1244.73168631,27679.97972559,7912.94957600
1,410,0.000000,0.394000,0.00000000,107.32720193,0.00000000,89.32796357,0.00000000,0.00000000,94.69756566,107.32720193,101.68074366,1745.79450000,27679.97972538,9891.18697000
1,411,0.000000,0.367000,0.00000000,107.32720193,0.00000000,75.85159436,0.00000000,0.00000000,94.69756566,107.32720193,101.68074366,1745.79450000,27679.97972518,9891.18697000
1,412,0.000000,0.353000,0.00000000,107.32720193,0.00000000,68.86384736,0.00000000,0.00000000,94.69756566,107.32720193,101.68074366,1745.79450000,27679.97972497,9891.18697000
1,413,0.000000,0.338000,0.00000000,89.89674172,0.00000000,78.80743579,0.00000000,0.00000000,78.66539600,89.89674172,84.63531998,1492.48099468,27426.66621944,9891.18697000
1,414,0.000000,0.315000,0.00000000,89.89674172,0.00000000,67.32756572,0.00000000,0.00000000,78.66539600,89.89674172,84.63531998,1492.48099468,27173.35271391,9891.18697000
1,415,0.108000,0.310000,17.27807274,89.45055906,0.00000000,65.27812445,0.00000000,0.00000000,94.69756566,106.72863180,101.68074366,1745.79450000,27522.51161375,7912.94957600
1,416,0.294000,0.560000,47.03475356,60.29244837,0.00000000,219.21743153,0.00000000,0.00000000,94.69756566,107.32720193,101.68074366,1745.79450000,27522.51161354,9891.18697000
1,417,0.449000,0.580000,71.83198758,34.96485166,0.00000000,254.52752394,0.00000000,0.00000000,94.69756566,106.79683924,101.68074366,1745.79450000,27831.88363944,8138.37095810
1,418,0.557000,0.507000,89.11006032,18.21714161,0.00000000,234.83912465,0.00000000,0.00000000,94.69756566,107.32720193,101.68074366,1745.79450000,27831.88363923,9891.18697000
1,419,0.618000,0.420000,98.86897177,8.45823016,0.00000000,201.17417976,0.00000000,0.00000000,94.69756566,107.32720193,101.68074366,1745.79450000,27831.88363903,9891.18697000
1,420,0.635000,0.346000,58.26858481,0.00000000,43.32008359,172.69717579,0.00000000,0.00000000,49.73928100,58.26858481,53.75120360,1002.98064984,27089.06978866,9891.18697000
1,421,0.606000,0.300000,96.94918591,9.77944589,0.00000000,139.95798977,0.00000000,0.00000000,94.69756566,106.72863180,101.68074366,1745.79450000,27438.22868850,7912.94957600
1,422,0.533000,0.278000,85.27048860,21.82937325,0.00000000,116.92731713,0.00000000,0.00000000,94.69756566,107.09986184,101.68074366,1745.79450000,27570.84107607,9139.84199672
1,423,0.411000,0.295000,44.07720969,0.00000000,21.67545600,147.24181173,0.00000000,0.00000000,36.84682300,44.07720969,39.91750131,767.66957627,26592.71615214,9891.18697000
1,424,0.235000,0.375000,37.59580642,69.73139551,0.00000000,117.44039906,0.00000000,0.00000000,94.69756566,107.32720193,101.68074366,1745.79450000,26592.71615193,9891.18697000
1,425,0.073000,0.527000,11.67869731,95.64850461,0.00000000,167.39025736,0.00000000,0.00000000,94.69756566,107.32720193,101.68074366,1745.79450000,26592.71615173,9891.18697000
1,426,0.000000,0.661000,0.00000000,107.32720193,0.00000000,222.59428130,0.00000000,0.00000000,94.69756566,107.32720193,101.68074366,1745.79450000,26592.71615152,9891.18697000
1,427,0.000000,0.690000,0.00000000,107.32720193,0.00000000,237.06890008,0.00000000,0.00000000,94.69756566,107.32720193,101.68074366,1745.79450000,26592.71615132,9891.18697000
1,428,0.000000,0.669000,0.00000000,107.32720193,0.00000000,226.58727959,0.00000000,0.00000000,94.69756566,107.32720193,101.68074366,1745.79450000,26592.71615111,9891.18697000
1,429,0.000000,0.614000,0.00000000,106.72863180,0.00000000,199.73398651,0.00000000,0.00000000,94.69756566,106.72863180,101.68074366,1745.79450000,26941.87505095,7912.94957600
1,430,0.000000,0.538000,0.00000000,89.29817159,0.00000000,179.23096302,0.00000000,0.00000000,78.66539600,89.29817159,84.63531998,1492.48099468,27037.72044546,7912.94957600
1,431,0.000000,0.441000,0.00000000,106.72863180,0.00000000,113.38539861,0.00000000,0.00000000,94.69756566,106.72863180,101.68074366,1745.79450000,27386.87934530,7912.94957600
1,432,0.000000,0.344000,0.00000000,106.72863180,0.00000000,64.97029442,0.00000000,0.00000000,94.69756566,106.72863180,101.68074366,1745.79450000,27736.03824513,7912.94957600
1,433,0.000000,0.270000,0.00000000,107.32720193,0.00000000,27.43649017,0.00000000,0.00000000,94.69756566,107.32720193,101.68074366,1745.79450000,27736.03824493,9891.18697000
1,434,0.000000,0.225000,0.00000000,89.29817159,0.00000000,23.00490515,0.00000000,0.00000000,78.66539600,89.29817159,84.63531998,1492.48099468,27831.88363944,7912.94957600
1,435,0.000000,0.201000,0.00000000,100.32408189,0.00000000,0.00000000,0.00000000,0.00000000,88.25624346,100.32408189,94.83232158,1644.01952895,27730.10866819,9891.18697000
1,436,0.000000,0.209000,0.00000000,104.31708017,0.00000000,0.00000000,0.00000000,0.00000000,91.92891912,104.31708017,98.73711508,1702.04899049,27686.36315847,9891.18697000
1,437,0.000000,0.223000,0.00000000,107.32720193,0.00000000,3.97762525,0.00000000,0.00000000,94.69756566,107.32720193,101.68074366,1745.79450000,27686.36315827,9891.18697000
1,438,0.000000,0.229000,0.00000000,89.89674172,0.00000000,24.40283417,0.00000000,0.00000000,78.66539600,89.89674172,84.63531998,1492.48099468,27433.04965274,9891.18697000
1,439,0.083000,0.264000,13.27851886,76.01965299,0.00000000,55.74929039,0.00000000,0.00000000,78.66539600,89.29817185,84.63532017,1492.48104146,27528.89509403,7912.94957600
1,440,0.237000,0.358000,37.91577073,59.04077611,0.00000000,119.64589711,0.00000000,0.00000000,85.70940789,96.95654684,92.12452270,1603.77870428,27736.03819815,7912.94957600
1,441,0.403000,0.416000,64.47280845,24.82536340,0.00000000,182.81054738,0.00000000,0.00000000,78.66539600,89.29817185,84.63532017,1492.48104146,27831.88363944,7912.94957600
1,442,0.525000,0.393000,83.99063136,23.33657057,0.00000000,172.81947014,0.00000000,0.00000000,94.69756566,107.32720193,101.68074366,1745.79450000,27831.88363923,9891.18697000
1,443,0.575000,0.330000,91.98973911,15.33746282,0.00000000,149.37371640,0.00000000,0.00000000,94.69756566,107.32720193,101.68074366,1745.79450000,27831.88363903,9891.18697000
1,444,0.613000,0.267000,98.06906099,9.25814093,0.00000000,124.00817680,0.00000000,0.00000000,94.69756566,107.32720193,101.68074366,1745.79450000,27831.88363882,9891.18697000
1,445,0.577000,0.225000,43.47863956,0.00000000,48.83106385,112.30307674,0.00000000,0.00000000,36.84682300,43.47863956,39.91750131,767.66957627,27202.91761493,7912.94957600
1,446,0.513000,0.204000,82.07084550,25.25635643,0.00000000,76.56509982,0.00000000,0.00000000,94.69756566,107.32720193,101.68074366,1745.79450000,27202.91761472,9891.18697000
1,447,0.395000,0.207000,63.19295121,43.81888142,0.00000000,59.49994918,0.00000000,0.00000000,94.69756566,107.01183263,101.68074366,1745.79450000,27386.87934530,8848.91087494
1,448,0.228000,0.241000,36.47593133,53.42081038,0.00000000,66.86826293,0.00000000,0.00000000,78.66539600,89.89674172,84.63531998,1492.48099468,27133.56583977,9891.18697000
1,449,0.084000,0.320000,13.43850102,93.29013078,0.00000000,66.42980058,0.00000000,0.00000000,94.69756566,106.72863180,101.68074366,1745.79450000,27482.72473960,7912.94957600
1,450,0.000000,0.488000,0.00000000,106.72863180,0.00000000,136.84426353,0.00000000,0.00000000,94.69756566,106.72863180,101.68074366,1745.79450000,27831.88363944,7912.94957600
1,451,0.000000,0.642000,0.00000000,107.32720193,0.00000000,213.11091038,0.00000000,0.00000000,94.69756566,107.32720193,101.68074366,1745.79450000,27831.88363923,9891.18697000
1,452,0.000000,0.732000,0.00000000,73.54194353,0.00000000,291.81739947,0.00000000,0.00000000,63.67817400,73.54194353,68.65710075,1244.73168631,27330.82082534,9891.18697000
1,453,0.000000,0.767000,0.00000000,106.72863180,0.00000000,276.10007869,0.00000000,0.00000000,94.69756566,106.72863180,101.68074366,1745.79450000,27679.97972518,7912.94957600
1,454,0.000000,0.697000,0.00000000,107.32720193,0.00000000,240.56277358,0.00000000,0.00000000,94.69756566,107.32720193,101.68074366,1745.79450000,27679.97972497,9891.18697000
1,455,0.000000,0.642000,0.00000000,107.06678999,0.00000000,213.37132232,0.00000000,0.00000000,94.69756566,107.06678999,101.68074366,1745.79450000,27831.88363944,9030.54156109
1,456,0.000000,0.597000,0.00000000,73.28153160,0.00000000,224.69596536,0.00000000,0.00000000,63.67817400,73.28153160,68.65710075,1244.73168631,27482.72473960,9030.54156457
1,457,0.000000,0.553000,0.00000000,106.72863180,0.00000000,169.28737459,0.00000000,0.00000000,94.69756566,106.72863180,101.68074366,1745.79450000,27831.88363944,7912.94957600
1,458,0.000000,0.503000,0.00000000,107.32720193,0.00000000,143.73256519,0.00000000,0.00000000,94.69756566,107.32720193,101.68074366,1745.79450000,27831.88363944,9891.18696884
1,459,0.000000,0.449000,0.00000000,89.89674172,0.00000000,134.21028698,0.00000000,0.00000000,78.66539600,89.89674172,84.63531998,1492.48099468,27578.57013391,9891.18697000
1,460,0.000000,0.375000,0.00000000,93.53841825,0.00000000,93.63337632,0.00000000,0.00000000,82.56548526,93.53841825,88.78190011,1554.10371139,27736.03824513,7912.94957600
1,461,0.000000,0.325000,0.00000000,107.32720193,0.00000000,54.88835337,0.00000000,0.00000000,94.69756566,107.32720193,101.68074366,1745.79450000,27736.03824493,9891.18697000
1,462,0.000000,0.284000,0.00000000,89.29817159,0.00000000,52.45326750,0.00000000,0.00000000,78.66539600,89.29817159,84.63531998,1492.48099468,27831.88363944,7912.94957600
1,463,0.108000,0.326000,17.27807274,26.20056683,0.00000000,136.51411326,0.00000000,0.00000000,36.84682300,43.47863956,39.91750131,767.66957627,27202.91761554,7912.94957600
1,464,0.293000,0.529000,46.87477140,59.85386040,0.00000000,204.18315115,0.00000000,0.00000000,94.69756566,106.72863180,101.68074366,1745.79450000,27552.07651538,7912.94957600
1,465,0.448000,0.516000,71.67200542,35.33982721,0.00000000,222.20856212,0.00000000,0.00000000,94.69756566,107.01183263,101.68074366,1745.79450000,27736.03824554,8848.91087727
1,466,0.556000,0.428000,88.95007816,0.94666356,0.00000000,212.67874465,0.00000000,0.00000000,78.66539600,89.89674172,84.63531998,1492.48099468,27482.72474001,9891.18697000
1,467,0.617000,0.364000,98.70898961,8.01964219,0.00000000,173.66177974,0.00000000,0.00000000,94.69756566,106.72863180,101.68074366,1745.79450000,27831.88363985,7912.94957600
1,468,0.632000,0.347000,101.10872194,6.21847999,0.00000000,166.97782059,0.00000000,0.00000000,94.69756566,107.32720193,101.68074366,1745.79450000,27831.88363964,9891.18697000
1,469,0.603000,0.395000,96.46923944,10.85796248,0.00000000,186.29632780,0.00000000,0.00000000,94.69756566,107.32720193,101.68074366,1745.79450000,27831.88363944,9891.18697000
1,470,0.531000,0.475000,84.95052429,22.37667764,0.00000000,214.70759548,0.00000000,0.00000000,94.69756566,107.32720193,101.68074366,1745.79450000,27831.88363923,9891.18697000
1,471,0.411000,0.567000,65.75266569,41.57453623,0.00000000,241.42921716,0.00000000,0.00000000,94.69756566,107.32720193,101.68074366,1745.79450000,27831.88363903,9891.18697000
1,472,0.253000,0.642000,40.47548521,49.42125677,0.00000000,271.01685554,0.00000000,0.00000000,78.66539600,89.89674197,84.63532017,1492.48104146,27578.57018028,9891.18697000
1,473,0.078000,0.694000,12.47860809,18.49352626,0.00000000,327.89907489,0.00000000,0.00000000,25.00174700,30.97213435,27.15938231,539.40882693,26372.18450700,9891.18697000
1,474,0.000000,0.700000,0.00000000,89.29817185,0.00000000,260.08917802,0.00000000,0.00000000,78.66539600,89.29817185,84.63532017,1492.48104146,26468.02994829,7912.94957600
1,475,0.000000,0.738000,0.00000000,89.89674172,0.00000000,278.45735000,0.00000000,0.00000000,78.66539600,89.89674172,84.63531998,1492.48099468,26214.71644276,9891.18697000
1,476,0.000000,0.756000,0.00000000,106.72863180,0.00000000,270.60970605,0.00000000,0.00000000,94.69756566,106.72863180,101.68074366,1745.79450000,26563.87534260,7912.94957600
1,477,0.000000,0.739000,0.00000000,89.29817185,0.00000000,279.55504465,0.00000000,0.00000000,78.66539600,89.29817185,84.63532017,1492.48104146,26659.72078389,7912.94957600
1,478,0.000000,0.736000,0.00000000,106.72863180,0.00000000,260.62721034,0.00000000,0.00000000,94.69756566,106.72863180,101.68074366,1745.79450000,27008.87968373,7912.94957600
1,479,0.000000,0.700000,0.00000000,89.29817185,0.00000000,260.08917802,0.00000000,0.00000000,78.66539600,89.29817185,84.63532017,1492.48104146,27104.72512502,7912.94957600
1,480,0.000000,0.663000,0.00000000,107.32720193,0.00000000,223.59253088,0.00000000,0.00000000,94.69756566,107.32720193,101.68074366,1745.79450000,27104.72512481,9891.18697000
1,481,0.000000,0.659000,0.00000000,107.32720193,0.00000000,221.59603173,0.00000000,0.00000000,94.69756566,107.32720193,101.68074366,1745.79450000,27104.72512461,9891.18697000
1,482,0.000000,0.678000,0.00000000,107.32720193,0.00000000,231.07940266,0.00000000,0.00000000,94.69756566,107.32720193,101.68074366,1745.79450000,27104.72512440,9891.18697000
1,483,0.000000,0.656000,0.00000000,72.94337341,0.00000000,254.48248589,0.00000000,0.00000000,63.67817400,72.94337341,68.65710075,1244.73168631,26952.82121055,7912.94957600
1,484,0.000000,0.649000,0.00000000,107.32720193,0.00000000,216.60478388,0.00000000,0.00000000,94.69756566,107.32720193,101.68074366,1745.79450000,26952.82121035,9891.18697000
1,485,0.000000,0.645000,0.00000000,89.29817159,0.00000000,232.63731507,0.00000000,0.00000000,78.66539600,89.29817159,84.63531998,1492.48099468,27048.66660486,7912.94957600
1,486,0.000000,0.642000,0.00000000,105.97542503,0.00000000,214.46268727,0.00000000,0.00000000,94.00478195,105.97542503,100.94417512,1734.84829362,27386.87929831,7912.94957600
1,487,0.094000,0.732000,15.03832257,91.69030923,0.00000000,273.66903377,0.00000000,0.00000000,94.69756566,106.72863180,101.68074366,1745.79450000,27736.03819815,7912.94957600
1,488,0.263000,0.862000,42.07530676,47.22286509,0.00000000,383.02270003,0.00000000,0.00000000,78.66539600,89.29817185,84.63532017,1492.48104146,27831.88363944,7912.94957600
1,489,0.411000,0.881000,65.75266569,28.00143831,0.00000000,411.72749773,0.00000000,0.00000000,82.21331629,93.75410400,88.40747360,1548.53932786,27634.62846709,9891.18697000
1,490,0.520000,0.856000,83.19072058,24.13648134,0.00000000,403.11433506,0.00000000,0.00000000,94.69756566,107.32720193,101.68074366,1745.79450000,27634.62846689,9891.18697000
1,491,0.582000,0.821000,73.54194456,0.00000000,19.56766963,409.78144891,0.00000000,0.00000000,63.67817400,73.54194456,68.65710149,1244.73187308,27133.56583977,9891.18697000
1,492,0.598000,0.800000,95.66932867,11.05930313,0.00000000,388.24052529,0.00000000,0.00000000,94.69756566,106.72863180,101.68074366,1745.79450000,27482.72473960,7912.94957600
1,493,0.562000,0.792000,89.90997109,16.81866071,0.00000000,378.48816942,0.00000000,0.00000000,94.69756566,106.72863180,101.68074366,1745.79450000,27831.88363944,7912.94957600
1,494,0.499000,0.799000,79.83109533,27.49610660,0.00000000,371.30459703,0.00000000,0.00000000,94.69756566,107.32720193,101.68074366,1745.79450000,27831.88363923,9891.18697000
1,495,0.381000,0.812000,0.00000000,58.26858481,60.95320104,347.02074103,0.00000000,0.00000000,49.73928100,58.26858481,53.75120360,1002.98064984,27089.06978887,9891.18697000
1,496,0.244000,0.826000,39.03564581,68.21527564,0.00000000,344.06179720,0.00000000,0.00000000,94.69756566,107.25092145,101.68074366,1745.79450000,27133.56584079,9639.08469163
1,497,0.080000,0.835000,12.79857240,94.52862953,0.00000000,322.24056638,0.00000000,0.00000000,94.69756566,107.32720193,101.68074366,1745.79450000,27133.56584059,9891.18697000
1,498,0.000000,0.819000,0.00000000,107.32720193,0.00000000,301.45599742,0.00000000,0.00000000,94.69756566,107.32720193,101.68074366,1745.79450000,27133.56584038,9891.18697000
1,499,0.000000,0.789000,0.00000000,107.32720193,0.00000000,286.48225385,0.00000000,0.00000000,94.69756566,107.32720193,101.68074366,1745.79450000,27133.56584018,9891.18697000
1,500,0.000000,0.750000,0.00000000,107.32720193,0.00000000,267.01638722,0.00000000,0.00000000,94.69756566,107.32720193,101.68074366,1745.79450000,27133.56583997,9891.18697000
1,501,0.000000,0.714000,0.00000000,106.72863180,0.00000000,249.64646506,0.00000000,0.00000000,94.69756566,106.72863180,101.68074366,1745.79450000,27482.72473981,7912.94957600
1,502,0.000000,0.695000,0.00000000,107.32720193,0.00000000,239.56452401,0.00000000,0.00000000,94.69756566,107.32720193,101.68074366,1745.79450000,27482.72473960,9891.18697000
1,503,0.000000,0.668000,0.00000000,106.72863180,0.00000000,226.68672493,0.00000000,0.00000000,94.69756566,106.72863180,101.68074366,1745.79450000,27831.88363944,7912.94957600
1,504,0.000000,0.633000,0.00000000,107.32720193,0.00000000,208.61878731,0.00000000,0.00000000,94.69756566,107.32720193,101.68074366,1745.79450000,27831.88363923,9891.18697000
1,505,0.000000,0.595000,0.00000000,107.32720193,0.00000000,189.65204546,0.00000000,0.00000000,94.69756566,107.32720193,101.68074366,1745.79450000,27831.88363903,9891.18697000
1,506,0.000000,0.523000,0.00000000,73.28153160,0.00000000,187.76073123,0.00000000,0.00000000,63.67817400,73.28153160,68.65710075,1244.73168631,27482.72473960,9030.54156225
1,507,0.000000,0.447000,0.00000000,106.72863180,0.00000000,116.38014733,0.00000000,0.00000000,94.69756566,106.72863180,101.68074366,1745.79450000,27831.88363944,7912.94957600
1,508,0.000000,0.353000,0.00000000,73.44584129,0.00000000,102.74520800,0.00000000,0.00000000,63.67817400,73.44584129,68.65710075,1244.73168631,27386.87934571,9573.57495776
1,509,0.000000,0.315000,0.00000000,107.32720193,0.00000000,49.89710551,0.00000000,0.00000000,94.69756566,107.32720193,101.68074366,1745.79450000,27386.87934550,9891.18697000
1,510,0.000000,0.289000,0.00000000,89.89674172,0.00000000,54.35032130,0.00000000,0.00000000,78.66539600,89.89674172,84.63531998,1492.48099468,27133.56583997,9891.18697000
1,511,0.106000,0.396000,16.95810843,89.77052337,0.00000000,107.88289169,0.00000000,0.00000000,94.69756566,106.72863180,101.68074366,1745.79450000,27482.72473981,7912.94957600
1,512,0.287000,0.645000,45.91487848,60.81375333,0.00000000,261.12173334,0.00000000,0.00000000,94.69756566,106.72863180,101.68074366,1745.79450000,27831.88363964,7912.94957600
1,513,0.439000,0.630000,70.23216603,37.09503590,0.00000000,277.35357898,0.00000000,0.00000000,94.69756566,107.32720193,101.68074366,1745.79450000,27831.88363944,9891.18697000
1,514,0.548000,0.503000,87.67022092,19.65698100,0.00000000,231.40278611,0.00000000,0.00000000,94.69756566,107.32720193,101.68074366,1745.79450000,27831.88363944,9891.18696884
1,515,0.610000,0.374000,2.39428050,0.00000000,95.19483403,186.67266979,0.00000000,0.00000000,0.00000000,2.39428050,0.00000000,0.00000000,26435.24803928,7912.94957600
1,516,0.628000,0.284000,100.46879332,6.25983848,0.00000000,135.49160061,0.00000000,0.00000000,94.69756566,106.72863180,101.68074366,1745.79450000,26784.40693911,7912.94957600
1,517,0.601000,0.248000,96.14927513,10.57935667,0.00000000,113.20359014,0.00000000,0.00000000,94.69756566,106.72863180,101.68074366,1745.79450000,27133.56583895,7912.94957600
1,518,0.530000,0.253000,84.79054213,22.53665979,0.00000000,103.74191094,0.00000000,0.00000000,94.69756566,107.32720193,101.68074366,1745.79450000,27133.56583874,9891.18697000
1,519,0.416000,0.311000,66.55257647,40.17605533,0.00000000,115.05175296,0.00000000,0.00000000,94.69756566,106.72863180,101.68074366,1745.79450000,27482.72473858,7912.94957600
1,520,0.260000,0.417000,41.59536029,1.88327927,0.00000000,206.25175629,0.00000000,0.00000000,36.84682300,43.47863956,39.91750131,767.66957627,26853.75871468,7912.94957600
1,521,0.073000,0.540000,11.67869731,95.04993449,0.00000000,174.47744969,0.00000000,0.00000000,94.69756566,106.72863180,101.68074366,1745.79450000,27202.91761452,7912.94957600
1,522,0.000000,0.602000,0.00000000,106.72863180,0.00000000,193.74448908,0.00000000,0.00000000,94.69756566,106.72863180,101.68074366,1745.79450000,27552.07651436,7912.94957600
1,523,0.000000,0.664000,0.00000000,101.95654689,0.00000000,229.46231069,0.00000000,0.00000000,90.30830255,101.95654689,97.01407345,1676.44272525,27831.88363944,7912.94957600
1,524,0.000000,0.752000,0.00000000,73.54194353,0.00000000,301.79989518,0.00000000,0.00000000,63.67817400,73.54194353,68.65710075,1244.73168631,27330.82082555,9891.18697000
1,525,0.000000,0.817000,0.00000000,89.29817159,0.00000000,318.48677818,0.00000000,0.00000000,78.66539600,89.29817159,84.63531998,1492.48099468,27426.66622006,7912.94957600
1,526,0.000000,0.804000,0.00000000,106.72863180,0.00000000,294.56769576,0.00000000,0.00000000,94.69756566,106.72863180,101.68074366,1745.79450000,27775.82511989,7912.94957600
1,527,0.000000,0.753000,0.00000000,73.54082441,0.00000000,302.30013909,0.00000000,0.00000000,63.67817400,73.54082441,68.65710075,1244.73168631,27275.41511433,9887.48833923
1,528,0.000000,0.686000,0.00000000,106.72863180,0.00000000,235.67097107,0.00000000,0.00000000,94.69756566,106.72863180,101.68074366,1745.79450000,27624.57401417,7912.94957600
1,529,0.000000,0.618000,0.00000000,107.32720193,0.00000000,201.13191553,0.00000000,0.00000000,94.69756566,107.32720193,101.68074366,1745.79450000,27624.57401396,9891.18697000
1,530,0.000000,0.552000,0.00000000,73.54194353,0.00000000,201.97493807,0.00000000,0.00000000,63.67817400,73.54194353,68.65710075,1244.73168631,27123.51120007,9891.18697000
1,531,0.000000,0.511000,0.00000000,106.72863180,0.00000000,148.32413360,0.00000000,0.00000000,94.69756566,106.72863180,101.68074366,1745.79450000,27472.67009990,7912.94957600
1,532,0.000000,0.449000,0.00000000,106.72863180,0.00000000,117.37839690,0.00000000,0.00000000,94.69756566,106.72863180,101.68074366,1745.79450000,27821.82899974,7912.94957600
1,533,0.000000,0.383000,0.00000000,107.32720193,0.00000000,83.83759093,0.00000000,0.00000000,94.69756566,107.32720193,101.68074366,1745.79450000,27821.82899954,9891.18697000
1,534,0.000000,0.313000,0.00000000,107.32720193,0.00000000,48.89885594,0.00000000,0.00000000,94.69756566,107.32720193,101.68074366,1745.79450000,27821.82899933,9891.18697000
1,535,0.069000,0.294000,11.03876869,78.85797328,0.00000000,67.88471366,0.00000000,0.00000000,78.66539600,89.89674197,84.63532017,1492.48104146,27568.51554058,9891.18697000
1,536,0.177000,0.330000,28.31684143,72.50853861,0.00000000,92.20264061,0.00000000,0.00000000,89.26787912,100.82538004,95.90789392,1660.00369902,27831.88363944,7912.94957600
1,537,0.237000,0.283000,37.91577073,35.02760268,0.00000000,106.22471162,0.00000000,0.00000000,63.67817400,72.94337341,68.65710075,1244.73168631,27679.97972559,7912.94957600
1,538,0.267000,0.225000,42.71523538,64.61196655,0.00000000,47.69111019,0.00000000,0.00000000,94.69756566,107.32720193,101.68074366,1745.79450000,27679.97972538,9891.18697000
1,539,0.286000,0.193000,44.07720969,0.00000000,1.67768663,96.33108361,0.00000000,0.00000000,36.84682300,44.07720969,39.91750131,767.66957627,26701.85480145,9891.18697000
1,540,0.327000,0.190000,52.31416467,55.01303725,0.00000000,39.82067200,0.00000000,0.00000000,94.69756566,107.32720193,101.68074366,1745.79450000,26701.85480124,9891.18697000
1,541,0.335000,0.230000,53.59402191,53.13460989,0.00000000,61.66409078,0.00000000,0.00000000,94.69756566,106.72863180,101.68074366,1745.79450000,27051.01370108,7912.94957600
1,542,0.313000,0.310000,50.07441450,56.65421730,0.00000000,98.07446622,0.00000000,0.00000000,94.69756566,106.72863180,101.68074366,1745.79450000,27400.17260091,7912.94957600
1,543,0.275000,0.399000,0.00000000,44.05458004,43.99509262,155.09620939,0.00000000,0.00000000,36.84682300,44.05458004,39.91750131,767.66957627,26435.24804051,9816.39737494
1,544,0.188000,0.460000,30.07664513,77.25055679,0.00000000,152.34684455,0.00000000,0.00000000,94.69756566,107.32720193,101.68074366,1745.79450000,26435.24804030,9891.18697000
1,545,0.066000,0.461000,10.55882223,96.16980957,0.00000000,133.92671655,0.00000000,0.00000000,94.69756566,106.72863180,101.68074366,1745.79450000,26784.40694014,7912.94957600
1,546,0.000000,0.391000,0.00000000,106.72863180,0.00000000,88.42915934,0.00000000,0.00000000,94.69756566,106.72863180,101.68074366,1745.79450000,27133.56583997,7912.94957600
1,547,0.000000,0.331000,0.00000000,106.72863180,0.00000000,58.48167221,0.00000000,0.00000000,94.69756566,106.72863180,101.68074366,1745.79450000,27482.72473981,7912.94957600
1,548,0.000000,0.272000,0.00000000,107.32720193,0.00000000,28.43473974,0.00000000,0.00000000,94.69756566,107.32720193,101.68074366,1745.79450000,27482.72473960,9891.18697000
1,549,0.000000,0.230000,0.00000000,106.72863180,0.00000000,8.07006887,0.00000000,0.00000000,94.69756566,106.72863180,101.68074366,1745.79450000,27831.88363944,7912.94957600
1,550,0.000000,0.195000,0.00000000,89.46248128,0.00000000,7.86685190,0.00000000,0.00000000,78.66539600,89.46248128,84.63531998,1492.48099468,27831.88363944,8455.98297267
1,551,0.000000,0.176000,0.00000000,87.84596225,0.00000000,0.00000000,0.00000000,0.00000000,76.78610109,87.84596225,82.63176090,1461.41495294,27547.50409218,9891.18697000
1,552,0.000000,0.157000,0.00000000,78.36259133,0.00000000,0.00000000,0.00000000,0.00000000,68.64424027,78.36259133,73.95153778,1326.82437543,27477.69286744,7912.94957600
1,553,0.000000,0.139000,0.00000000,69.37834519,0.00000000,0.00000000,0.00000000,0.00000000,60.42463033,69.37834519,65.17784363,1188.30332513,27269.36059241,7912.94957600
1,554,0.000000,0.140000,0.00000000,69.87746997,0.00000000,0.00000000,0.00000000,0.00000000,60.88014546,69.87746997,65.66495996,1196.20362547,27068.92861771,7912.94957600
1,555,0.000000,0.150000,0.00000000,57.67001469,0.00000000,17.19870314,0.00000000,0.00000000,49.73928100,57.67001469,53.75120360,1002.98064984,26675.27366739,7912.94957600
1,556,0.000000,0.176000,0.00000000,73.54194353,0.00000000,14.30401872,0.00000000,0.00000000,63.67817400,73.54194353,68.65710075,1244.73168631,26174.21085349,9891.18697000
1,557,0.000000,0.209000,0.00000000,104.31708017,0.00000000,0.00000000,0.00000000,0.00000000,92.47947131,104.31708017,99.32246288,1710.74789281,26488.32314614,7912.94957600
1,558,0.000000,0.230000,0.00000000,89.29817159,0.00000000,25.50052908,0.00000000,0.00000000,78.66539600,89.29817159,84.63531998,1492.48099468,26584.16854065,7912.94957600
1,559,0.102000,0.194000,16.31817981,90.41045199,0.00000000,6.41975640,0.00000000,0.00000000,94.69756566,106.72863180,101.68074366,1745.79450000,26933.32744049,7912.94957600
1,560,0.283000,0.312000,45.27494986,61.45368195,0.00000000,94.27325114,0.00000000,0.00000000,94.69756566,106.72863180,101.68074366,1745.79450000,27282.48634033,7912.94957600
1,561,0.439000,0.305000,70.23216603,36.49646577,0.00000000,115.73659381,0.00000000,0.00000000,94.69756566,106.72863180,101.68074366,1745.79450000,27631.64524016,7912.94957600
1,562,0.552000,0.271000,88.31014954,19.01705238,0.00000000,116.24576449,0.00000000,0.00000000,94.69756566,107.32720193,101.68074366,1745.79450000,27631.64523996,9891.18697000
1,563,0.615000,0.250000,98.38902530,8.93817662,0.00000000,115.84301976,0.00000000,0.00000000,94.69756566,107.32720193,101.68074366,1745.79450000,27631.64523975,9891.18697000
1,564,0.634000,0.231000,73.54194353,0.00000000,27.88674271,115.29782546,0.00000000,0.00000000,63.67817400,73.54194353,68.65710075,1244.73168631,27130.58242586,9891.18697000
1,565,0.609000,0.225000,97.42913237,9.29949943,0.00000000,103.00357732,0.00000000,0.00000000,94.69756566,106.72863180,101.68074366,1745.79450000,27479.74132569,7912.94957600
1,566,0.540000,0.236000,86.39036368,20.33826812,0.00000000,97.45518126,0.00000000,0.00000000,94.69756566,106.72863180,101.68074366,1745.79450000,27828.90022553,7912.94957600
1,567,0.424000,0.270000,0.00000000,44.07720969,67.83243371,90.68648240,0.00000000,0.00000000,36.84682300,44.07720969,39.91750131,767.66957627,26850.77530159,9891.18697000
1,568,0.259000,0.323000,41.43537814,47.86279345,0.00000000,113.35451227,0.00000000,0.00000000,78.66539600,89.29817159,84.63531998,1492.48099468,26946.62069611,7912.94957600
1,569,0.080000,0.401000,12.79857240,94.52862953,0.00000000,105.62040947,0.00000000,0.00000000,94.69756566,107.32720193,101.68074366,1745.79450000,26946.62069590,9891.18697000
1,570,0.000000,0.476000,0.00000000,89.89674172,0.00000000,147.68665619,0.00000000,0.00000000,78.66539600,89.89674172,84.63531998,1492.48099468,26693.30719037,9891.18697000
1,571,0.000000,0.494000,0.00000000,107.32720193,0.00000000,139.24044212,0.00000000,0.00000000,94.69756566,107.32720193,101.68074366,1745.79450000,26693.30719017,9891.18697000
1,572,0.000000,0.448000,0.00000000,107.32720193,0.00000000,116.28070199,0.00000000,0.00000000,94.69756566,107.32720193,101.68074366,1745.79450000,26693.30718996,9891.18697000
1,573,0.000000,0.422000,0.00000000,107.32720193,0.00000000,103.30345756,0.00000000,0.00000000,94.69756566,107.32720193,101.68074366,1745.79450000,26693.30718976,9891.18697000
1,574,0.000000,0.395000,0.00000000,107.32720193,0.00000000,89.82708836,0.00000000,0.00000000,94.69756566,107.32720193,101.68074366,1745.79450000,26693.30718955,9891.18697000
1,575,0.000000,0.362000,0.00000000,106.72863180,0.00000000,73.95454056,0.00000000,0.00000000,94.69756566,106.72863180,101.68074366,1745.79450000,27042.46608939,7912.94957600
1,576,0.000000,0.316000,0.00000000,73.02925522,0.00000000,84.69417701,0.00000000,0.00000000,63.67817400,73.02925522,68.65710075,1244.73168631,26840.46545989,8196.78365898
1,577,0.000000,0.274000,0.00000000,106.72863180,0.00000000,30.03155943,0.00000000,0.00000000,94.69756566,106.72863180,101.68074366,1745.79450000,27189.62435972,7912.94957600
1,578,0.000000,0.257000,0.00000000,106.72863180,0.00000000,21.54643808,0.00000000,0.00000000,94.69756566,106.72863180,101.68074366,1745.79450000,27538.78325956,7912.94957600
1,579,0.000000,0.243000,0.00000000,73.54194353,0.00000000,47.74537935,0.00000000,0.00000000,63.67817400,73.54194353,68.65710075,1244.73168631,27037.72044567,9891.18697000
1,580,0.000000,0.241000,0.00000000,106.72863180,0.00000000,13.56044151,0.00000000,0.00000000,94.69756566,106.72863180,101.68074366,1745.79450000,27386.87934550,7912.94957600
1,581,0.000000,0.234000,0.00000000,106.72863180,0.00000000,10.06656801,0.00000000,0.00000000,94.69756566,106.72863180,101.68074366,1745.79450000,27736.03824534,7912.94957600
1,582,0.000000,0.217000,0.00000000,89.89674172,0.00000000,18.41333674,0.00000000,0.00000000,78.66539600,89.89674172,84.63531998,1492.48099468,27482.72473981,9891.18697000
1,583,0.094000,0.210000,15.03832257,92.28887936,0.00000000,12.52732560,0.00000000,0.00000000,94.69756566,107.32720193,101.68074366,1745.79450000,27482.72473960,9891.18697000
1,584,0.282000,0.313000,45.11496770,61.61366410,0.00000000,94.61239377,0.00000000,0.00000000,94.69756566,106.72863180,101.68074366,1745.79450000,27831.88363944,7912.94957600
1,585,0.435000,0.356000,69.59223741,37.73496452,0.00000000,139.95345913,0.00000000,0.00000000,94.69756566,107.32720193,101.68074366,1745.79450000,27831.88363964,9891.18696768
1,586,0.541000,0.386000,86.55034584,20.77685609,0.00000000,171.88531112,0.00000000,0.00000000,94.69756566,107.32720193,101.68074366,1745.79450000,27831.88363944,9891.18697000
1,587,0.595000,0.415000,43.47863956,0.00000000,51.71074264,207.13678599,0.00000000,0.00000000,36.84682300,43.47863956,39.91750131,767.66957627,27202.91761554,7912.94957600
1,588,0.612000,0.451000,43.47863956,0.00000000,54.43043928,225.10527827,0.00000000,0.00000000,36.84682300,43.47863956,39.91750131,767.66957627,26573.95159165,7912.94957600
1,589,0.566000,0.501000,90.54989971,16.77730222,0.00000000,233.28421533,0.00000000,0.00000000,94.69756566,107.32720193,101.68074366,1745.79450000,26573.95159144,9891.18697000
1,590,0.444000,0.586000,71.03207680,36.29512512,0.00000000,256.19199919,0.00000000,0.00000000,94.69756566,107.32720193,101.68074366,1745.79450000,26573.95159124,9891.18697000
1,591,0.343000,0.683000,54.87387915,52.37573576,0.00000000,288.52649275,0.00000000,0.00000000,94.69756566,107.24961492,101.68074366,1745.79450000,26619.20977087,9634.76668763
1,592,0.199000,0.759000,31.83644884,75.49075309,0.00000000,303.34495912,0.00000000,0.00000000,94.69756566,107.32720193,101.68074366,1745.79450000,26619.20977067,9891.18697000
1,593,0.063000,0.785000,10.07887576,96.64975604,0.00000000,295.16320060,0.00000000,0.00000000,94.69756566,106.72863180,101.68074366,1745.79450000,26968.36867050,7912.94957600
1,594,0.000000,0.730000,0.00000000,89.89674172,0.00000000,274.46435172,0.00000000,0.00000000,78.66539600,89.89674172,84.63531998,1492.48099468,26715.05516497,9891.18697000
1,595,0.000000,0.681000,0.00000000,106.72863180,0.00000000,233.17534714,0.00000000,0.00000000,94.69756566,106.72863180,101.68074366,1745.79450000,27064.21406481,7912.94957600
1,596,0.000000,0.673000,0.00000000,106.72863180,0.00000000,229.18234886,0.00000000,0.00000000,94.69756566,106.72863180,101.68074366,1745.79450000,27413.37296465,7912.94957600
1,597,0.000000,0.615000,0.00000000,107.32720193,0.00000000,199.63454117,0.00000000,0.00000000,94.69756566,107.32720193,101.68074366,1745.79450000,27413.37296444,9891.18697000
1,598,0.000000,0.573000,0.00000000,43.47863956,0.00000000,242.51986254,0.00000000,0.00000000,36.84682300,43.47863956,39.91750131,767.66957627,26784.40694055,7912.94957600
1,599,0.000000,0.541000,0.00000000,107.32720193,0.00000000,162.69930704,0.00000000,0.00000000,94.69756566,107.32720193,101.68074366,1745.79450000,26784.40694034,9891.18697000
1,600,0.000000,0.498000,0.00000000,106.72863180,0.00000000,141.83551139,0.00000000,0.00000000,94.69756566,106.72863180,101.68074366,1745.79450000,27133.56584018,7912.94957600
1,601,0.000000,0.452000,0.00000000,107.32720193,0.00000000,118.27720113,0.00000000,0.00000000,94.69756566,107.32720193,101.68074366,1745.79450000,27133.56583997,9891.18697000
1,602,0.000000,0.413000,0.00000000,106.72863180,0.00000000,99.40990462,0.00000000,0.00000000,94.69756566,106.72863180,101.68074366,1745.79450000,27482.72473981,7912.94957600
1,603,0.000000,0.408000,0.00000000,107.32720193,0.00000000,96.31571057,0.00000000,0.00000000,94.69756566,107.32720193,101.68074366,1745.79450000,27482.72473960,9891.18697000
1,604,0.000000,0.410000,0.00000000,106.72863180,0.00000000,97.91253026,0.00000000,0.00000000,94.69756566,106.72863180,101.68074366,1745.79450000,27831.88363944,7912.94957600
1,605,0.000000,0.403000,0.00000000,89.46248128,0.00000000,111.68480729,0.00000000,0.00000000,78.66539600,89.46248128,84.63531998,1492.48099468,27831.88363944,8455.98297267
1,606,0.000000,0.380000,0.00000000,89.89674172,0.00000000,99.77067678,0.00000000,0.00000000,78.66539600,89.89674172,84.63531998,1492.48099468,27578.57013391,9891.18697000
1,607,0.104000,0.386000,16.63814412,90.68905781,0.00000000,101.97310940,0.00000000,0.00000000,94.69756566,107.32720193,101.68074366,1745.79450000,27578.57013371,9891.18697000
1,608,0.287000,0.668000,45.91487848,54.21864658,0.00000000,279.19671015,0.00000000,0.00000000,88.63152549,100.13352505,95.23132191,1649.94910610,27831.88363964,7912.94957600
1,609,0.441000,0.746000,70.55213034,36.77507159,0.00000000,335.57201841,0.00000000,0.00000000,94.69756566,107.32720193,101.68074366,1745.79450000,27831.88363944,9891.18697000
1,610,0.550000,0.728000,87.99018523,19.33701669,0.00000000,344.02582717,0.00000000,0.00000000,94.69756566,107.32720193,101.68074366,1745.79450000,27831.88363923,9891.18697000
1,611,0.615000,0.697000,98.38902530,8.93817662,0.00000000,338.95179889,0.00000000,0.00000000,94.69756566,107.32720193,101.68074366,1745.79450000,27831.88363903,9891.18697000
1,612,0.633000,0.668000,101.26870409,6.05849783,0.00000000,327.35685890,0.00000000,0.00000000,94.69756566,107.32720193,101.68074366,1745.79450000,27831.88363882,9891.18697000
1,613,0.608000,0.633000,97.26915022,10.05805171,0.00000000,305.88793753,0.00000000,0.00000000,94.69756566,107.32720193,101.68074366,1745.79450000,27831.88363862,9891.18697000
1,614,0.538000,0.590000,86.07039937,21.25680255,0.00000000,273.22682090,0.00000000,0.00000000,94.69756566,107.32720193,101.68074366,1745.79450000,27831.88363841,9891.18697000
1,615,0.418000,0.574000,58.26858481,0.00000000,8.60395596,286.49762689,0.00000000,0.00000000,49.73928100,58.26858481,53.75120360,1002.98064984,27089.06978805,9891.18697000
1,616,0.255000,0.591000,40.79544952,62.99841211,0.00000000,231.98433614,0.00000000,0.00000000,91.44767373,103.79386162,98.22545436,1694.44515783,27037.72044567,9891.18697000
1,617,0.075000,0.637000,11.99866162,95.32854030,0.00000000,222.61394807,0.00000000,0.00000000,94.69756566,107.32720193,101.68074366,1745.79450000,27037.72044546,9891.18697000
1,618,0.000000,0.666000,0.00000000,89.29817159,0.00000000,243.11893557,0.00000000,0.00000000,78.66539600,89.29817159,84.63531998,1492.48099468,27133.56583997,7912.94957600
1,619,0.000000,0.635000,0.00000000,106.72863180,0.00000000,210.21560701,0.00000000,0.00000000,94.69756566,106.72863180,101.68074366,1745.79450000,27482.72473981,7912.94957600
1,620,0.000000,0.673000,0.00000000,106.72863180,0.00000000,229.18234886,0.00000000,0.00000000,94.69756566,106.72863180,101.68074366,1745.79450000,27831.88363964,7912.94957600
1,621,0.000000,0.678000,0.00000000,107.32720193,0.00000000,231.07940266,0.00000000,0.00000000,94.69756566,107.32720193,101.68074366,1745.79450000,27831.88363944,9891.18697000
1,622,0.000000,0.640000,0.00000000,107.32720193,0.00000000,212.11266081,0.00000000,0.00000000,94.69756566,107.32720193,101.68074366,1745.79450000,27831.88363923,9891.18697000
1,623,0.000000,0.599000,0.00000000,107.32720193,0.00000000,191.64854460,0.00000000,0.00000000,94.69756566,107.32720193,101.68074366,1745.79450000,27831.88363903,9891.18697000
1,624,0.000000,0.556000,0.00000000,72.94337341,0.00000000,204.57000734,0.00000000,0.00000000,63.67817400,72.94337341,68.65710075,1244.73168631,27679.97972518,7912.94957600
1,625,0.000000,0.513000,0.00000000,107.32720193,0.00000000,148.72381305,0.00000000,0.00000000,94.69756566,107.32720193,101.68074366,1745.79450000,27679.97972497,9891.18697000
1,626,0.000000,0.468000,0.00000000,93.15554673,0.00000000,140.43485290,0.00000000,0.00000000,82.21332811,93.15554673,88.40748617,1548.53951463,27831.88363944,7912.94957600
1,627,0.000000,0.428000,0.00000000,73.54194353,0.00000000,140.08346467,0.00000000,0.00000000,63.67817400,73.54194353,68.65710075,1244.73168631,27330.82082555,9891.18697000
1,628,0.000000,0.376000,0.00000000,89.89674197,0.00000000,97.77417738,0.00000000,0.00000000,78.66539600,89.89674197,84.63532017,1492.48104146,27077.50736680,9891.18697000
1,629,0.000000,0.323000,0.00000000,106.72863180,0.00000000,54.48867392,0.00000000,0.00000000,94.69756566,106.72863180,101.68074366,1745.79450000,27426.66626663,7912.94957600
1,630,0.000000,0.291000,0.00000000,89.89674172,0.00000000,55.34857087,0.00000000,0.00000000,78.66539600,89.89674172,84.63531998,1492.48099468,27173.35276110,9891.18697000
1,631,0.107000,0.346000,17.11809058,86.87280934,0.00000000,85.82436645,0.00000000,0.00000000,92.17945758,103.99089992,99.00348790,1706.00757907,27482.72474001,7912.94957600
1,632,0.292000,0.559000,46.71478925,60.61241268,0.00000000,218.39834243,0.00000000,0.00000000,94.69756566,107.32720193,101.68074366,1745.79450000,27482.72473981,9891.18697000
1,633,0.446000,0.571000,71.35204111,35.97516081,0.00000000,249.02509172,0.00000000,0.00000000,94.69756566,107.32720193,101.68074366,1745.79450000,27482.72473960,9891.18697000
1,634,0.553000,0.497000,88.47013170,18.25850010,0.00000000,229.80651830,0.00000000,0.00000000,94.69756566,106.72863180,101.68074366,1745.79450000,27831.88363944,7912.94957600
1,635,0.614000,0.418000,0.00000000,89.46248128,98.22904315,119.17167907,0.00000000,0.00000000,78.66539600,89.46248128,84.63531998,1492.48099468,27831.88363944,8455.98297267
1,636,0.632000,0.355000,2.99285063,0.00000000,98.11587131,177.18929886,0.00000000,0.00000000,0.00000000,2.99285063,0.00000000,0.00000000,26086.08913923,9891.18697000
1,637,0.605000,0.317000,96.78920375,9.93942805,0.00000000,148.28312896,0.00000000,0.00000000,94.69756566,106.72863180,101.68074366,1745.79450000,26435.24803907,7912.94957600
1,638,0.535000,0.311000,85.59045291,21.13817889,0.00000000,134.08962940,0.00000000,0.00000000,94.69756566,106.72863180,101.68074366,1745.79450000,26784.40693891,7912.94957600
1,639,0.423000,0.341000,67.67245155,39.05618025,0.00000000,131.14537161,0.00000000,0.00000000,94.69756566,106.72863180,101.68074366,1745.79450000,27133.56583874,7912.94957600
1,640,0.266000,0.405000,42.55525322,64.77194870,0.00000000,137.37358943,0.00000000,0.00000000,94.69756566,107.32720193,101.68074366,1745.79450000,27133.56583854,9891.18697000
1,641,0.087000,0.498000,13.91844748,93.40875444,0.00000000,155.15538875,0.00000000,0.00000000,94.69756566,107.32720193,101.68074366,1745.79450000,27133.56583833,9891.18697000
1,642,0.000000,0.578000,0.00000000,89.89674172,0.00000000,198.59738432,0.00000000,0.00000000,78.66539600,89.89674172,84.63531998,1492.48099468,26880.25233280,9891.18697000
1,643,0.000000,0.575000,0.00000000,106.72863180,0.00000000,180.26811987,0.00000000,0.00000000,94.69756566,106.72863180,101.68074366,1745.79450000,27229.41123264,7912.94957600
1,644,0.000000,0.554000,0.00000000,107.32720193,0.00000000,169.18792925,0.00000000,0.00000000,94.69756566,107.32720193,101.68074366,1745.79450000,27229.41123243,9891.18697000
1,645,0.000000,0.583000,0.00000000,107.32720193,0.00000000,183.66254803,0.00000000,0.00000000,94.69756566,107.32720193,101.68074366,1745.79450000,27229.41123223,9891.18697000
1,646,0.000000,0.544000,0.00000000,106.72863180,0.00000000,164.79525152,0.00000000,0.00000000,94.69756566,106.72863180,101.68074366,1745.79450000,27578.57013207,7912.94957600
1,647,0.000000,0.487000,0.00000000,106.89294148,0.00000000,136.18082906,0.00000000,0.00000000,94.69756566,106.89294148,101.68074366,1745.79450000,27831.88363964,8455.98295989
1,648,0.000000,0.425000,0.00000000,107.32720193,0.00000000,104.80083192,0.00000000,0.00000000,94.69756566,107.32720193,101.68074366,1745.79450000,27831.88363944,9891.18697000
1,649,0.000000,0.382000,0.00000000,89.46248162,0.00000000,101.20318645,0.00000000,0.00000000,78.66539600,89.46248162,84.63532017,1492.48104146,27831.88363944,8455.98323771
1,650,0.000000,0.361000,0.00000000,73.54194353,0.00000000,106.64210404,0.00000000,0.00000000,63.67817400,73.54194353,68.65710075,1244.73168631,27330.82082555,9891.18697000
1,651,0.000000,0.320000,0.00000000,73.54194353,0.00000000,86.17798783,0.00000000,0.00000000,63.67817400,73.54194353,68.65710075,1244.73168631,26829.75801165,9891.18697000
1,652,0.000000,0.291000,0.00000000,106.72863180,0.00000000,38.51668079,0.00000000,0.00000000,94.69756566,106.72863180,101.68074366,1745.79450000,27178.91691149,7912.94957600
1,653,0.000000,0.264000,0.00000000,106.72863180,0.00000000,25.04031158,0.00000000,0.00000000,94.69756566,106.72863180,101.68074366,1745.79450000,27528.07581132,7912.94957600
1,654,0.000000,0.242000,0.00000000,89.54022753,0.00000000,31.24797056,0.00000000,0.00000000,78.66539600,89.54022753,84.63531998,1492.48099468,27482.72474001,8712.92955233
1,655,0.104000,0.325000,16.63814412,90.68905781,0.00000000,71.52649749,0.00000000,0.00000000,94.69756566,107.32720193,101.68074366,1745.79450000,27482.72473981,9891.18697000
1,656,0.286000,0.515000,45.75489632,61.57230561,0.00000000,195.47695894,0.00000000,0.00000000,94.69756566,107.32720193,101.68074366,1745.79450000,27482.72473960,9891.18697000
1,657,0.440000,0.449000,70.39214818,36.33648362,0.00000000,187.77054508,0.00000000,0.00000000,94.69756566,106.72863180,101.68074366,1745.79450000,27831.88363944,7912.94957600
1,658,0.549000,0.315000,87.83020308,19.49699885,0.00000000,137.72730859,0.00000000,0.00000000,94.69756566,107.32720193,101.68074366,1745.79450000,27831.88363923,9891.18697000
1,659,0.611000,0.211000,43.76184039,0.00000000,53.98725629,105.31532975,0.00000000,0.00000000,36.84682300,43.76184039,39.91750131,767.66957627,27037.72044526,8848.91087959
1,660,0.629000,0.155000,100.62877547,6.09985633,0.00000000,71.26448543,0.00000000,0.00000000,94.69756566,106.72863180,101.68074366,1745.79450000,27386.87934509,7912.94957600
1,661,0.605000,0.146000,96.78920375,9.93942805,0.00000000,62.93279064,0.00000000,0.00000000,94.69756566,106.72863180,101.68074366,1745.79450000,27736.03824493,7912.94957600
1,662,0.529000,0.178000,84.63055998,4.66761161,0.00000000,84.17660021,0.00000000,0.00000000,78.66539600,89.29817159,84.63531998,1492.48099468,27831.88363944,7912.94957600
1,663,0.378000,0.261000,60.47325458,46.85394735,0.00000000,83.41762167,0.00000000,0.00000000,94.69756566,107.32720193,101.68074366,1745.79450000,27831.88363923,9891.18697000
1,664,0.244000,0.395000,39.03564581,68.29155611,0.00000000,128.86273417,0.00000000,0.00000000,94.69756566,107.32720193,101.68074366,1745.79450000,27831.88363903,9891.18697000
1,665,0.073000,0.555000,11.67869731,95.64850461,0.00000000,181.36575135,0.00000000,0.00000000,94.69756566,107.32720192,101.68074366,1745.79450000,27831.88363985,9891.18696419
1,666,0.000000,0.609000,0.00000000,107.32720193,0.00000000,196.63979246,0.00000000,0.00000000,94.69756566,107.32720193,101.68074366,1745.79450000,27831.88363964,9891.18697000
1,667,0.000000,0.618000,0.00000000,107.32720193,0.00000000,201.13191553,0.00000000,0.00000000,94.69756566,107.32720193,101.68074366,1745.79450000,27831.88363944,9891.18697000
1,668,0.000000,0.659000,0.00000000,107.32720193,0.00000000,221.59603173,0.00000000,0.00000000,94.69756566,107.32720193,101.68074366,1745.79450000,27831.88363923,9891.18697000
1,669,0.000000,0.678000,0.00000000,89.89674172,0.00000000,248.50986287,0.00000000,0.00000000,78.66539600,89.89674172,84.63531998,1492.48099468,27578.57013371,9891.18697000
1,670,0.000000,0.697000,0.00000000,107.05725117,0.00000000,240.83272434,0.00000000,0.00000000,94.69756566,107.05725117,101.68074366,1745.79450000,27736.03824575,8999.01636236
1,671,0.000000,0.663000,0.00000000,107.32720193,0.00000000,223.59253088,0.00000000,0.00000000,94.69756566,107.32720193,101.68074366,1745.79450000,27736.03824554,9891.18697000
1,672,0.000000,0.583000,0.00000000,107.32720193,0.00000000,183.66254803,0.00000000,0.00000000,94.69756566,107.32720193,101.68074366,1745.79450000,27736.03824534,9891.18697000
1,673,0.000000,0.464000,0.00000000,107.32720193,0.00000000,124.26669856,0.00000000,0.00000000,94.69756566,107.32720193,101.68074366,1745.79450000,27736.03824513,9891.18697000
1,674,0.000000,0.344000,0.00000000,89.89674172,0.00000000,81.80218450,0.00000000,0.00000000,78.66539600,89.89674172,84.63531998,1492.48099468,27482.72473960,9891.18697000
1,675,0.000000,0.243000,0.00000000,106.72863180,0.00000000,14.55869108,0.00000000,0.00000000,94.69756566,106.72863180,101.68074366,1745.79450000,27831.88363944,7912.94957600
1,676,0.000000,0.191000,0.00000000,95.33283403,0.00000000,0.00000000,0.00000000,0.00000000,83.66539889,95.33283403,89.95132970,1571.48270203,27657.57184127,9891.18697000
1,677,0.000000,0.161000,0.00000000,80.35909047,0.00000000,0.00000000,0.00000000,0.00000000,70.47379374,80.35909047,75.90206637,1357.06815676,27618.00439786,7912.94957600
1,678,0.000000,0.133000,0.00000000,66.38359647,0.00000000,0.00000000,0.00000000,0.00000000,57.14526786,66.38359647,61.67097655,1131.42717137,27003.63706903,9891.18697000
1,679,0.105000,0.145000,16.79812627,72.37309390,0.00000000,0.00000000,0.00000000,0.00000000,78.00054199,89.17122017,83.92650399,1481.49049913,26739.33306796,9891.18697000
1,680,0.274000,0.195000,43.83511046,62.89352134,0.00000000,34.43581184,0.00000000,0.00000000,94.69756566,106.72863180,101.68074366,1745.79450000,27088.49196779,7912.94957600
1,681,0.389000,0.155000,62.23305828,45.09414364,0.00000000,32.27019811,0.00000000,0.00000000,94.69756566,107.32720193,101.68074366,1745.79450000,27088.49196759,9891.18697000
1,682,0.475000,0.157000,75.99152361,13.90521837,0.00000000,64.45737296,0.00000000,0.00000000,78.66539600,89.89674197,84.63532017,1492.48104146,26835.17850884,9891.18697000
1,683,0.519000,0.182000,83.03073843,15.45266585,0.00000000,75.38804512,0.00000000,0.00000000,86.56322699,98.48340428,93.03230428,1617.26932191,26706.65333055,9891.18697000
1,684,0.533000,0.205000,85.27048860,4.62625338,0.00000000,97.69432765,0.00000000,0.00000000,78.66539600,89.89674197,84.63532017,1492.48104146,26453.33987180,9891.18697000
1,685,0.455000,0.228000,72.79188051,17.10486146,0.00000000,96.69558963,0.00000000,0.00000000,78.66539600,89.89674197,84.63532017,1492.48104146,26200.02641305,9891.18697000
1,686,0.366000,0.258000,58.55346872,31.34327326,0.00000000,97.43092141,0.00000000,0.00000000,78.66539600,89.89674197,84.63532017,1492.48104146,25946.71295430,9891.18697000
1,687,0.285000,0.291000,45.59491417,44.30182781,0.00000000,100.94348478,0.00000000,0.00000000,78.66539600,89.89674197,84.63532017,1492.48104146,25693.39949555,9891.18697000
1,688,0.183000,0.320000,29.27673436,60.62000762,0.00000000,99.09992375,0.00000000,0.00000000,78.66539600,89.89674197,84.63532017,1492.48104146,25440.08603680,9891.18697000
1,689,0.059000,0.336000,9.43894714,80.45779483,0.00000000,87.24813310,0.00000000,0.00000000,78.66539600,89.89674197,84.63532017,1492.48104146,25186.77257805,9891.18697000
1,690,0.000000,0.287000,0.00000000,89.89674197,0.00000000,53.35207147,0.00000000,0.00000000,78.66539600,89.89674197,84.63532017,1492.48104146,24933.45911931,9891.18697000
1,691,0.000000,0.278000,0.00000000,89.89674197,0.00000000,48.85994840,0.00000000,0.00000000,78.66539600,89.89674197,84.63532017,1492.48104146,24680.14566056,9891.18697000
1,692,0.000000,0.267000,0.00000000,89.89674197,0.00000000,43.36957576,0.00000000,0.00000000,78.66539600,89.89674197,84.63532017,1492.48104146,24426.83220181,9891.18697000
1,693,0.000000,0.254000,0.00000000,89.89674197,0.00000000,36.88095355,0.00000000,0.00000000,78.66539600,89.89674197,84.63532017,1492.48104146,24173.51874306,9891.18697000
1,694,0.000000,0.315000,0.00000000,89.89674197,0.00000000,67.32756547,0.00000000,0.00000000,78.66539600,89.89674197,84.63532017,1492.48104146,23920.20528431,9891.18697000
1,695,0.000000,0.338000,0.00000000,89.89674197,0.00000000,78.80743553,0.00000000,0.00000000,78.66539600,89.89674197,84.63532017,1492.48104146,23666.89182556,9891.18697000
1,696,0.000000,0.337000,0.00000000,89.89674197,0.00000000,78.30831075,0.00000000,0.00000000,78.66539600,89.89674197,84.63532017,1492.48104146,23413.57836681,9891.18697000
1,697,0.000000,0.344000,0.00000000,89.89674197,0.00000000,81.80218425,0.00000000,0.00000000,78.66539600,89.89674197,84.63532017,1492.48104146,23160.26490806,9891.18697000
1,698,0.000000,0.382000,0.00000000,89.89674197,0.00000000,100.76892610,0.00000000,0.00000000,78.66539600,89.89674197,84.63532017,1492.48104146,22906.95144931,9891.18697000
1,699,0.000000,0.274000,0.00000000,89.89674197,0.00000000,46.86344926,0.00000000,0.00000000,78.66539600,89.89674197,84.63532017,1492.48104146,22653.63799056,9891.18697000
1,700,0.000000,0.188000,0.00000000,89.89674197,0.00000000,3.93871770,0.00000000,0.00000000,78.66539600,89.89674197,84.63532017,1492.48104146,22400.32453181,9891.18697000
1,701,0.000000,0.144000,0.00000000,2.99285063,0.00000000,68.88111849,0.00000000,0.00000000,0.00000000,2.99285063,0.00000000,0.00000000,20654.53003161,9891.18697000
1,702,0.000000,0.144000,0.00000000,30.97213678,0.00000000,40.90183234,0.00000000,0.00000000,25.00174700,30.97213678,27.15938407,539.40926699,19448.14479840,9891.18697000
1,703,0.040000,0.235000,6.39928620,37.67792300,0.00000000,79.61640159,0.00000000,0.00000000,36.84682300,44.07720920,39.91750095,767.66948863,18470.01978683,9891.18697000
1,704,0.210000,0.489000,33.59625254,56.30048943,0.00000000,187.77153069,0.00000000,0.00000000,78.66539600,89.89674197,84.63532017,1492.48104146,18216.70632808,9891.18697000
1,705,0.415000,0.586000,66.39259431,23.50414766,0.00000000,268.98297665,0.00000000,0.00000000,78.66539600,89.89674197,84.63532017,1492.48104146,17963.39286933,9891.18697000
1,706,0.532000,0.599000,85.11050644,4.78623553,0.00000000,294.18951100,0.00000000,0.00000000,78.66539600,89.89674197,84.63532017,1492.48104146,17710.07941058,9891.18697000
1,707,0.592000,0.591000,89.89674197,0.00000000,4.81269377,294.98274824,0.00000000,0.00000000,78.66539600,89.89674197,84.63532017,1492.48104146,17456.76595183,9891.18697000
1,708,0.596000,0.590000,89.89674197,0.00000000,5.45262239,294.48362346,0.00000000,0.00000000,78.66539600,89.89674197,84.63532017,1492.48104146,17203.45249308,9891.18697000
1,709,0.525000,0.628000,83.99063136,5.90611062,0.00000000,307.54425469,0.00000000,0.00000000,78.66539600,89.89674197,84.63532017,1492.48104146,16950.13903433,9891.18697000
1,710,0.373000,0.704000,59.67334380,13.86860076,0.00000000,337.51524824,0.00000000,0.00000000,63.67817400,73.54194456,68.65710149,1244.73187308,16449.07640721,9891.18697000
1,711,0.218000,0.746000,34.87610978,55.02063219,0.00000000,317.32645781,0.00000000,0.00000000,78.66539600,89.89674197,84.63532017,1492.48104146,16195.76294846,9891.18697000
1,712,0.111000,0.724000,17.75801920,72.13872277,0.00000000,289.22762194,0.00000000,0.00000000,78.66539600,89.89674197,84.63532017,1492.48104146,15942.44948971,9891.18697000
1,713,0.035000,0.623000,5.59937542,84.29736655,0.00000000,226.65737483,0.00000000,0.00000000,78.66539600,89.89674197,84.63532017,1492.48104146,15689.13603096,9891.18697000
1,714,0.000000,0.481000,0.00000000,89.89674197,0.00000000,150.18227986,0.00000000,0.00000000,78.66539600,89.89674197,84.63532017,1492.48104146,15435.82257221,9891.18697000
1,715,0.000000,0.462000,0.00000000,89.89674197,0.00000000,140.69890894,0.00000000,0.00000000,78.66539600,89.89674197,84.63532017,1492.48104146,15182.50911347,9891.18697000
1,716,0.000000,0.546000,0.00000000,89.89674197,0.00000000,182.62539092,0.00000000,0.00000000,78.66539600,89.89674197,84.63532017,1492.48104146,14929.19565472,9891.18697000
1,717,0.000000,0.629000,0.00000000,89.89674197,0.00000000,224.05274812,0.00000000,0.00000000,78.66539600,89.89674197,84.63532017,1492.48104146,14675.88219597,9891.18697000
1,718,0.000000,0.642000,0.00000000,89.89674197,0.00000000,230.54137033,0.00000000,0.00000000,78.66539600,89.89674197,84.63532017,1492.48104146,14422.56873722,9891.18697000
1,719,0.000000,0.599000,0.00000000,89.89674197,0.00000000,209.07900455,0.00000000,0.00000000,78.66539600,89.89674197,84.63532017,1492.48104146,14169.25527847,9891.18697000
1,720,0.000000,0.526000,0.00000000,89.89674197,0.00000000,172.64289521,0.00000000,0.00000000,78.66539600,89.89674197,84.63532017,1492.48104146,13915.94181972,9891.18697000
2,1,0.000000,0.619000,0.00000000,106.72863180,0.00000000,202.22961044,0.00000000,0.00000000,94.69756566,106.72863180,101.68074366,1745.79450000,14265.10071956,7912.94957600
2,2,0.000000,0.551000,0.00000000,2.39428050,0.00000000,272.62347632,0.00000000,0.00000000,0.00000000,2.39428050,0.00000000,0.00000000,12868.46511939,7912.94957600
2,3,0.000000,0.519000,0.00000000,106.72863180,0.00000000,152.31713189,0.00000000,0.00000000,94.69756566,106.72863180,101.68074366,1745.79450000,13217.62401923,7912.94957600
2,4,0.000000,0.490000,0.00000000,106.72863180,0.00000000,137.84251311,0.00000000,0.00000000,94.69756566,106.72863180,101.68074366,1745.79450000,13566.78291906,7912.94957600
2,5,0.000000,0.466000,0.00000000,106.72863180,0.00000000,125.86351825,0.00000000,0.00000000,94.69756566,106.72863180,101.68074366,1745.79450000,13915.94181890,7912.94957600
2,6,0.002000,0.426000,0.31996431,106.40866749,0.00000000,106.21849114,0.00000000,0.00000000,94.69756566,106.72863180,101.68074366,1745.79450000,14265.10071874,7912.94957600
2,7,0.168000,0.683000,26.87700203,62.42116956,0.00000000,278.48105895,0.00000000,0.00000000,78.66539600,89.29817159,84.63531998,1492.48099468,14360.94611325,7912.94957600
2,8,0.372000,0.821000,59.51336165,47.21527015,0.00000000,362.56617876,0.00000000,0.00000000,94.69756566,106.72863180,101.68074366,1745.79450000,14710.10501308,7912.94957600
2,9,0.522000,0.822000,83.51068489,23.21794691,0.00000000,387.06262679,0.00000000,0.00000000,94.69756566,106.72863180,101.68074366,1745.79450000,15059.26391292,7912.94957600
2,10,0.622000,0.793000,2.39428050,0.00000000,97.11461989,395.80595492,0.00000000,0.00000000,0.00000000,2.39428050,0.00000000,0.00000000,13662.62831276,7912.94957600
2,11,0.722000,0.750000,106.72863180,0.00000000,8.77848408,374.34358914,0.00000000,0.00000000,94.69756566,106.72863180,101.68074366,1745.79450000,14011.78721259,7912.94957600
2,12,0.744000,0.710000,2.39428050,0.00000000,116.63244279,354.37859772,0.00000000,0.00000000,0.00000000,2.39428050,0.00000000,0.00000000,12615.15161243,7912.94957600
2,13,0.717000,0.683000,0.00000000,89.29817159,114.70720511,251.60405692,0.00000000,0.00000000,78.66539600,89.29817159,84.63531998,1492.48099468,12710.99700694,7912.94957600
2,14,0.645000,0.676000,2.39428050,0.00000000,100.79420945,337.40835501,0.00000000,0.00000000,0.00000000,2.39428050,0.00000000,0.00000000,11314.36140677,7912.94957600
2,15,0.524000,0.694000,83.83064920,22.89798260,0.00000000,323.49461855,0.00000000,0.00000000,94.69756566,106.72863180,101.68074366,1745.79450000,11663.52030661,7912.94957600
2,16,0.350000,0.724000,55.99375424,33.30441735,0.00000000,328.06192736,0.00000000,0.00000000,78.66539600,89.29817159,84.63531998,1492.48099468,11759.36570112,7912.94957600
2,17,0.139000,0.767000,22.23751954,84.49111226,0.00000000,298.33759823,0.00000000,0.00000000,94.69756566,106.72863180,101.68074366,1745.79450000,12108.52460096,7912.94957600
2,18,0.000000,0.799000,0.00000000,72.94337341,0.00000000,325.85733022,0.00000000,0.00000000,63.67817400,72.94337341,68.65710075,1244.73168631,11956.62068711,7912.94957600
2,19,0.000000,0.829000,0.00000000,106.72863180,0.00000000,307.04581540,0.00000000,0.00000000,94.69756566,106.72863180,101.68074366,1745.79450000,12305.77958694,7912.94957600
2,20,0.000000,0.878000,0.00000000,57.67001469,0.00000000,380.56154700,0.00000000,0.00000000,49.73928100,57.67001469,53.75120360,1002.98064984,11912.12463661,7912.94957600
2,21,0.000000,0.894000,0.00000000,106.72863180,0.00000000,339.48892646,0.00000000,0.00000000,94.69756566,106.72863180,101.68074366,1745.79450000,12261.28353645,7912.94957600
2,22,0.000000,0.870000,0.00000000,106.72863180,0.00000000,327.50993160,0.00000000,0.00000000,94.69756566,106.72863180,101.68074366,1745.79450000,12610.44243629,7912.94957600
2,23,0.000000,0.842000,0.00000000,106.72863180,0.00000000,313.53443761,0.00000000,0.00000000,94.69756566,106.72863180,101.68074366,1745.79450000,12959.60133612,7912.94957600
2,24,0.000000,0.805000,0.00000000,57.67001469,0.00000000,344.12543766,0.00000000,0.00000000,49.73928100,57.67001469,53.75120360,1002.98064984,12565.94638579,7912.94957600
2,25,0.000000,0.775000,0.00000000,106.72863180,0.00000000,280.09307698,0.00000000,0.00000000,94.69756566,106.72863180,101.68074366,1745.79450000,12915.10528563,7912.94957600
2,26,0.000000,0.730000,0.00000000,106.72863180,0.00000000,257.63246163,0.00000000,0.00000000,94.69756566,106.72863180,101.68074366,1745.79450000,13264.26418546,7912.94957600
2,27,0.000000,0.652000,0.00000000,106.72863180,0.00000000,218.70072836,0.00000000,0.00000000,94.69756566,106.72863180,101.68074366,1745.79450000,13613.42308530,7912.94957600
2,28,0.000000,0.565000,0.00000000,89.29817159,0.00000000,192.70733223,0.00000000,0.00000000,78.66539600,89.29817159,84.63531998,1492.48099468,13709.26847981,7912.94957600
2,29,0.000000,0.454000,0.00000000,106.72863180,0.00000000,119.87402083,0.00000000,0.00000000,94.69756566,106.72863180,101.68074366,1745.79450000,14058.42737965,7912.94957600
2,30,0.003000,0.369000,0.47994646,72.46342694,0.00000000,111.71361891,0.00000000,0.00000000,63.67817400,72.94337341,68.65710075,1244.73168631,13906.52346580,7912.94957600
2,31,0.178000,0.590000,28.47682358,78.25180822,0.00000000,216.23181524,0.00000000,0.00000000,94.69756566,106.72863180,101.68074366,1745.79450000,14255.68236563,7912.94957600
2,32,0.389000,0.730000,62.23305828,44.49557352,0.00000000,319.86551991,0.00000000,0.00000000,94.69756566,106.72863180,101.68074366,1745.79450000,14604.84126547,7912.94957600
2,33,0.558000,0.678000,89.27004247,17.45858933,0.00000000,320.94801525,0.00000000,0.00000000,94.69756566,106.72863180,101.68074366,1745.79450000,14954.00016530,7912.94957600
2,34,0.674000,0.599000,43.47863956,0.00000000,64.34933289,298.97574653,0.00000000,0.00000000,36.84682300,43.47863956,39.91750131,767.66957627,14325.03414141,7912.94957600
2,35,0.738000,0.511000,106.72863180,0.00000000,11.33819856,255.05276540,0.00000000,0.00000000,94.69756566,106.72863180,101.68074366,1745.79450000,14674.19304125,7912.94957600
2,36,0.755000,0.446000,106.72863180,0.00000000,14.05789520,222.60965434,0.00000000,0.00000000,94.69756566,106.72863180,101.68074366,1745.79450000,15023.35194108,7912.94957600
2,37,0.727000,0.410000,106.72863180,0.00000000,9.57839486,204.64116206,0.00000000,0.00000000,94.69756566,106.72863180,101.68074366,1745.79450000,15372.51084092,7912.94957600
2,38,0.656000,0.410000,2.39428050,0.00000000,102.55401316,204.64116206,0.00000000,0.00000000,0.00000000,2.39428050,0.00000000,0.00000000,13975.87524075,7912.94957600
2,39,0.536000,0.457000,85.75043506,20.97819674,0.00000000,207.12183024,0.00000000,0.00000000,94.69756566,106.72863180,101.68074366,1745.79450000,14325.03414059,7912.94957600
2,40,0.365000,0.544000,2.39428050,0.00000000,55.99920606,271.52388332,0.00000000,0.00000000,0.00000000,2.39428050,0.00000000,0.00000000,12928.39854043,7912.94957600
2,41,0.158000,0.661000,25.27718048,81.45145132,0.00000000,248.47003191,0.00000000,0.00000000,94.69756566,106.72863180,101.68074366,1745.79450000,13277.55744026,7912.94957600
2,42,0.000000,0.770000,0.00000000,106.72863180,0.00000000,277.59745305,0.00000000,0.00000000,94.69756566,106.72863180,101.68074366,1745.79450000,13626.71634010,7912.94957600
2,43,0.000000,0.831000,0.00000000,72.94337341,0.00000000,341.82932336,0.00000000,0.00000000,63.67817400,72.94337341,68.65710075,1244.73168631,13474.81242624,7912.94957600
2,44,0.000000,0.870000,0.00000000,106.72863180,0.00000000,327.50993160,0.00000000,0.00000000,94.69756566,106.72863180,101.68074366,1745.79450000,13823.97132608,7912.94957600
2,45,0.000000,0.930000,0.00000000,106.72863180,0.00000000,357.45741873,0.00000000,0.00000000,94.69756566,106.72863180,101.68074366,1745.79450000,14173.13022592,7912.94957600
2,46,0.000000,0.917000,0.00000000,106.72863180,0.00000000,350.96879652,0.00000000,0.00000000,94.69756566,106.72863180,101.68074366,1745.79450000,14522.28912575,7912.94957600
2,47,0.000000,0.885000,0.00000000,106.72863180,0.00000000,334.99680339,0.00000000,0.00000000,94.69756566,106.72863180,101.68074366,1745.79450000,14871.44802559,7912.94957600
2,48,0.000000,0.848000,0.00000000,106.72863180,0.00000000,316.52918632,0.00000000,0.00000000,94.69756566,106.72863180,101.68074366,1745.79450000,15220.60692542,7912.94957600
2,49,0.000000,0.800000,0.00000000,57.67001469,0.00000000,341.62981373,0.00000000,0.00000000,49.73928100,57.67001469,53.75120360,1002.98064984,14826.95197510,7912.94957600
2,50,0.000000,0.748000,0.00000000,106.72863180,0.00000000,266.61670777,0.00000000,0.00000000,94.69756566,106.72863180,101.68074366,1745.79450000,15176.11087493,7912.94957600
2,51,0.000000,0.685000,0.00000000,106.72863180,0.00000000,235.17184628,0.00000000,0.00000000,94.69756566,106.72863180,101.68074366,1745.79450000,15525.26977477,7912.94957600
2,52,0.000000,0.626000,0.00000000,106.72863180,0.00000000,205.72348394,0.00000000,0.00000000,94.69756566,106.72863180,101.68074366,1745.79450000,15874.42867460,7912.94957600
2,53,0.000000,0.532000,0.00000000,106.72863180,0.00000000,158.80575410,0.00000000,0.00000000,94.69756566,106.72863180,101.68074366,1745.79450000,16223.58757444,7912.94957600
2,54,0.003000,0.473000,0.47994646,106.24868534,0.00000000,129.83733822,0.00000000,0.00000000,94.69756566,106.72863180,101.68074366,1745.79450000,16572.74647428,7912.94957600
2,55,0.176000,0.721000,28.15685927,15.32178029,0.00000000,344.54719007,0.00000000,0.00000000,36.84682300,43.47863956,39.91750131,767.66957627,15943.78045038,7912.94957600
2,56,0.391000,0.806000,0.00000000,89.29817159,62.55302259,312.99640554,0.00000000,0.00000000,78.66539600,89.29817159,84.63531998,1492.48099468,16039.62584489,7912.94957600
2,57,0.559000,0.739000,89.43002463,17.29860717,0.00000000,351.55460933,0.00000000,0.00000000,94.69756566,106.72863180,101.68074366,1745.79450000,16388.78474473,7912.94957600
2,58,0.670000,0.644000,106.72863180,0.00000000,0.45941203,321.43636188,0.00000000,0.00000000,94.69756566,106.72863180,101.68074366,1745.79450000,16737.94364456,7912.94957600
2,59,0.733000,0.544000,106.72863180,0.00000000,10.53828779,271.52388332,0.00000000,0.00000000,94.69756566,106.72863180,101.68074366,1745.79450000,17087.10254440,7912.94957600
2,60,0.750000,0.471000,106.72863180,0.00000000,13.25798442,235.08777398,0.00000000,0.00000000,94.69756566,106.72863180,101.68074366,1745.79450000,17436.26144424,7912.94957600
2,61,0.720000,0.441000,106.72863180,0.00000000,8.45851977,220.11403042,0.00000000,0.00000000,94.69756566,106.72863180,101.68074366,1745.79450000,17785.42034407,7912.94957600
2,62,0.649000,0.449000,2.39428050,0.00000000,101.43413807,224.10702870,0.00000000,0.00000000,0.00000000,2.39428050,0.00000000,0.00000000,16388.78474391,7912.94957600
2,63,0.531000,0.501000,84.95052429,21.77810751,0.00000000,228.28341003,0.00000000,0.00000000,94.69756566,106.72863180,101.68074366,1745.79450000,16737.94364374,7912.94957600
2,64,0.363000,0.590000,58.07352225,31.22464934,0.00000000,263.25897412,0.00000000,0.00000000,78.66539600,89.29817159,84.63531998,1492.48099468,16833.78903826,7912.94957600
2,65,0.157000,0.713000,25.11719833,81.61143347,0.00000000,274.26453861,0.00000000,0.00000000,94.69756566,106.72863180,101.68074366,1745.79450000,17182.94793809,7912.94957600
2,66,0.000000,0.819000,0.00000000,89.29817159,0.00000000,319.48502775,0.00000000,0.00000000,78.66539600,89.29817159,84.63531998,1492.48099468,17278.79333260,7912.94957600
2,67,0.000000,0.857000,0.00000000,106.72863180,0.00000000,321.02130939,0.00000000,0.00000000,94.69756566,106.72863180,101.68074366,1745.79450000,17627.95223244,7912.94957600
2,68,0.000000,0.902000,0.00000000,106.72863180,0.00000000,343.48192474,0.00000000,0.00000000,94.69756566,106.72863180,101.68074366,1745.79450000,17977.11113228,7912.94957600
2,69,0.000000,0.938000,0.00000000,106.72863180,0.00000000,361.45041702,0.00000000,0.00000000,94.69756566,106.72863180,101.68074366,1745.79450000,18326.27003211,7912.94957600
2,70,0.000000,0.919000,0.00000000,106.72863180,0.00000000,351.96704609,0.00000000,0.00000000,94.69756566,106.72863180,101.68074366,1745.79450000,18675.42893195,7912.94957600
2,71,0.000000,0.879000,0.00000000,57.67001469,0.00000000,381.06067179,0.00000000,0.00000000,49.73928100,57.67001469,53.75120360,1002.98064984,18281.77398162,7912.94957600
2,72,0.000000,0.829000,0.00000000,106.72863180,0.00000000,307.04581540,0.00000000,0.00000000,94.69756566,106.72863180,101.68074366,1745.79450000,18630.93288146,7912.94957600
2,73,0.000000,0.764000,0.00000000,106.72863180,0.00000000,274.60270434,0.00000000,0.00000000,94.69756566,106.72863180,101.68074366,1745.79450000,18980.09178129,7912.94957600
2,74,0.000000,0.678000,0.00000000,72.94337341,0.00000000,265.46323118,0.00000000,0.00000000,63.67817400,72.94337341,68.65710075,1244.73168631,18828.18786744,7912.94957600
2,75,0.000000,0.574000,0.00000000,106.72863180,0.00000000,179.76899509,0.00000000,0.00000000,94.69756566,106.72863180,101.68074366,1745.79450000,19177.34676727,7912.94957600
2,76,0.000000,0.484000,0.00000000,106.72863180,0.00000000,134.84776439,0.00000000,0.00000000,94.69756566,106.72863180,101.68074366,1745.79450000,19526.50566711,7912.94957600
2,77,0.000000,0.437000,0.00000000,106.72863180,0.00000000,111.38889947,0.00000000,0.00000000,94.69756566,106.72863180,101.68074366,1745.79450000,19875.66456695,7912.94957600
2,78,0.004000,0.425000,0.63992862,106.08870318,0.00000000,106.03933067,0.00000000,0.00000000,94.69756566,106.72863180,101.68074366,1745.79450000,20224.82346678,7912.94957600
2,79,0.180000,0.648000,28.79678789,14.68185167,0.00000000,308.75100935,0.00000000,0.00000000,36.84682300,43.47863956,39.91750131,767.66957627,19595.85744289,7912.94957600
2,80,0.393000,0.705000,62.87298690,43.85564490,0.00000000,308.02732889,0.00000000,0.00000000,94.69756566,106.72863180,101.68074366,1745.79450000,19945.01634272,7912.94957600
2,81,0.561000,0.604000,89.29817159,0.00000000,0.45181734,301.47137046,0.00000000,0.00000000,78.66539600,89.29817159,84.63531998,1492.48099468,20040.86173724,7912.94957600
2,82,0.672000,0.476000,106.72863180,0.00000000,0.77937634,237.58339791,0.00000000,0.00000000,94.69756566,106.72863180,101.68074366,1745.79450000,20390.02063707,7912.94957600
2,83,0.734000,0.352000,89.29817159,0.00000000,28.12873015,175.69192450,0.00000000,0.00000000,78.66539600,89.29817159,84.63531998,1492.48099468,20485.86603158,7912.94957600
2,84,0.749000,0.267000,106.72863180,0.00000000,13.09800227,133.26631773,0.00000000,0.00000000,94.69756566,106.72863180,101.68074366,1745.79450000,20835.02493142,7912.94957600
2,85,0.721000,0.238000,89.29817159,0.00000000,26.04896214,118.79169895,0.00000000,0.00000000,78.66539600,89.29817159,84.63531998,1492.48099468,20930.87032593,7912.94957600
2,86,0.650000,0.264000,103.98840073,2.74023107,0.00000000,129.02871230,0.00000000,0.00000000,94.69756566,106.72863180,101.68074366,1745.79450000,21280.02922577,7912.94957600
2,87,0.533000,0.352000,85.27048860,21.45814320,0.00000000,154.23378130,0.00000000,0.00000000,94.69756566,106.72863180,101.68074366,1745.79450000,21629.18812560,7912.94957600
2,88,0.364000,0.504000,58.23350441,48.49512739,0.00000000,203.06376451,0.00000000,0.00000000,94.69756566,106.72863180,101.68074366,1745.79450000,21978.34702544,7912.94957600
2,89,0.151000,0.706000,24.15730540,65.14086619,0.00000000,287.24123239,0.00000000,0.00000000,78.66539600,89.29817159,84.63531998,1492.48099468,22074.19241995,7912.94957600
2,90,0.000000,0.839000,0.00000000,57.67001469,0.00000000,361.09568037,0.00000000,0.00000000,49.73928100,57.67001469,53.75120360,1002.98064984,21680.53746962,7912.94957600
2,91,0.000000,0.868000,0.00000000,106.72863180,0.00000000,326.51168203,0.00000000,0.00000000,94.69756566,106.72863180,101.68074366,1745.79450000,22029.69636946,7912.94957600
2,92,0.000000,0.881000,0.00000000,106.72863180,0.00000000,333.00030424,0.00000000,0.00000000,94.69756566,106.72863180,101.68074366,1745.79450000,22378.85526929,7912.94957600
2,93,0.000000,0.889000,0.00000000,106.72863180,0.00000000,336.99330253,0.00000000,0.00000000,94.69756566,106.72863180,101.68074366,1745.79450000,22728.01416913,7912.94957600
2,94,0.000000,0.878000,0.00000000,106.72863180,0.00000000,331.50292989,0.00000000,0.00000000,94.69756566,106.72863180,101.68074366,1745.79450000,23077.17306897,7912.94957600
2,95,0.000000,0.827000,0.00000000,57.67001469,0.00000000,355.10618294,0.00000000,0.00000000,49.73928100,57.67001469,53.75120360,1002.98064984,22683.51811864,7912.94957600
2,96,0.000000,0.742000,0.00000000,89.29817159,0.00000000,281.05241927,0.00000000,0.00000000,78.66539600,89.29817159,84.63531998,1492.48099468,22779.36351315,7912.94957600
2,97,0.000000,0.645000,0.00000000,106.72863180,0.00000000,215.20685486,0.00000000,0.00000000,94.69756566,106.72863180,101.68074366,1745.79450000,23128.52241298,7912.94957600
2,98,0.000000,0.544000,0.00000000,89.29817159,0.00000000,182.22571173,0.00000000,0.00000000,78.66539600,89.29817159,84.63531998,1492.48099468,23224.36780750,7912.94957600
2,99,0.000000,0.431000,0.00000000,106.72863180,0.00000000,108.39415076,0.00000000,0.00000000,94.69756566,106.72863180,101.68074366,1745.79450000,23573.52670733,7912.94957600
2,100,0.000000,0.366000,0.00000000,89.29817159,0.00000000,93.38149991,0.00000000,0.00000000,78.66539600,89.29817159,84.63531998,1492.48099468,23669.37210184,7912.94957600
2,101,0.000000,0.337000,0.00000000,106.72863180,0.00000000,61.47642092,0.00000000,0.00000000,94.69756566,106.72863180,101.68074366,1745.79450000,24018.53100168,7912.94957600
2,102,0.002000,0.330000,0.31996431,106.40866749,0.00000000,58.30251173,0.00000000,0.00000000,94.69756566,106.72863180,101.68074366,1745.79450000,24367.68990152,7912.94957600
2,103,0.154000,0.466000,24.63725186,82.09137994,0.00000000,150.50077012,0.00000000,0.00000000,94.69756566,106.72863180,101.68074366,1745.79450000,24716.84880135,7912.94957600
2,104,0.385000,0.476000,61.59312966,45.13550214,0.00000000,192.44789577,0.00000000,0.00000000,94.69756566,106.72863180,101.68074366,1745.79450000,25066.00770119,7912.94957600
2,105,0.554000,0.421000,0.00000000,89.29817159,88.63011385,120.83336311,0.00000000,0.00000000,78.66539600,89.29817159,84.63531998,1492.48099468,25161.85309570,7912.94957600
2,106,0.668000,0.391000,106.72863180,0.00000000,0.13944772,195.15779114,0.00000000,0.00000000,94.69756566,106.72863180,101.68074366,1745.79450000,25511.01199553,7912.94957600
2,107,0.734000,0.388000,106.72863180,0.00000000,10.69826994,193.66041678,0.00000000,0.00000000,94.69756566,106.72863180,101.68074366,1745.79450000,25860.17089537,7912.94957600
2,108,0.753000,0.401000,89.29817159,0.00000000,31.16839110,200.14903899,0.00000000,0.00000000,78.66539600,89.29817159,84.63531998,1492.48099468,25956.01628988,7912.94957600
2,109,0.717000,0.424000,106.72863180,0.00000000,7.97857331,211.62890906,0.00000000,0.00000000,94.69756566,106.72863180,101.68074366,1745.79450000,26305.17518972,7912.94957600
2,110,0.640000,0.466000,102.38857918,4.34005262,0.00000000,228.25209743,0.00000000,0.00000000,94.69756566,106.72863180,101.68074366,1745.79450000,26654.33408955,7912.94957600
2,111,0.501000,0.516000,80.15105964,27.01182441,0.00000000,230.53656492,0.00000000,0.00000000,94.69756566,107.16288405,101.68074366,1745.79450000,26750.18426275,9348.12649749
2,112,0.300000,0.586000,47.99464649,41.90209523,0.00000000,250.58502909,0.00000000,0.00000000,78.66539600,89.89674172,84.63531998,1492.48099468,26496.87075722,9891.18697000
2,113,0.138000,0.644000,22.07753739,84.65109442,0.00000000,236.78526746,0.00000000,0.00000000,94.69756566,106.72863180,101.68074366,1745.79450000,26846.02965705,7912.94957600
2,114,0.000000,0.663000,0.00000000,107.32720193,0.00000000,223.59253088,0.00000000,0.00000000,94.69756566,107.32720193,101.68074366,1745.79450000,26846.02965685,9891.18697000
2,115,0.000000,0.644000,0.00000000,89.29817159,0.00000000,232.13819029,0.00000000,0.00000000,78.66539600,89.29817159,84.63531998,1492.48099468,26941.87505136,7912.94957600
2,116,0.000000,0.619000,0.00000000,107.32720193,0.00000000,201.63104031,0.00000000,0.00000000,94.69756566,107.32720193,101.68074366,1745.79450000,26941.87505115,9891.18697000
2,117,0.000000,0.604000,0.00000000,106.72863180,0.00000000,194.74273865,0.00000000,0.00000000,94.69756566,106.72863180,101.68074366,1745.79450000,27291.03395099,7912.94957600
2,118,0.000000,0.571000,0.00000000,107.32720193,0.00000000,177.67305061,0.00000000,0.00000000,94.69756566,107.32720193,101.68074366,1745.79450000,27291.03395079,9891.18697000
2,119,0.000000,0.511000,0.00000000,89.29817159,0.00000000,165.75459381,0.00000000,0.00000000,78.66539600,89.29817159,84.63531998,1492.48099468,27386.87934530,7912.94957600
2,120,0.000000,0.463000,0.00000000,106.72863180,0.00000000,124.36614390,0.00000000,0.00000000,94.69756566,106.72863180,101.68074366,1745.79450000,27736.03824513,7912.94957600
2,121,0.000000,0.420000,0.00000000,107.32720193,0.00000000,102.30520799,0.00000000,0.00000000,94.69756566,107.32720193,101.68074366,1745.79450000,27736.03824493,9891.18697000
2,122,0.000000,0.325000,0.00000000,89.29817159,0.00000000,72.91738370,0.00000000,0.00000000,78.66539600,89.29817159,84.63531998,1492.48099468,27831.88363944,7912.94957600
2,123,0.000000,0.274000,0.00000000,89.89674172,0.00000000,46.86344952,0.00000000,0.00000000,78.66539600,89.89674172,84.63531998,1492.48099468,27578.57013391,9891.18697000
2,124,0.000000,0.242000,0.00000000,107.32720193,0.00000000,13.46099617,0.00000000,0.00000000,94.69756566,107.32720193,101.68074366,1745.79450000,27578.57013371,9891.18697000
2,125,0.000000,0.225000,0.00000000,107.32720193,0.00000000,4.97587482,0.00000000,0.00000000,94.69756566,107.32720193,101.68074366,1745.79450000,27578.57013350,9891.18697000
2,126,0.000000,0.220000,0.00000000,107.32720193,0.00000000,2.48025089,0.00000000,0.00000000,94.69756566,107.32720193,101.68074366,1745.79450000,27578.57013330,9891.18697000
2,127,0.130000,0.341000,20.79768015,86.52952178,0.00000000,83.67203008,0.00000000,0.00000000,94.69756566,107.32720193,101.68074366,1745.79450000,27578.57013309,9891.18697000
2,128,0.309000,0.362000,49.43448588,57.89271604,0.00000000,122.79045632,0.00000000,0.00000000,94.69756566,107.32720193,101.68074366,1745.79450000,27578.57013289,9891.18697000
2,129,0.517000,0.328000,82.71077412,24.18216737,0.00000000,139.53076228,0.00000000,0.00000000,94.69756566,106.89294149,101.68074366,1745.79450000,27831.88363944,8455.98296570
2,130,0.636000,0.302000,101.74865056,5.57855140,0.00000000,145.15713383,0.00000000,0.00000000,94.69756569,107.32720195,101.68074369,1745.79450041,27831.88363964,9891.18697000
2,131,0.702000,0.286000,107.32720193,0.00000000,4.98027086,142.74968866,0.00000000,0.00000000,94.69756566,107.32720193,101.68074366,1745.79450000,27831.88363944,9891.18697000
2,132,0.720000,0.264000,44.07720969,0.00000000,71.10994189,131.76894338,0.00000000,0.00000000,36.84682300,44.07720969,39.91750131,767.66957627,26853.75871550,9891.18697000
2,133,0.674000,0.250000,89.89674172,0.00000000,17.93123073,124.78119638,0.00000000,0.00000000,78.66539600,89.89674172,84.63531998,1492.48099468,26600.44520997,9891.18697000
2,134,0.589000,0.253000,94.22948927,12.49914253,0.00000000,113.77942821,0.00000000,0.00000000,94.69756566,106.72863180,101.68074366,1745.79450000,26949.60410981,7912.94957600
2,135,0.449000,0.302000,71.83198758,34.89664422,0.00000000,115.83904101,0.00000000,0.00000000,94.69756566,106.72863180,101.68074366,1745.79450000,27298.76300965,7912.94957600
2,136,0.267000,0.398000,42.71523538,64.61196655,0.00000000,134.03969809,0.00000000,0.00000000,94.69756566,107.32720193,101.68074366,1745.79450000,27298.76300944,9891.18697000
2,137,0.116000,0.495000,18.55792998,54.38544343,0.00000000,192.68132540,0.00000000,0.00000000,63.67817400,72.94337341,68.65710075,1244.73168631,27146.85909559,7912.94957600
2,138,0.000000,0.567000,0.00000000,107.32720193,0.00000000,175.67655147,0.00000000,0.00000000,94.69756566,107.32720193,101.68074366,1745.79450000,27146.85909538,9891.18697000
2,139,0.000000,0.586000,0.00000000,107.32720193,0.00000000,185.15992239,0.00000000,0.00000000,94.69756566,107.32720193,101.68074366,1745.79450000,27146.85909518,9891.18697000
2,140,0.000000,0.575000,0.00000000,107.32720193,0.00000000,179.66954975,0.00000000,0.00000000,94.69756566,107.32720193,101.68074366,1745.79450000,27146.85909497,9891.18697000
2,141,0.000000,0.559000,0.00000000,106.72863180,0.00000000,172.28212331,0.00000000,0.00000000,94.69756566,106.72863180,101.68074366,1745.79450000,27496.01799481,7912.94957600
2,142,0.000000,0.544000,0.00000000,107.08004007,0.00000000,164.44384326,0.00000000,0.00000000,94.69756566,107.08004007,101.68074366,1745.79450000,27640.19285165,9074.33225588
2,143,0.000000,0.516000,0.00000000,107.32720193,0.00000000,150.22118740,0.00000000,0.00000000,94.69756566,107.32720193,101.68074366,1745.79450000,27640.19285144,9891.18697000
2,144,0.000000,0.479000,0.00000000,89.89674172,0.00000000,149.18403055,0.00000000,0.00000000,78.66539600,89.89674172,84.63531998,1492.48099468,27386.87934591,9891.18697000
2,145,0.000000,0.447000,0.00000000,106.72863180,0.00000000,116.38014733,0.00000000,0.00000000,94.69756566,106.72863180,101.68074366,1745.79450000,27736.03824575,7912.94957600
2,146,0.000000,0.468000,0.00000000,107.32720193,0.00000000,126.26319770,0.00000000,0.00000000,94.69756566,107.32720193,101.68074366,1745.79450000,27736.03824554,9891.18697000
2,147,0.000000,0.459000,0.00000000,107.32720193,0.00000000,121.77107463,0.00000000,0.00000000,94.69756566,107.32720193,101.68074366,1745.79450000,27736.03824534,9891.18697000
2,148,0.000000,0.464000,0.00000000,89.89674172,0.00000000,141.69715877,0.00000000,0.00000000,78.66539600,89.89674172,84.63531998,1492.48099468,27482.72473981,9891.18697000
2,149,0.000000,0.463000,0.00000000,107.32720193,0.00000000,123.76757377,0.00000000,0.00000000,94.69756566,107.32720193,101.68074366,1745.79450000,27482.72473960,9891.18697000
2,150,0.000000,0.454000,0.00000000,106.72863180,0.00000000,119.87402083,0.00000000,0.00000000,94.69756566,106.72863180,101.68074366,1745.79450000,27831.88363944,7912.94957600
2,151,0.115000,0.590000,0.00000000,89.89674172,18.39794782,204.58688174,0.00000000,0.00000000,78.66539600,89.89674172,84.63531998,1492.48099468,27578.57013391,9891.18697000
2,152,0.281000,0.619000,44.95498555,62.37221638,0.00000000,246.58602586,0.00000000,0.00000000,94.69756566,107.32720193,101.68074366,1745.79450000,27578.57013371,9891.18697000
2,153,0.433000,0.556000,69.27227310,38.05492883,0.00000000,239.45845192,0.00000000,0.00000000,94.69756566,107.32720193,101.68074366,1745.79450000,27578.57013350,9891.18697000
2,154,0.542000,0.464000,86.71032799,20.18261350,0.00000000,211.41128699,0.00000000,0.00000000,94.69756566,106.89294149,101.68074366,1745.79450000,27831.88363944,8455.98296918
2,155,0.598000,0.371000,95.66932867,0.00000000,0.00000000,185.17529543,0.00000000,0.00000000,84.23554898,95.66932867,90.55751401,1580.49125748,27831.88363944,8954.62468826
2,156,0.598000,0.310000,95.66932867,11.65787326,0.00000000,143.07081026,0.00000000,0.00000000,94.69756566,107.32720193,101.68074366,1745.79450000,27831.88363923,9891.18697000
2,157,0.573000,0.294000,91.66977480,9.06231715,0.00000000,137.68036979,0.00000000,0.00000000,88.63152251,100.73209194,95.23131875,1649.94905912,27736.03819815,9891.18697000
2,158,0.522000,0.320000,83.51068489,5.78748696,0.00000000,153.93244441,0.00000000,0.00000000,78.66539600,89.29817185,84.63532017,1492.48104146,27831.88363944,7912.94957600
2,159,0.404000,0.374000,0.00000000,44.00389633,64.63279061,142.66877345,0.00000000,0.00000000,36.84682300,44.00389633,39.91750131,767.66957627,26896.52397964,9648.89085592
2,160,0.260000,0.453000,2.39428050,0.00000000,39.20107979,226.10352784,0.00000000,0.00000000,0.00000000,2.39428050,0.00000000,0.00000000,25499.88837947,7912.94957600
2,161,0.104000,0.549000,16.63814412,72.66002747,0.00000000,201.35947978,0.00000000,0.00000000,78.66539600,89.29817159,84.63531998,1492.48099468,25595.73377399,7912.94957600
2,162,0.000000,0.638000,0.00000000,106.72863180,0.00000000,211.71298136,0.00000000,0.00000000,94.69756566,106.72863180,101.68074366,1745.79450000,25944.89267382,7912.94957600
2,163,0.000000,0.721000,0.00000000,89.29817159,0.00000000,270.57079877,0.00000000,0.00000000,78.66539600,89.29817159,84.63531998,1492.48099468,26040.73806833,7912.94957600
2,164,0.000000,0.816000,0.00000000,106.72863180,0.00000000,300.55719319,0.00000000,0.00000000,94.69756566,106.72863180,101.68074366,1745.79450000,26389.89696817,7912.94957600
2,165,0.000000,0.882000,0.00000000,106.72863180,0.00000000,333.49942903,0.00000000,0.00000000,94.69756566,106.72863180,101.68074366,1745.79450000,26739.05586801,7912.94957600
2,166,0.000000,0.884000,0.00000000,72.94337341,0.00000000,368.28293699,0.00000000,0.00000000,63.67817400,72.94337341,68.65710075,1244.73168631,26587.15195415,7912.94957600
2,167,0.000000,0.871000,0.00000000,106.72863180,0.00000000,328.00905639,0.00000000,0.00000000,94.69756566,106.72863180,101.68074366,1745.79450000,26936.31085399,7912.94957600
2,168,0.000000,0.847000,0.00000000,106.72863180,0.00000000,316.03006154,0.00000000,0.00000000,94.69756566,106.72863180,101.68074366,1745.79450000,27285.46975383,7912.94957600
2,169,0.000000,0.816000,0.00000000,106.72863180,0.00000000,300.55719319,0.00000000,0.00000000,94.69756566,106.72863180,101.68074366,1745.79450000,27634.62865366,7912.94957600
2,170,0.000000,0.777000,0.00000000,73.54194353,0.00000000,314.27801482,0.00000000,0.00000000,63.67817400,73.54194353,68.65710075,1244.73168631,27133.56583977,9891.18697000
2,171,0.000000,0.710000,0.00000000,106.72863180,0.00000000,247.64996592,0.00000000,0.00000000,94.69756566,106.72863180,101.68074366,1745.79450000,27482.72473960,7912.94957600
2,172,0.000000,0.646000,0.00000000,106.72863180,0.00000000,215.70597965,0.00000000,0.00000000,94.69756566,106.72863180,101.68074366,1745.79450000,27831.88363944,7912.94957600
2,173,0.000000,0.599000,0.00000000,30.37356422,0.00000000,268.60218230,0.00000000,0.00000000,25.00174700,30.37356422,27.15938231,539.40882693,26974.65686620,7912.94957600
2,174,0.004000,0.509000,0.63992862,106.08870318,0.00000000,147.96581265,0.00000000,0.00000000,94.69756566,106.72863180,101.68074366,1745.79450000,27323.81576604,7912.94957600
2,175,0.182000,0.705000,29.11675220,77.61187960,0.00000000,274.27109420,0.00000000,0.00000000,94.69756566,106.72863180,101.68074366,1745.79450000,27672.97466587,7912.94957600
2,176,0.396000,0.799000,63.35293337,25.94523822,0.00000000,372.85546541,0.00000000,0.00000000,78.66539600,89.29817159,84.63531998,1492.48099468,27768.82006038,7912.94957600
2,177,0.564000,0.777000,90.22993540,17.09726653,0.00000000,370.72269183,0.00000000,0.00000000,94.69756566,107.32720193,101.68074366,1745.79450000,27768.82006018,9891.18697000
2,178,0.676000,0.733000,107.32720193,0.00000000,0.82073483,365.85846779,0.00000000,0.00000000,94.69756566,107.32720193,101.68074366,1745.79450000,27768.82005997,9891.18697000
2,179,0.738000,0.691000,107.32720193,0.00000000,10.73962844,344.89522680,0.00000000,0.00000000,94.69756566,107.32720193,101.68074366,1745.79450000,27768.82005977,9891.18697000
2,180,0.755000,0.663000,107.32720193,0.00000000,13.45932507,330.91973280,0.00000000,0.00000000,94.69756566,107.32720193,101.68074366,1745.79450000,27768.82005956,9891.18697000
2,181,0.728000,0.668000,107.32720193,0.00000000,9.13980689,333.41535673,0.00000000,0.00000000,94.69756566,107.32720193,101.68074366,1745.79450000,27768.82005936,9891.18697000
2,182,0.651000,0.705000,89.89674172,0.00000000,14.25164117,351.88297379,0.00000000,0.00000000,78.66539600,89.89674172,84.63531998,1492.48099468,27515.50655383,9891.18697000
2,183,0.497000,0.765000,73.54194353,0.00000000,5.96918748,381.83046092,0.00000000,0.00000000,63.67817400,73.54194353,68.65710075,1244.73168631,27014.44373994,9891.18697000
2,184,0.290000,0.825000,46.39482494,43.50191678,0.00000000,368.27603128,0.00000000,0.00000000,78.66539600,89.89674172,84.63531998,1492.48099468,26761.13023441,9891.18697000
2,185,0.122000,0.871000,19.51782291,87.21080889,0.00000000,347.52687929,0.00000000,0.00000000,94.69756566,106.72863180,101.68074366,1745.79450000,27110.28913424,7912.94957600
2,186,0.000000,0.895000,0.00000000,89.29817159,0.00000000,357.41851145,0.00000000,0.00000000,78.66539600,89.29817159,84.63531998,1492.48099468,27206.13452875,7912.94957600
2,187,0.000000,0.913000,0.00000000,107.32720193,0.00000000,348.37372726,0.00000000,0.00000000,94.69756566,107.32720193,101.68074366,1745.79450000,27206.13452855,9891.18697000
2,188,0.000000,0.910000,0.00000000,107.32720193,0.00000000,346.87635290,0.00000000,0.00000000,94.69756566,107.32720193,101.68074366,1745.79450000,27206.13452834,9891.18697000
2,189,0.000000,0.890000,0.00000000,107.32720193,0.00000000,336.89385719,0.00000000,0.00000000,94.69756566,107.32720193,101.68074366,1745.79450000,27206.13452814,9891.18697000
2,190,0.000000,0.838000,0.00000000,106.72863180,0.00000000,311.53793847,0.00000000,0.00000000,94.69756566,106.72863180,101.68074366,1745.79450000,27555.29342798,7912.94957600
2,191,0.000000,0.772000,0.00000000,107.32720193,0.00000000,277.99713250,0.00000000,0.00000000,94.69756566,107.32720193,101.68074366,1745.79450000,27555.29342777,9891.18697000
2,192,0.000000,0.720000,0.00000000,107.32720193,0.00000000,252.04264365,0.00000000,0.00000000,94.69756566,107.32720193,101.68074366,1745.79450000,27555.29342757,9891.18697000
2,193,0.000000,0.657000,0.00000000,107.32720193,0.00000000,220.59778216,0.00000000,0.00000000,94.69756566,107.32720193,101.68074366,1745.79450000,27555.29342736,9891.18697000
2,194,0.000000,0.591000,0.00000000,107.32720193,0.00000000,187.65554632,0.00000000,0.00000000,94.69756566,107.32720193,101.68074366,1745.79450000,27555.29342716,9891.18697000
2,195,0.000000,0.532000,0.00000000,106.85303776,0.00000000,158.68134814,0.00000000,0.00000000,94.69756566,106.85303776,101.68074366,1745.79450000,27831.88363964,8324.10361196
2,196,0.000000,0.473000,0.00000000,107.32720193,0.00000000,128.75882163,0.00000000,0.00000000,94.69756566,107.32720193,101.68074366,1745.79450000,27831.88363944,9891.18697000
2,197,0.000000,0.444000,0.00000000,30.97213435,0.00000000,190.63927042,0.00000000,0.00000000,25.00174700,30.97213435,27.15938231,539.40882693,26625.49796616,9891.18697000
2,198,0.005000,0.447000,0.79991077,105.92872103,0.00000000,117.18005810,0.00000000,0.00000000,94.69756566,106.72863180,101.68074366,1745.79450000,26974.65686600,7912.94957600
2,199,0.185000,0.710000,29.59669867,77.73050326,0.00000000,276.64809446,0.00000000,0.00000000,94.69756566,107.32720193,101.68074366,1745.79450000,26974.65686579,9891.18697000
2,200,0.397000,0.806000,63.51291552,25.78525607,0.00000000,376.50932106,0.00000000,0.00000000,78.66539600,89.29817159,84.63531998,1492.48099468,27070.50226030,7912.94957600
2,201,0.568000,0.797000,90.86986402,16.45733791,0.00000000,381.34511616,0.00000000,0.00000000,94.69756566,107.32720193,101.68074366,1745.79450000,27070.50226010,9891.18697000
2,202,0.680000,0.759000,0.00000000,43.47863956,108.78786538,335.35707265,0.00000000,0.00000000,36.84682300,43.47863956,39.91750131,767.66957627,26441.53623620,7912.94957600
2,203,0.744000,0.711000,106.72863180,0.00000000,12.29809149,354.87772251,0.00000000,0.00000000,94.69756566,106.72863180,101.68074366,1745.79450000,26790.69513604,7912.94957600
2,204,0.761000,0.661000,106.72863180,0.00000000,15.01778813,329.92148323,0.00000000,0.00000000,94.69756566,106.72863180,101.68074366,1745.79450000,27139.85403587,7912.94957600
2,205,0.734000,0.630000,106.72863180,0.00000000,10.69826994,314.44861488,0.00000000,0.00000000,94.69756566,106.72863180,101.68074366,1745.79450000,27489.01293571,7912.94957600
2,206,0.663000,0.635000,89.89674172,0.00000000,16.17142703,316.94423881,0.00000000,0.00000000,78.66539600,89.89674172,84.63531998,1492.48099468,27235.69943018,9891.18697000
2,207,0.543000,0.673000,86.87031015,19.85832165,0.00000000,316.05265900,0.00000000,0.00000000,94.69756566,106.72863180,101.68074366,1745.79450000,27584.85833002,7912.94957600
2,208,0.374000,0.729000,2.99285063,0.00000000,56.84047533,363.86196865,0.00000000,0.00000000,0.00000000,2.99285063,0.00000000,0.00000000,25839.06382981,9891.18697000
2,209,0.163000,0.796000,26.07709126,80.65154054,0.00000000,316.65178873,0.00000000,0.00000000,94.69756566,106.72863180,101.68074366,1745.79450000,26188.22272965,7912.94957600
2,210,0.000000,0.848000,0.00000000,106.72863180,0.00000000,316.52918632,0.00000000,0.00000000,94.69756566,106.72863180,101.68074366,1745.79450000,26537.38162948,7912.94957600
2,211,0.000000,0.902000,0.00000000,106.72863180,0.00000000,343.48192474,0.00000000,0.00000000,94.69756566,106.72863180,101.68074366,1745.79450000,26886.54052932,7912.94957600
2,212,0.000000,0.934000,0.00000000,73.54194353,0.00000000,392.64060614,0.00000000,0.00000000,63.67817400,73.54194353,68.65710075,1244.73168631,26385.47771543,9891.18697000
2,213,0.000000,0.918000,0.00000000,89.89674172,0.00000000,368.29981139,0.00000000,0.00000000,78.66539600,89.89674172,84.63531998,1492.48099468,26132.16420990,9891.18697000
2,214,0.000000,0.907000,0.00000000,89.89674172,0.00000000,362.80943875,0.00000000,0.00000000,78.66539600,89.89674172,84.63531998,1492.48099468,25878.85070437,9891.18697000
2,215,0.000000,0.876000,0.00000000,106.72863180,0.00000000,330.50468032,0.00000000,0.00000000,94.69756566,106.72863180,101.68074366,1745.79450000,26228.00960420,7912.94957600
2,216,0.000000,0.833000,0.00000000,106.72863180,0.00000000,309.04231454,0.00000000,0.00000000,94.69756566,106.72863180,101.68074366,1745.79450000,26577.16850404,7912.94957600
2,217,0.000000,0.779000,0.00000000,106.97192891,0.00000000,281.84627902,0.00000000,0.00000000,94.69756566,106.97192891,101.68074366,1745.79450000,26784.40693993,8717.03152469
2,218,0.000000,0.711000,0.00000000,106.72863180,0.00000000,248.14909071,0.00000000,0.00000000,94.69756566,106.72863180,101.68074366,1745.79450000,27133.56583977,7912.94957600
2,219,0.000000,0.650000,0.00000000,106.72863180,0.00000000,217.70247879,0.00000000,0.00000000,94.69756566,106.72863180,101.68074366,1745.79450000,27482.72473960,7912.94957600
2,220,0.000000,0.583000,0.00000000,106.72863180,0.00000000,184.26111816,0.00000000,0.00000000,94.69756566,106.72863180,101.68074366,1745.79450000,27831.88363944,7912.94957600
2,221,0.000000,0.517000,0.00000000,107.32720193,0.00000000,150.72031219,0.00000000,0.00000000,94.69756566,107.32720193,101.68074366,1745.79450000,27831.88363923,9891.18697000
2,222,0.005000,0.433000,0.79991077,106.52729115,0.00000000,109.59374098,0.00000000,0.00000000,94.69756566,107.32720193,101.68074366,1745.79450000,27831.88363903,9891.18697000
2,223,0.185000,0.674000,29.59669867,43.94524487,0.00000000,292.46486058,0.00000000,0.00000000,63.67817400,73.54194353,68.65710075,1244.73168631,27330.82082514,9891.18697000
2,224,0.399000,0.765000,63.83287983,26.06386188,0.00000000,355.76659904,0.00000000,0.00000000,78.66539600,89.89674172,84.63531998,1492.48099468,27077.50731961,9891.18697000
2,225,0.569000,0.703000,89.89674172,0.00000000,1.13310446,350.88472422,0.00000000,0.00000000,78.66539600,89.89674172,84.63531998,1492.48099468,26824.19381408,9891.18697000
2,226,0.681000,0.621000,106.72863180,0.00000000,2.21921573,309.95649181,0.00000000,0.00000000,94.69756566,106.72863180,101.68074366,1745.79450000,27173.35271391,7912.94957600
2,227,0.743000,0.535000,107.32720193,0.00000000,11.53953921,267.03176025,0.00000000,0.00000000,94.69756566,107.32720193,101.68074366,1745.79450000,27173.35271371,9891.18697000
2,228,0.758000,0.459000,106.79683924,0.00000000,14.46963423,229.09827655,0.00000000,0.00000000,94.69756566,106.79683924,101.68074366,1745.79450000,27482.72473981,8138.37095694
2,229,0.727000,0.398000,107.32720193,0.00000000,8.97982473,198.65166464,0.00000000,0.00000000,94.69756566,107.32720193,101.68074366,1745.79450000,27482.72473960,9891.18697000
2,230,0.654000,0.386000,104.62832935,2.10030245,0.00000000,190.56186476,0.00000000,0.00000000,94.69756566,106.72863180,101.68074366,1745.79450000,27831.88363944,7912.94957600
2,231,0.535000,0.425000,85.59045291,21.73674902,0.00000000,190.39128483,0.00000000,0.00000000,94.69756566,107.32720193,101.68074366,1745.79450000,27831.88363923,9891.18697000
2,232,0.358000,0.512000,57.27361148,50.05359045,0.00000000,205.49829974,0.00000000,0.00000000,94.69756566,107.32720193,101.68074366,1745.79450000,27831.88363903,9891.18697000
2,233,0.138000,0.646000,22.07753739,67.54925358,0.00000000,254.88535787,0.00000000,0.00000000,78.66539600,89.62679097,84.63531998,1492.48099468,27736.03824513,8999.01636585
2,234,0.000000,0.803000,0.00000000,89.89674172,0.00000000,310.90046106,0.00000000,0.00000000,78.66539600,89.89674172,84.63531998,1492.48099468,27482.72473960,9891.18697000
2,235,0.000000,0.900000,0.00000000,106.72863180,0.00000000,342.48367517,0.00000000,0.00000000,94.69756566,106.72863180,101.68074366,1745.79450000,27831.88363944,7912.94957600
2,236,0.000000,0.937000,0.00000000,107.32720193,0.00000000,360.35272211,0.00000000,0.00000000,94.69756566,107.32720193,101.68074366,1745.79450000,27831.88363923,9891.18697000
2,237,0.000000,0.942000,0.00000000,89.89674172,0.00000000,380.27880625,0.00000000,0.00000000,78.66539600,89.89674172,84.63531998,1492.48099468,27578.57013371,9891.18697000
2,238,0.000000,0.927000,0.00000000,89.89674172,0.00000000,372.79193446,0.00000000,0.00000000,78.66539600,89.89674172,84.63531998,1492.48099468,27325.25662818,9891.18697000
2,239,0.000000,0.910000,0.00000000,89.89674172,0.00000000,364.30681311,0.00000000,0.00000000,78.66539600,89.89674172,84.63531998,1492.48099468,27071.94312265,9891.18697000
2,240,0.000000,0.879000,0.00000000,106.72863180,0.00000000,332.00205467,0.00000000,0.00000000,94.69756566,106.72863180,101.68074366,1745.79450000,27421.10202248,7912.94957600
2,241,0.000000,0.840000,0.00000000,106.72863180,0.00000000,312.53618804,0.00000000,0.00000000,94.69756566,106.72863180,101.68074366,1745.79450000,27770.26092232,7912.94957600
2,242,0.000000,0.799000,0.00000000,107.32720193,0.00000000,291.47350171,0.00000000,0.00000000,94.69756566,107.32720193,101.68074366,1745.79450000,27770.26092211,9891.18697000
2,243,0.000000,0.741000,0.00000000,107.32720193,0.00000000,262.52426415,0.00000000,0.00000000,94.69756566,107.32720193,101.68074366,1745.79450000,27770.26092191,9891.18697000
2,244,0.000000,0.676000,0.00000000,107.32720193,0.00000000,230.08115309,0.00000000,0.00000000,94.69756566,107.32720193,101.68074366,1745.79450000,27770.26092170,9891.18697000
2,245,0.000000,0.624000,0.00000000,73.17589053,0.00000000,238.27797563,0.00000000,0.00000000,63.67817400,73.17589053,68.65710075,1244.73168631,27482.72473960,8681.40435360
2,246,0.005000,0.618000,0.79991077,105.92872103,0.00000000,202.53039643,0.00000000,0.00000000,94.69756566,106.72863180,101.68074366,1745.79450000,27831.88363944,7912.94957600
2,247,0.181000,0.770000,28.95677005,78.37043188,0.00000000,305.95565297,0.00000000,0.00000000,94.69756566,107.32720193,101.68074366,1745.79450000,27831.88363923,9891.18697000
2,248,0.394000,0.835000,63.03296906,44.29423287,0.00000000,372.47496304,0.00000000,0.00000000,94.69756566,107.32720193,101.68074366,1745.79450000,27831.88363903,9891.18697000
2,249,0.566000,0.789000,89.89674172,0.00000000,0.65315799,393.80945578,0.00000000,0.00000000,78.66539600,89.89674172,84.63531998,1492.48099468,27578.57013350,9891.18697000
2,250,0.682000,0.710000,106.89294149,0.00000000,2.21488820,354.37859772,0.00000000,0.00000000,94.69756566,106.89294149,101.68074366,1745.79450000,27831.88364005,8455.98296570
2,251,0.743000,0.610000,107.32720193,0.00000000,11.53953921,304.46611917,0.00000000,0.00000000,94.69756566,107.32720193,101.68074366,1745.79450000,27831.88363985,9891.18697000
2,252,0.760000,0.507000,107.32720193,0.00000000,14.25923585,253.05626626,0.00000000,0.00000000,94.69756566,107.32720193,101.68074366,1745.79450000,27831.88363964,9891.18697000
2,253,0.733000,0.440000,107.32720193,0.00000000,9.93971766,219.61490563,0.00000000,0.00000000,94.69756566,107.32720193,101.68074366,1745.79450000,27831.88363944,9891.18697000
2,254,0.663000,0.432000,2.39428050,0.00000000,103.67388824,215.62190735,0.00000000,0.00000000,0.00000000,2.39428050,0.00000000,0.00000000,26435.24803928,7912.94957600
2,255,0.544000,0.484000,87.03029230,19.69833950,0.00000000,221.87805669,0.00000000,0.00000000,94.69756566,106.72863180,101.68074366,1745.79450000,26784.40693911,7912.94957600
2,256,0.376000,0.580000,60.15329027,29.14488132,0.00000000,260.34749428,0.00000000,0.00000000,78.66539600,89.29817159,84.63531998,1492.48099468,26880.25233362,7912.94957600
2,257,0.168000,0.702000,26.87700203,62.42116956,0.00000000,287.96442988,0.00000000,0.00000000,78.66539600,89.29817159,84.63531998,1492.48099468,26976.09772813,7912.94957600
2,258,0.000000,0.820000,0.00000000,106.72863180,0.00000000,302.55369233,0.00000000,0.00000000,94.69756566,106.72863180,101.68074366,1745.79450000,27325.25662797,7912.94957600
2,259,0.000000,0.894000,0.00000000,89.29817159,0.00000000,356.91938667,0.00000000,0.00000000,78.66539600,89.29817159,84.63531998,1492.48099468,27421.10202248,7912.94957600
2,260,0.000000,0.936000,0.00000000,107.32720193,0.00000000,359.85359732,0.00000000,0.00000000,94.69756566,107.32720193,101.68074366,1745.79450000,27421.10202228,9891.18697000
2,261,0.000000,0.950000,0.00000000,106.72863180,0.00000000,367.43991445,0.00000000,0.00000000,94.69756566,106.72863180,101.68074366,1745.79450000,27770.26092211,7912.94957600
2,262,0.000000,0.944000,0.00000000,107.32720193,0.00000000,363.84659561,0.00000000,0.00000000,94.69756566,107.32720193,101.68074366,1745.79450000,27770.26092191,9891.18697000
2,263,0.000000,0.928000,0.00000000,89.89674172,0.00000000,373.29105925,0.00000000,0.00000000,78.66539600,89.89674172,84.63531998,1492.48099468,27516.94741638,9891.18697000
2,264,0.000000,0.904000,0.00000000,89.29817159,0.00000000,361.91063452,0.00000000,0.00000000,78.66539600,89.29817159,84.63531998,1492.48099468,27612.79281089,7912.94957600
2,265,0.000000,0.874000,0.00000000,107.32720193,0.00000000,328.90786062,0.00000000,0.00000000,94.69756566,107.32720193,101.68074366,1745.79450000,27612.79281069,9891.18697000
2,266,0.000000,0.835000,0.00000000,89.68545959,0.00000000,327.08373632,0.00000000,0.00000000,78.66539600,89.68545959,84.63531998,1492.48099468,27482.72474001,9192.91255154
2,267,0.000000,0.781000,0.00000000,106.72863180,0.00000000,283.08782569,0.00000000,0.00000000,94.69756566,106.72863180,101.68074366,1745.79450000,27831.88363985,7912.94957600
2,268,0.000000,0.700000,0.00000000,107.32720193,0.00000000,242.06014794,0.00000000,0.00000000,94.69756566,107.32720193,101.68074366,1745.79450000,27831.88363964,9891.18697000
2,269,0.000000,0.616000,0.00000000,107.32720193,0.00000000,200.13366596,0.00000000,0.00000000,94.69756566,107.32720193,101.68074366,1745.79450000,27831.88363944,9891.18697000
2,270,0.006000,0.567000,0.95989293,88.93684879,0.00000000,194.06690460,0.00000000,0.00000000,78.66539600,89.89674172,84.63531998,1492.48099468,27578.57013391,9891.18697000
2,271,0.192000,0.777000,30.71657375,76.61062817,0.00000000,311.20933018,0.00000000,0.00000000,94.69756566,107.32720193,101.68074366,1745.79450000,27578.57013371,9891.18697000
2,272,0.401000,0.862000,64.15284414,42.74009735,0.00000000,387.50546777,0.00000000,0.00000000,94.69756566,106.89294149,101.68074366,1745.79450000,27831.88363964,8455.98296918
2,273,0.568000,0.844000,90.86986402,16.45733791,0.00000000,404.80398108,0.00000000,0.00000000,94.69756566,107.32720193,101.68074366,1745.79450000,27831.88363944,9891.18697000
2,274,0.683000,0.800000,107.32720193,0.00000000,1.94060992,399.29982842,0.00000000,0.00000000,94.69756566,107.32720193,101.68074366,1745.79450000,27831.88363923,9891.18697000
2,275,0.746000,0.744000,107.32720193,0.00000000,12.01948568,371.34884043,0.00000000,0.00000000,94.69756566,107.32720193,101.68074366,1745.79450000,27831.88363944,9891.18696768
2,276,0.762000,0.683000,2.39428050,0.00000000,119.51212158,340.90222851,0.00000000,0.00000000,0.00000000,2.39428050,0.00000000,0.00000000,26435.24803928,7912.94957600
2,277,0.735000,0.635000,106.72863180,0.00000000,10.85825210,316.94423881,0.00000000,0.00000000,94.69756566,106.72863180,101.68074366,1745.79450000,26784.40693911,7912.94957600
2,278,0.663000,0.618000,72.94337341,0.00000000,33.12479533,308.45911745,0.00000000,0.00000000,63.67817400,72.94337341,68.65710075,1244.73168631,26632.50302526,7912.94957600
2,279,0.544000,0.637000,87.03029230,19.69833950,0.00000000,298.24414888,0.00000000,0.00000000,94.69756566,106.72863180,101.68074366,1745.79450000,26981.66192510,7912.94957600
2,280,0.375000,0.684000,43.47863956,0.00000000,16.51466855,341.40135330,0.00000000,0.00000000,36.84682300,43.47863956,39.91750131,767.66957627,26352.69590120,7912.94957600
2,281,0.166000,0.757000,26.55703772,80.17159408,0.00000000,297.66586856,0.00000000,0.00000000,94.69756566,106.72863180,101.68074366,1745.79450000,26701.85480104,7912.94957600
2,282,0.000000,0.833000,0.00000000,89.29817159,0.00000000,326.47277475,0.00000000,0.00000000,78.66539600,89.29817159,84.63531998,1492.48099468,26797.70019555,7912.94957600
2,283,0.000000,0.905000,0.00000000,106.72863180,0.00000000,344.97929910,0.00000000,0.00000000,94.69756566,106.72863180,101.68074366,1745.79450000,27146.85909538,7912.94957600
2,284,0.000000,0.946000,0.00000000,89.89674172,0.00000000,382.27530539,0.00000000,0.00000000,78.66539600,89.89674172,84.63531998,1492.48099468,26893.54558985,9891.18697000
2,285,0.000000,0.958000,0.00000000,89.29817159,0.00000000,388.86337294,0.00000000,0.00000000,78.66539600,89.29817159,84.63531998,1492.48099468,26989.39098437,7912.94957600
2,286,0.000000,0.945000,0.00000000,106.72863180,0.00000000,364.94429052,0.00000000,0.00000000,94.69756566,106.72863180,101.68074366,1745.79450000,27338.54988420,7912.94957600
2,287,0.000000,0.925000,0.00000000,72.94337341,0.00000000,388.74705320,0.00000000,0.00000000,63.67817400,72.94337341,68.65710075,1244.73168631,27186.64597035,7912.94957600
2,288,0.000000,0.900000,0.00000000,106.72863180,0.00000000,342.48367517,0.00000000,0.00000000,94.69756566,106.72863180,101.68074366,1745.79450000,27535.80487019,7912.94957600
2,289,0.000000,0.857000,0.00000000,107.32720193,0.00000000,320.42273927,0.00000000,0.00000000,94.69756566,107.32720193,101.68074366,1745.79450000,27535.80486998,9891.18697000
2,290,0.000000,0.801000,0.00000000,73.54194353,0.00000000,326.25700967,0.00000000,0.00000000,63.67817400,73.54194353,68.65710075,1244.73168631,27034.74205609,9891.18697000
2,291,0.000000,0.741000,0.00000000,106.72863180,0.00000000,263.12283427,0.00000000,0.00000000,94.69756566,106.72863180,101.68074366,1745.79450000,27383.90095592,7912.94957600
2,292,0.000000,0.675000,0.00000000,89.89674172,0.00000000,247.01248851,0.00000000,0.00000000,78.66539600,89.89674172,84.63531998,1492.48099468,27130.58745039,9891.18697000
2,293,0.000000,0.628000,0.00000000,107.32720193,0.00000000,206.12316338,0.00000000,0.00000000,94.69756566,107.32720193,101.68074366,1745.79450000,27130.58745019,9891.18697000
2,294,0.006000,0.577000,0.95989293,88.93684879,0.00000000,199.05815246,0.00000000,0.00000000,78.66539600,89.89674172,84.63531998,1492.48099468,26877.27394466,9891.18697000
2,295,0.188000,0.777000,30.07664513,76.65198667,0.00000000,311.16797168,0.00000000,0.00000000,94.69756566,106.72863180,101.68074366,1745.79450000,27226.43284449,7912.94957600
2,296,0.398000,0.860000,63.67289768,43.21493790,0.00000000,386.03237765,0.00000000,0.00000000,94.69756566,106.88783557,101.68074366,1745.79450000,27482.72474001,8439.10824069
2,297,0.561000,0.843000,89.74998894,17.57721299,0.00000000,403.18498120,0.00000000,0.00000000,94.69756566,107.32720193,101.68074366,1745.79450000,27482.72473981,9891.18697000
2,298,0.674000,0.807000,107.32720193,0.00000000,0.50077052,402.79370192,0.00000000,0.00000000,94.69756566,107.32720193,101.68074366,1745.79450000,27482.72473960,9891.18697000
2,299,0.736000,0.764000,106.72863180,0.00000000,11.01823425,381.33133614,0.00000000,0.00000000,94.69756566,106.72863180,101.68074366,1745.79450000,27831.88363944,7912.94957600
2,300,0.755000,0.723000,2.39428050,0.00000000,118.39224650,360.86721993,0.00000000,0.00000000,0.00000000,2.39428050,0.00000000,0.00000000,26435.24803928,7912.94957600
2,301,0.727000,0.686000,106.72863180,0.00000000,9.57839486,342.39960287,0.00000000,0.00000000,94.69756566,106.72863180,101.68074366,1745.79450000,26784.40693911,7912.94957600
2,302,0.657000,0.679000,105.10827581,1.62035599,0.00000000,337.28537338,0.00000000,0.00000000,94.69756566,106.72863180,101.68074366,1745.79450000,27133.56583895,7912.94957600
2,303,0.540000,0.712000,0.00000000,30.37356422,86.39036368,325.00328307,0.00000000,0.00000000,25.00174700,30.37356422,27.15938231,539.40882693,26276.33906571,7912.94957600
2,304,0.371000,0.763000,57.67001469,0.00000000,1.68336480,380.83221135,0.00000000,0.00000000,49.73928100,57.67001469,53.75120360,1002.98064984,25882.68411538,7912.94957600
2,305,0.163000,0.824000,26.07709126,63.81965046,0.00000000,347.45917281,0.00000000,0.00000000,78.66539600,89.89674172,84.63531998,1492.48099468,25629.37060985,9891.18697000
2,306,0.000000,0.862000,0.00000000,106.72863180,0.00000000,323.51693332,0.00000000,0.00000000,94.69756566,106.72863180,101.68074366,1745.79450000,25978.52950969,7912.94957600
2,307,0.000000,0.902000,0.00000000,106.72863180,0.00000000,343.48192474,0.00000000,0.00000000,94.69756566,106.72863180,101.68074366,1745.79450000,26327.68840952,7912.94957600
2,308,0.000000,0.928000,0.00000000,106.72863180,0.00000000,356.45916916,0.00000000,0.00000000,94.69756566,106.72863180,101.68074366,1745.79450000,26676.84730936,7912.94957600
2,309,0.000000,0.924000,0.00000000,106.72863180,0.00000000,354.46267002,0.00000000,0.00000000,94.69756566,106.72863180,101.68074366,1745.79450000,27026.00620920,7912.94957600
2,310,0.000000,0.908000,0.00000000,89.29817159,0.00000000,363.90713366,0.00000000,0.00000000,78.66539600,89.29817159,84.63531998,1492.48099468,27121.85160371,7912.94957600
2,311,0.000000,0.874000,0.00000000,106.72863180,0.00000000,329.50643075,0.00000000,0.00000000,94.69756566,106.72863180,101.68074366,1745.79450000,27471.01050354,7912.94957600
2,312,0.000000,0.834000,0.00000000,106.72863180,0.00000000,309.54143932,0.00000000,0.00000000,94.69756566,106.72863180,101.68074366,1745.79450000,27820.16940338,7912.94957600
2,313,0.000000,0.796000,0.00000000,107.32720193,0.00000000,289.97612735,0.00000000,0.00000000,94.69756566,107.32720193,101.68074366,1745.79450000,27820.16940317,9891.18697000
2,314,0.000000,0.755000,0.00000000,72.94337341,0.00000000,303.89583966,0.00000000,0.00000000,63.67817400,72.94337341,68.65710075,1244.73168631,27668.26548932,7912.94957600
2,315,0.000000,0.722000,0.00000000,107.04670804,0.00000000,253.32138711,0.00000000,0.00000000,94.69756566,107.04670804,101.68074366,1745.79450000,27831.88363944,8964.17195400
2,316,0.000000,0.690000,0.00000000,89.89674172,0.00000000,254.49936029,0.00000000,0.00000000,78.66539600,89.89674172,84.63531998,1492.48099468,27578.57013391,9891.18697000
2,317,0.000000,0.654000,0.00000000,89.89674172,0.00000000,236.53086802,0.00000000,0.00000000,78.66539600,89.89674172,84.63531998,1492.48099468,27325.25662838,9891.18697000
2,318,0.006000,0.631000,0.95989293,106.36730900,0.00000000,208.58043067,0.00000000,0.00000000,94.69756566,107.32720193,101.68074366,1745.79450000,27325.25662818,9891.18697000
2,319,0.181000,0.782000,28.95677005,78.10048112,0.00000000,312.21510115,0.00000000,0.00000000,94.69756566,107.05725117,101.68074366,1745.79450000,27482.72474083,8999.01635888
2,320,0.384000,0.855000,61.43314751,45.89405442,0.00000000,380.85763720,0.00000000,0.00000000,94.69756566,107.32720193,101.68074366,1745.79450000,27482.72474063,9891.18697000
2,321,0.547000,0.840000,87.51023877,19.81696316,0.00000000,399.44785668,0.00000000,0.00000000,94.69756566,107.32720193,101.68074366,1745.79450000,27482.72474042,9891.18697000
2,322,0.666000,0.800000,106.54811521,0.77908672,0.00000000,398.52074170,0.00000000,0.00000000,94.69756566,107.32720193,101.68074366,1745.79450000,27482.72474022,9891.18697000
2,323,0.730000,0.770000,107.32720193,0.00000000,9.45977120,384.32608485,0.00000000,0.00000000,94.69756566,107.32720193,101.68074366,1745.79450000,27482.72474001,9891.18697000
2,324,0.747000,0.757000,106.72863180,0.00000000,12.77803796,377.83746264,0.00000000,0.00000000,94.69756566,106.72863180,101.68074366,1745.79450000,27831.88363985,7912.94957600
2,325,0.719000,0.763000,107.32720193,0.00000000,7.69996749,380.83221135,0.00000000,0.00000000,94.69756566,107.32720193,101.68074366,1745.79450000,27831.88363964,9891.18697000
2,326,0.644000,0.778000,103.02850780,4.29869413,0.00000000,384.02038901,0.00000000,0.00000000,94.69756566,107.32720193,101.68074366,1745.79450000,27831.88363944,9891.18697000
2,327,0.525000,0.797000,2.95294690,0.00000000,81.03768446,397.80245406,0.00000000,0.00000000,0.00000000,2.95294690,0.00000000,0.00000000,26109.36584619,9759.30761045
2,328,0.355000,0.821000,56.79366501,49.93496679,0.00000000,359.84648213,0.00000000,0.00000000,94.69756566,106.72863180,101.68074366,1745.79450000,26458.52474603,7912.94957600
2,329,0.149000,0.850000,2.39428050,0.00000000,21.44306059,424.25606769,0.00000000,0.00000000,0.00000000,2.39428050,0.00000000,0.00000000,25061.88914587,7912.94957600
2,330,0.000000,0.866000,0.00000000,89.89674172,0.00000000,342.34532255,0.00000000,0.00000000,78.66539600,89.89674172,84.63531998,1492.48099468,24808.57564034,9891.18697000
2,331,0.000000,0.898000,0.00000000,106.72863180,0.00000000,341.48542560,0.00000000,0.00000000,94.69756566,106.72863180,101.68074366,1745.79450000,25157.73454017,7912.94957600
2,332,0.000000,0.930000,0.00000000,106.72863180,0.00000000,357.45741873,0.00000000,0.00000000,94.69756566,106.72863180,101.68074366,1745.79450000,25506.89344001,7912.94957600
2,333,0.000000,0.939000,0.00000000,106.72863180,0.00000000,361.94954180,0.00000000,0.00000000,94.69756566,106.72863180,101.68074366,1745.79450000,25856.05233985,7912.94957600
2,334,0.000000,0.923000,0.00000000,73.54194353,0.00000000,387.15023350,0.00000000,0.00000000,63.67817400,73.54194353,68.65710075,1244.73168631,25354.98952595,9891.18697000
2,335,0.000000,0.887000,0.00000000,106.72863180,0.00000000,335.99505296,0.00000000,0.00000000,94.69756566,106.72863180,101.68074366,1745.79450000,25704.14842579,7912.94957600
2,336,0.000000,0.820000,0.00000000,106.72863180,0.00000000,302.55369233,0.00000000,0.00000000,94.69756566,106.72863180,101.68074366,1745.79450000,26053.30732562,7912.94957600
2,337,0.000000,0.740000,0.00000000,106.72863180,0.00000000,262.62370949,0.00000000,0.00000000,94.69756566,106.72863180,101.68074366,1745.79450000,26402.46622546,7912.94957600
2,338,0.000000,0.668000,0.00000000,106.72863180,0.00000000,226.68672493,0.00000000,0.00000000,94.69756566,106.72863180,101.68074366,1745.79450000,26751.62512530,7912.94957600
2,339,0.000000,0.618000,0.00000000,30.37356422,0.00000000,278.08555323,0.00000000,0.00000000,25.00174700,30.37356422,27.15938231,539.40882693,25894.39835206,7912.94957600
2,340,0.000000,0.542000,0.00000000,106.72863180,0.00000000,163.79700195,0.00000000,0.00000000,94.69756566,106.72863180,101.68074366,1745.79450000,26243.55725189,7912.94957600
2,341,0.000000,0.507000,0.00000000,89.29817159,0.00000000,163.75809467,0.00000000,0.00000000,78.66539600,89.29817159,84.63531998,1492.48099468,26339.40264640,7912.94957600
2,342,0.005000,0.505000,0.79991077,105.92872103,0.00000000,146.12929566,0.00000000,0.00000000,94.69756566,106.72863180,101.68074366,1745.79450000,26688.56154624,7912.94957600
2,343,0.176000,0.726000,28.15685927,79.17034265,0.00000000,283.19425164,0.00000000,0.00000000,94.69756566,107.32720193,101.68074366,1745.79450000,26688.56154604,9891.18697000
2,344,0.370000,0.860000,59.19339734,47.53523446,0.00000000,381.71208109,0.00000000,0.00000000,94.69756566,106.72863180,101.68074366,1745.79450000,27037.72044587,7912.94957600
2,345,0.542000,0.867000,86.71032799,20.61687393,0.00000000,412.12431511,0.00000000,0.00000000,94.69756566,107.32720193,101.68074366,1745.79450000,27037.72044567,9891.18697000
2,346,0.654000,0.841000,104.62832935,2.10030245,0.00000000,417.66364217,0.00000000,0.00000000,94.69756566,106.72863180,101.68074366,1745.79450000,27386.87934550,7912.94957600
2,347,0.732000,0.814000,106.72863180,0.00000000,10.37830563,406.28757541,0.00000000,0.00000000,94.69756566,106.72863180,101.68074366,1745.79450000,27736.03824534,7912.94957600
2,348,0.750000,0.794000,107.32720193,0.00000000,12.65941430,396.30507970,0.00000000,0.00000000,94.69756566,107.32720193,101.68074366,1745.79450000,27736.03824513,9891.18697000
2,349,0.723000,0.800000,107.32720193,0.00000000,8.33989611,399.29982842,0.00000000,0.00000000,94.69756566,107.32720193,101.68074366,1745.79450000,27736.03824493,9891.18697000
2,350,0.652000,0.825000,89.29817159,0.00000000,15.01019345,411.77794806,0.00000000,0.00000000,78.66539600,89.29817159,84.63531998,1492.48099468,27831.88363944,7912.94957600
2,351,0.534000,0.854000,85.43047075,21.89673117,0.00000000,404.35583566,0.00000000,0.00000000,94.69756566,107.32720193,101.68074366,1745.79450000,27831.88363923,9891.18697000
2,352,0.368000,0.879000,58.87343303,31.02330869,0.00000000,407.70737779,0.00000000,0.00000000,78.66539600,89.89674172,84.63531998,1492.48099468,27578.57013371,9891.18697000
2,353,0.162000,0.898000,25.91710910,63.97963261,0.00000000,384.23442479,0.00000000,0.00000000,78.66539600,89.89674172,84.63531998,1492.48099468,27325.25662818,9891.18697000
2,354,0.000000,0.903000,0.00000000,58.26858481,0.00000000,392.44109651,0.00000000,0.00000000,49.73928100,58.26858481,53.75120360,1002.98064984,26582.44277781,9891.18697000
2,355,0.000000,0.910000,0.00000000,106.98097070,0.00000000,347.22258413,0.00000000,0.00000000,94.69756566,106.98097070,101.68074366,1745.79450000,26784.40694178,8746.91408515
2,356,0.000000,0.917000,0.00000000,107.32720193,0.00000000,350.37022640,0.00000000,0.00000000,94.69756566,107.32720193,101.68074366,1745.79450000,26784.40694157,9891.18697000
2,357,0.000000,0.910000,0.00000000,107.32720193,0.00000000,346.87635290,0.00000000,0.00000000,94.69756566,107.32720193,101.68074366,1745.79450000,26784.40694137,9891.18697000
2,358,0.000000,0.884000,0.00000000,107.32720193,0.00000000,333.89910848,0.00000000,0.00000000,94.69756566,107.32720193,101.68074366,1745.79450000,26784.40694116,9891.18697000
2,359,0.000000,0.829000,0.00000000,107.32720193,0.00000000,306.44724527,0.00000000,0.00000000,94.69756566,107.32720193,101.68074366,1745.79450000,26784.40694096,9891.18697000
2,360,0.000000,0.748000,0.00000000,107.32720193,0.00000000,266.01813764,0.00000000,0.00000000,94.69756566,107.32720193,101.68074366,1745.79450000,26784.40694075,9891.18697000
2,361,0.000000,0.658000,0.00000000,106.72863180,0.00000000,221.69547707,0.00000000,0.00000000,94.69756566,106.72863180,101.68074366,1745.79450000,27133.56584059,7912.94957600
2,362,0.000000,0.593000,0.00000000,107.32720193,0.00000000,188.65379589,0.00000000,0.00000000,94.69756566,107.32720193,101.68074366,1745.79450000,27133.56584038,9891.18697000
2,363,0.000000,0.556000,0.00000000,107.32720193,0.00000000,170.18617882,0.00000000,0.00000000,94.69756566,107.32720193,101.68074366,1745.79450000,27133.56584018,9891.18697000
2,364,0.000000,0.538000,0.00000000,107.32720193,0.00000000,161.20193269,0.00000000,0.00000000,94.69756566,107.32720193,101.68074366,1745.79450000,27133.56583997,9891.18697000
2,365,0.000000,0.543000,0.00000000,107.32720193,0.00000000,163.69755661,0.00000000,0.00000000,94.69756566,107.32720193,101.68074366,1745.79450000,27133.56583977,9891.18697000
2,366,0.005000,0.506000,0.79991077,105.92872103,0.00000000,146.62842045,0.00000000,0.00000000,94.69756566,106.72863180,101.68074366,1745.79450000,27482.72473960,7912.94957600
2,367,0.182000,0.710000,29.11675220,77.61187960,0.00000000,276.76671812,0.00000000,0.00000000,94.69756566,106.72863180,101.68074366,1745.79450000,27831.88363944,7912.94957600
2,368,0.393000,0.828000,62.87298690,44.45421502,0.00000000,368.82110739,0.00000000,0.00000000,94.69756566,107.32720193,101.68074366,1745.79450000,27831.88363944,9891.18696884
2,369,0.561000,0.819000,0.00000000,89.80063947,89.74998894,318.98255987,0.00000000,0.00000000,78.66539600,89.80063947,84.63531998,1492.48099468,27634.62865366,9573.57496008
2,370,0.675000,0.782000,73.54194353,0.00000000,34.44601107,390.31558228,0.00000000,0.00000000,63.67817400,73.54194353,68.65710075,1244.73168631,27133.56583977,9891.18697000
2,371,0.737000,0.751000,106.72863180,0.00000000,11.17821641,374.84271393,0.00000000,0.00000000,94.69756566,106.72863180,101.68074366,1745.79450000,27482.72473960,7912.94957600
2,372,0.754000,0.739000,106.72863180,0.00000000,13.89791304,368.85321650,0.00000000,0.00000000,94.69756566,106.72863180,101.68074366,1745.79450000,27831.88363944,7912.94957600
2,373,0.726000,0.744000,0.00000000,72.94337341,116.14704451,298.40546702,0.00000000,0.00000000,63.67817400,72.94337341,68.65710075,1244.73168631,27679.97972559,7912.94957600
2,374,0.655000,0.762000,2.39428050,0.00000000,102.39403100,380.33308657,0.00000000,0.00000000,0.00000000,2.39428050,0.00000000,0.00000000,26283.34412542,7912.94957600
2,375,0.537000,0.791000,85.91041722,20.81821458,0.00000000,373.98949076,0.00000000,0.00000000,94.69756566,106.72863180,101.68074366,1745.79450000,26632.50302526,7912.94957600
2,376,0.370000,0.824000,59.19339734,30.10477425,0.00000000,381.17404902,0.00000000,0.00000000,78.66539600,89.29817159,84.63531998,1492.48099468,26728.34841977,7912.94957600
2,377,0.164000,0.862000,0.00000000,89.29817159,26.23707341,340.94739353,0.00000000,0.00000000,78.66539600,89.29817159,84.63531998,1492.48099468,26824.19381428,7912.94957600
2,378,0.000000,0.880000,0.00000000,107.12545861,0.00000000,332.10435265,0.00000000,0.00000000,94.69756566,107.12545861,101.68074366,1745.79450000,26941.87505136,9224.43775027
2,379,0.000000,0.901000,0.00000000,89.29817159,0.00000000,360.41326016,0.00000000,0.00000000,78.66539600,89.29817159,84.63531998,1492.48099468,27037.72044587,7912.94957600
2,380,0.000000,0.907000,0.00000000,106.72863180,0.00000000,345.97754867,0.00000000,0.00000000,94.69756566,106.72863180,101.68074366,1745.79450000,27386.87934571,7912.94957600
2,381,0.000000,0.891000,0.00000000,107.32720193,0.00000000,337.39298197,0.00000000,0.00000000,94.69756566,107.32720193,101.68074366,1745.79450000,27386.87934550,9891.18697000
2,382,0.000000,0.860000,0.00000000,89.89674172,0.00000000,339.35057383,0.00000000,0.00000000,78.66539600,89.89674172,84.63531998,1492.48099468,27133.56583997,9891.18697000
2,383,0.000000,0.829000,0.00000000,106.72863180,0.00000000,307.04581540,0.00000000,0.00000000,94.69756566,106.72863180,101.68074366,1745.79450000,27482.72473981,7912.94957600
2,384,0.000000,0.772000,0.00000000,107.32720193,0.00000000,277.99713250,0.00000000,0.00000000,94.69756566,107.32720193,101.68074366,1745.79450000,27482.72473960,9891.18697000
2,385,0.000000,0.686000,0.00000000,106.72863180,0.00000000,235.67097107,0.00000000,0.00000000,94.69756566,106.72863180,101.68074366,1745.79450000,27831.88363944,7912.94957600
2,386,0.000000,0.590000,0.00000000,107.32720193,0.00000000,187.15642153,0.00000000,0.00000000,94.69756566,107.32720193,101.68074366,1745.79450000,27831.88363923,9891.18697000
2,387,0.000000,0.486000,0.00000000,89.89674172,0.00000000,152.67790405,0.00000000,0.00000000,78.66539600,89.89674172,84.63531998,1492.48099468,27578.57013371,9891.18697000
2,388,0.000000,0.406000,0.00000000,89.62679097,0.00000000,113.01787196,0.00000000,0.00000000,78.66539600,89.62679097,84.63531998,1492.48099468,27482.72473960,8999.01636701
2,389,0.000000,0.342000,0.00000000,106.72863180,0.00000000,63.97204485,0.00000000,0.00000000,94.69756566,106.72863180,101.68074366,1745.79450000,27831.88363944,7912.94957600
2,390,0.006000,0.316000,0.95989293,88.84074654,0.00000000,68.88268569,0.00000000,0.00000000,78.66539600,89.80063947,84.63531998,1492.48099468,27634.62865366,9573.57496008
2,391,0.186000,0.574000,29.75668082,43.78526271,0.00000000,242.71236418,0.00000000,0.00000000,63.67817400,73.54194353,68.65710075,1244.73168631,27133.56583977,9891.18697000
2,392,0.397000,0.700000,63.51291552,43.21571628,0.00000000,306.17163359,0.00000000,0.00000000,94.69756566,106.72863180,101.68074366,1745.79450000,27482.72473960,7912.94957600
2,393,0.568000,0.636000,90.86986402,15.85876778,0.00000000,301.58459581,0.00000000,0.00000000,94.69756566,106.72863180,101.68074366,1745.79450000,27831.88363944,7912.94957600
2,394,0.679000,0.532000,43.47863956,0.00000000,65.14924366,265.53438590,0.00000000,0.00000000,36.84682300,43.47863956,39.91750131,767.66957627,27202.91761554,7912.94957600
2,395,0.740000,0.437000,0.00000000,73.54194353,118.38679467,144.57558774,0.00000000,0.00000000,63.67817400,73.54194353,68.65710075,1244.73168631,26701.85480165,9891.18697000
2,396,0.755000,0.376000,107.32720193,0.00000000,13.45932507,187.67091936,0.00000000,0.00000000,94.69756566,107.32720193,101.68074366,1745.79450000,26701.85480145,9891.18697000
2,397,0.729000,0.365000,106.72863180,0.00000000,9.89835917,182.18054672,0.00000000,0.00000000,94.69756566,106.72863180,101.68074366,1745.79450000,27051.01370128,7912.94957600
2,398,0.661000,0.390000,105.74820443,0.98042737,0.00000000,193.67823899,0.00000000,0.00000000,94.69756566,106.72863180,101.68074366,1745.79450000,27400.17260112,7912.94957600
2,399,0.544000,0.445000,0.00000000,72.94337341,87.03029230,149.16715615,0.00000000,0.00000000,63.67817400,72.94337341,68.65710075,1244.73168631,27248.26868727,7912.94957600
2,400,0.377000,0.532000,60.31327242,47.01392950,0.00000000,218.52045639,0.00000000,0.00000000,94.69756566,107.32720193,101.68074366,1745.79450000,27248.26868706,9891.18697000
2,401,0.165000,0.654000,26.39705557,62.90111602,0.00000000,263.52649371,0.00000000,0.00000000,78.66539600,89.29817159,84.63531998,1492.48099468,27344.11408157,7912.94957600
2,402,0.000000,0.777000,0.00000000,89.29817159,0.00000000,298.52178676,0.00000000,0.00000000,78.66539600,89.29817159,84.63531998,1492.48099468,27439.95947608,7912.94957600
2,403,0.000000,0.810000,0.00000000,107.32720193,0.00000000,296.96387435,0.00000000,0.00000000,94.69756566,107.32720193,101.68074366,1745.79450000,27439.95947588,9891.18697000
2,404,0.000000,0.845000,0.00000000,107.32720193,0.00000000,314.43324184,0.00000000,0.00000000,94.69756566,107.32720193,101.68074366,1745.79450000,27439.95947567,9891.18697000
2,405,0.000000,0.862000,0.00000000,106.72863180,0.00000000,323.51693332,0.00000000,0.00000000,94.69756566,106.72863180,101.68074366,1745.79450000,27789.11837551,7912.94957600
2,406,0.000000,0.850000,0.00000000,72.94337341,0.00000000,351.31269428,0.00000000,0.00000000,63.67817400,72.94337341,68.65710075,1244.73168631,27637.21446166,7912.94957600
2,407,0.000000,0.805000,0.00000000,107.32720193,0.00000000,294.46825042,0.00000000,0.00000000,94.69756566,107.32720193,101.68074366,1745.79450000,27637.21446145,9891.18697000
2,408,0.000000,0.718000,0.00000000,96.09821791,0.00000000,262.27337810,0.00000000,0.00000000,84.91993503,96.09821791,91.28515414,1591.30477815,27831.88363944,7912.94957600
2,409,0.000000,0.613000,0.00000000,107.32720193,0.00000000,198.63629160,0.00000000,0.00000000,94.69756566,107.32720193,101.68074366,1745.79450000,27831.88363923,9891.18697000
2,410,0.000000,0.516000,0.00000000,73.28153160,0.00000000,184.26685773,0.00000000,0.00000000,63.67817400,73.28153160,68.65710075,1244.73168631,27482.72473981,9030.54156225
2,411,0.000000,0.413000,0.00000000,106.72863180,0.00000000,99.40990462,0.00000000,0.00000000,94.69756566,106.72863180,101.68074366,1745.79450000,27831.88363964,7912.94957600
2,412,0.000000,0.328000,0.00000000,107.32720193,0.00000000,56.38572773,0.00000000,0.00000000,94.69756566,107.32720193,101.68074366,1745.79450000,27831.88363944,9891.18697000
2,413,0.000000,0.274000,0.00000000,107.32720193,0.00000000,29.43298931,0.00000000,0.00000000,94.69756566,107.32720193,101.68074366,1745.79450000,27831.88363944,9891.18696884
2,414,0.007000,0.265000,1.11987508,106.20732684,0.00000000,26.06074132,0.00000000,0.00000000,94.69756566,107.32720193,101.68074366,1745.79450000,27831.88363923,9891.18697000
2,415,0.185000,0.513000,29.59669867,77.73050326,0.00000000,178.32051172,0.00000000,0.00000000,94.69756566,107.32720193,101.68074366,1745.79450000,27831.88363903,9891.18697000
2,416,0.395000,0.576000,63.19295121,9.75042323,0.00000000,277.74545323,0.00000000,0.00000000,63.67817400,72.94337444,68.65710149,1244.73187308,27679.97991195,7912.94957600
2,417,0.563000,0.493000,89.29817185,0.00000000,0.77178140,246.06851926,0.00000000,0.00000000,78.66539600,89.29817185,84.63532017,1492.48104146,27775.82535324,7912.94957600
2,418,0.682000,0.389000,107.32720193,0.00000000,1.78062776,194.15954157,0.00000000,0.00000000,94.69756566,107.32720193,101.68074366,1745.79450000,27775.82535304,9891.18697000
2,419,0.744000,0.304000,104.58945397,0.00000000,14.43726932,151.73393480,0.00000000,0.00000000,92.17944280,104.58945397,99.00347218,1706.00734552,27736.03819835,9891.18697000
2,420,0.761000,0.249000,107.32720193,0.00000000,14.41921800,124.28207159,0.00000000,0.00000000,94.69756566,107.32720193,101.68074366,1745.79450000,27736.03819815,9891.18697000
2,421,0.735000,0.231000,89.29817185,0.00000000,28.28871205,115.29782546,0.00000000,0.00000000,78.66539600,89.29817185,84.63532017,1492.48104146,27831.88363944,7912.94957600
2,422,0.664000,0.254000,106.22815090,1.09905103,0.00000000,125.67864449,0.00000000,0.00000000,94.69756566,107.32720193,101.68074366,1745.79450000,27831.88363923,9891.18697000
2,423,0.547000,0.320000,87.51023877,19.81696316,0.00000000,139.90296821,0.00000000,0.00000000,94.69756566,107.32720193,101.68074366,1745.79450000,27831.88363944,9891.18696768
2,424,0.378000,0.422000,0.00000000,72.94337341,60.47325458,137.68728608,0.00000000,0.00000000,63.67817400,72.94337341,68.65710075,1244.73168631,27679.97972559,7912.94957600
2,425,0.171000,0.574000,0.00000000,72.94337341,27.35694850,213.55425348,0.00000000,0.00000000,63.67817400,72.94337341,68.65710075,1244.73168631,27528.07581173,7912.94957600
2,426,0.000000,0.748000,0.00000000,2.39428050,0.00000000,370.95105907,0.00000000,0.00000000,0.00000000,2.39428050,0.00000000,0.00000000,26131.44021157,7912.94957600
2,427,0.000000,0.786000,0.00000000,89.29817159,0.00000000,303.01390983,0.00000000,0.00000000,78.66539600,89.29817159,84.63531998,1492.48099468,26227.28560608,7912.94957600
2,428,0.000000,0.839000,0.00000000,89.29817159,0.00000000,329.46752346,0.00000000,0.00000000,78.66539600,89.29817159,84.63531998,1492.48099468,26323.13100059,7912.94957600
2,429,0.000000,0.856000,0.00000000,106.72863180,0.00000000,320.52218461,0.00000000,0.00000000,94.69756566,106.72863180,101.68074366,1745.79450000,26672.28990043,7912.94957600
2,430,0.000000,0.877000,0.00000000,106.72863180,0.00000000,331.00380510,0.00000000,0.00000000,94.69756566,106.72863180,101.68074366,1745.79450000,27021.44880027,7912.94957600
2,431,0.000000,0.849000,0.00000000,89.29817159,0.00000000,334.45877132,0.00000000,0.00000000,78.66539600,89.29817159,84.63531998,1492.48099468,27117.29419478,7912.94957600
2,432,0.000000,0.794000,0.00000000,106.86504668,0.00000000,289.44003302,0.00000000,0.00000000,94.69756566,106.86504668,101.68074366,1745.79450000,27386.87934509,8363.79234949
2,433,0.000000,0.720000,0.00000000,89.29817159,0.00000000,270.07167398,0.00000000,0.00000000,78.66539600,89.29817159,84.63531998,1492.48099468,27482.72473960,7912.94957600
2,434,0.000000,0.635000,0.00000000,106.72863180,0.00000000,210.21560701,0.00000000,0.00000000,94.69756566,106.72863180,101.68074366,1745.79450000,27831.88363944,7912.94957600
2,435,0.000000,0.518000,0.00000000,107.32720193,0.00000000,151.21943697,0.00000000,0.00000000,94.69756566,107.32720193,101.68074366,1745.79450000,27831.88363923,9891.18697000
2,436,0.000000,0.422000,0.00000000,107.32720193,0.00000000,103.30345756,0.00000000,0.00000000,94.69756566,107.32720193,101.68074366,1745.79450000,27831.88363903,9891.18697000
2,437,0.000000,0.352000,0.00000000,73.54194353,0.00000000,102.14998097,0.00000000,0.00000000,63.67817400,73.54194353,68.65710075,1244.73168631,27330.82082514,9891.18697000
2,438,0.007000,0.311000,1.11987508,105.60875672,0.00000000,49.61905158,0.00000000,0.00000000,94.69756566,106.72863180,101.68074366,1745.79450000,27679.97972497,7912.94957600
2,439,0.187000,0.600000,29.91666298,77.15012701,0.00000000,222.32474430,0.00000000,0.00000000,94.69756566,107.06678999,101.68074366,1745.79450000,27831.88363944,9030.54156109
2,440,0.403000,0.695000,0.00000000,73.54194353,64.47280845,273.34978240,0.00000000,0.00000000,63.67817400,73.54194353,68.65710075,1244.73168631,27330.82082555,9891.18697000
2,441,0.571000,0.650000,91.34981049,15.37882132,0.00000000,309.05228927,0.00000000,0.00000000,94.69756566,106.72863180,101.68074366,1745.79450000,27679.97972538,7912.94957600
2,442,0.681000,0.597000,107.06678999,0.00000000,1.88105754,297.97749696,0.00000000,0.00000000,94.69756566,107.06678999,101.68074366,1745.79450000,27831.88363944,9030.54156341
2,443,0.742000,0.547000,2.99285063,0.00000000,115.71390836,273.02125768,0.00000000,0.00000000,0.00000000,2.99285063,0.00000000,0.00000000,26086.08913923,9891.18697000
2,444,0.759000,0.504000,106.72863180,0.00000000,14.69782382,251.55889190,0.00000000,0.00000000,94.69756566,106.72863180,101.68074366,1745.79450000,26435.24803907,7912.94957600
2,445,0.724000,0.481000,106.72863180,0.00000000,9.09844839,240.07902184,0.00000000,0.00000000,94.69756566,106.72863180,101.68074366,1745.79450000,26784.40693891,7912.94957600
2,446,0.654000,0.499000,104.62832935,2.10030245,0.00000000,246.96296552,0.00000000,0.00000000,94.69756566,106.72863180,101.68074366,1745.79450000,27133.56583874,7912.94957600
2,447,0.536000,0.552000,85.75043506,21.57676686,0.00000000,253.94011474,0.00000000,0.00000000,94.69756566,107.32720193,101.68074366,1745.79450000,27133.56583854,9891.18697000
2,448,0.369000,0.633000,59.03341518,48.29378674,0.00000000,267.65220249,0.00000000,0.00000000,94.69756566,107.32720193,101.68074366,1745.79450000,27133.56583833,9891.18697000
2,449,0.161000,0.729000,25.75712695,63.70535433,0.00000000,300.15661432,0.00000000,0.00000000,78.66539600,89.46248128,84.63531998,1492.48099468,27133.56583977,8455.98296454
2,450,0.000000,0.814000,0.00000000,106.72863180,0.00000000,299.55894361,0.00000000,0.00000000,94.69756566,106.72863180,101.68074366,1745.79450000,27482.72473960,7912.94957600
2,451,0.000000,0.849000,0.00000000,106.72863180,0.00000000,317.02831111,0.00000000,0.00000000,94.69756566,106.72863180,101.68074366,1745.79450000,27831.88363944,7912.94957600
2,452,0.000000,0.908000,0.00000000,89.62679097,0.00000000,363.57851429,0.00000000,0.00000000,78.66539600,89.62679097,84.63531998,1492.48099468,27736.03824534,8999.01636701
2,453,0.000000,0.916000,0.00000000,89.89674172,0.00000000,367.30156182,0.00000000,0.00000000,78.66539600,89.89674172,84.63531998,1492.48099468,27482.72473981,9891.18697000
2,454,0.000000,0.903000,0.00000000,106.72863180,0.00000000,343.98104953,0.00000000,0.00000000,94.69756566,106.72863180,101.68074366,1745.79450000,27831.88363964,7912.94957600
2,455,0.000000,0.882000,0.00000000,107.32720193,0.00000000,332.90085890,0.00000000,0.00000000,94.69756566,107.32720193,101.68074366,1745.79450000,27831.88363944,9891.18697000
2,456,0.000000,0.832000,0.00000000,89.89674172,0.00000000,325.37507984,0.00000000,0.00000000,78.66539600,89.89674172,84.63531998,1492.48099468,27578.57013391,9891.18697000
2,457,0.000000,0.772000,0.00000000,107.32720193,0.00000000,277.99713250,0.00000000,0.00000000,94.69756566,107.32720193,101.68074366,1745.79450000,27578.57013371,9891.18697000
2,458,0.000000,0.697000,0.00000000,73.54194353,0.00000000,274.34803197,0.00000000,0.00000000,63.67817400,73.54194353,68.65710075,1244.73168631,27077.50731981,9891.18697000
2,459,0.000000,0.598000,0.00000000,89.89674172,0.00000000,208.57988003,0.00000000,0.00000000,78.66539600,89.89674172,84.63531998,1492.48099468,26824.19381428,9891.18697000
2,460,0.000000,0.486000,0.00000000,89.89674172,0.00000000,152.67790405,0.00000000,0.00000000,78.66539600,89.89674172,84.63531998,1492.48099468,26570.88030875,9891.18697000
2,461,0.000000,0.408000,0.00000000,106.72863180,0.00000000,96.91428069,0.00000000,0.00000000,94.69756566,106.72863180,101.68074366,1745.79450000,26920.03920859,7912.94957600
2,462,0.006000,0.422000,0.95989293,105.76873887,0.00000000,104.86192062,0.00000000,0.00000000,94.69756566,106.72863180,101.68074366,1745.79450000,27269.19810842,7912.94957600
2,463,0.179000,0.648000,28.63680574,78.09182606,0.00000000,245.34103496,0.00000000,0.00000000,94.69756566,106.72863180,101.68074366,1745.79450000,27618.35700826,7912.94957600
2,464,0.397000,0.713000,63.51291552,10.02902801,0.00000000,345.84694406,0.00000000,0.00000000,63.67817400,73.54194353,68.65710075,1244.73168631,27117.29419437,9891.18697000
2,465,0.566000,0.646000,90.54989971,16.77730222,0.00000000,305.65730923,0.00000000,0.00000000,94.69756566,107.32720193,101.68074366,1745.79450000,27117.29419416,9891.18697000
2,466,0.679000,0.538000,107.32720193,0.00000000,1.30068130,268.52913461,0.00000000,0.00000000,94.69756566,107.32720193,101.68074366,1745.79450000,27117.29419396,9891.18697000
2,467,0.740000,0.432000,106.72863180,0.00000000,11.65816287,215.62190735,0.00000000,0.00000000,94.69756566,106.72863180,101.68074366,1745.79450000,27466.45309379,7912.94957600
2,468,0.755000,0.347000,107.32720193,0.00000000,13.45932507,173.19630058,0.00000000,0.00000000,94.69756566,107.32720193,101.68074366,1745.79450000,27466.45309359,9891.18697000
2,469,0.729000,0.311000,0.00000000,73.54194353,116.62699097,81.68586476,0.00000000,0.00000000,63.67817400,73.54194353,68.65710075,1244.73168631,26965.39027969,9891.18697000
2,470,0.658000,0.338000,105.26825797,2.05894396,0.00000000,166.64523355,0.00000000,0.00000000,94.69756566,107.32720193,101.68074366,1745.79450000,26965.39027949,9891.18697000
2,471,0.540000,0.423000,57.67001469,0.00000000,28.72034899,211.12978428,0.00000000,0.00000000,49.73928100,57.67001469,53.75120360,1002.98064984,26571.73532916,7912.94957600
2,472,0.376000,0.559000,60.15329027,47.17391166,0.00000000,231.83684345,0.00000000,0.00000000,94.69756566,107.32720193,101.68074366,1745.79450000,26571.73532896,9891.18697000
2,473,0.163000,0.727000,26.07709126,63.81965046,0.00000000,299.04406862,0.00000000,0.00000000,78.66539600,89.89674172,84.63531998,1492.48099468,26318.42182343,9891.18697000
2,474,0.000000,0.851000,0.00000000,107.32720193,0.00000000,317.42799055,0.00000000,0.00000000,94.69756566,107.32720193,101.68074366,1745.79450000,26318.42182322,9891.18697000
2,475,0.000000,0.902000,0.00000000,73.54194353,0.00000000,376.66861301,0.00000000,0.00000000,63.67817400,73.54194353,68.65710075,1244.73168631,25817.35900933,9891.18697000
2,476,0.000000,0.921000,0.00000000,106.72863180,0.00000000,352.96529567,0.00000000,0.00000000,94.69756566,106.72863180,101.68074366,1745.79450000,26166.51790916,7912.94957600
2,477,0.000000,0.932000,0.00000000,107.20814514,0.00000000,357.97615496,0.00000000,0.00000000,94.69756566,107.20814514,101.68074366,1745.79450000,26235.96630467,9497.71164020
2,478,0.000000,0.918000,0.00000000,106.72863180,0.00000000,351.46792131,0.00000000,0.00000000,94.69756566,106.72863180,101.68074366,1745.79450000,26585.12520450,7912.94957600
2,479,0.000000,0.890000,0.00000000,106.72863180,0.00000000,337.49242731,0.00000000,0.00000000,94.69756566,106.72863180,101.68074366,1745.79450000,26934.28410434,7912.94957600
2,480,0.000000,0.845000,0.00000000,107.32720193,0.00000000,314.43324184,0.00000000,0.00000000,94.69756566,107.32720193,101.68074366,1745.79450000,26934.28410414,9891.18697000
2,481,0.000000,0.791000,0.00000000,106.72863180,0.00000000,288.07907355,0.00000000,0.00000000,94.69756566,106.72863180,101.68074366,1745.79450000,27283.44300397,7912.94957600
2,482,0.000000,0.708000,0.00000000,107.32720193,0.00000000,246.05314622,0.00000000,0.00000000,94.69756566,107.32720193,101.68074366,1745.79450000,27283.44300377,9891.18697000
2,483,0.000000,0.631000,0.00000000,107.32720193,0.00000000,207.62053774,0.00000000,0.00000000,94.69756566,107.32720193,101.68074366,1745.79450000,27283.44300356,9891.18697000
2,484,0.000000,0.540000,0.00000000,89.29817159,0.00000000,180.22921259,0.00000000,0.00000000,78.66539600,89.29817159,84.63531998,1492.48099468,27379.28839807,7912.94957600
2,485,0.000000,0.425000,0.00000000,89.82050052,0.00000000,122.30753332,0.00000000,0.00000000,79.14582290,89.82050052,85.14611067,1500.07194169,27482.72473960,7912.94957600
2,486,0.007000,0.354000,1.11987508,105.60875672,0.00000000,71.08141736,0.00000000,0.00000000,94.69756566,106.72863180,101.68074366,1745.79450000,27831.88363944,7912.94957600
2,487,0.188000,0.569000,30.07664513,77.25055679,0.00000000,206.75144617,0.00000000,0.00000000,94.69756566,107.32720193,101.68074366,1745.79450000,27831.88363923,9891.18697000
2,488,0.400000,0.603000,63.99286199,43.33433994,0.00000000,257.63790573,0.00000000,0.00000000,94.69756566,107.32720193,101.68074366,1745.79450000,27831.88363903,9891.18697000
2,489,0.567000,0.485000,90.70988187,16.61732006,0.00000000,225.45820092,0.00000000,0.00000000,94.69756566,107.32720192,101.68074366,1745.79450000,27831.88363944,9891.18696652
2,490,0.680000,0.362000,73.54194353,0.00000000,35.24592184,180.68317236,0.00000000,0.00000000,63.67817400,73.54194353,68.65710075,1244.73168631,27330.82082555,9891.18697000
2,491,0.742000,0.270000,73.54194353,0.00000000,45.16481545,134.76369209,0.00000000,0.00000000,63.67817400,73.54194353,68.65710075,1244.73168631,26829.75801165,9891.18697000
2,492,0.758000,0.220000,106.97068774,0.00000000,14.29578572,109.80745281,0.00000000,0.00000000,94.69756566,106.97068774,101.68074366,1745.79450000,27037.72044587,8712.92955117
2,493,0.729000,0.217000,107.32720193,0.00000000,9.29978904,108.31007846,0.00000000,0.00000000,94.69756566,107.32720193,101.68074366,1745.79450000,27037.72044567,9891.18697000
2,494,0.654000,0.265000,104.62832935,2.10030245,0.00000000,130.16776571,0.00000000,0.00000000,94.69756566,106.72863180,101.68074366,1745.79450000,27386.87934550,7912.94957600
2,495,0.536000,0.364000,85.75043506,20.97819674,0.00000000,160.70322519,0.00000000,0.00000000,94.69756566,106.72863180,101.68074366,1745.79450000,27736.03824534,7912.94957600
2,496,0.373000,0.516000,59.67334380,47.65385812,0.00000000,209.89453121,0.00000000,0.00000000,94.69756566,107.32720193,101.68074366,1745.79450000,27736.03824513,9891.18697000
2,497,0.161000,0.717000,25.75712695,64.13961477,0.00000000,293.73285645,0.00000000,0.00000000,78.66539600,89.89674172,84.63531998,1492.48099468,27482.72473960,9891.18697000
2,498,0.000000,0.855000,0.00000000,106.72863180,0.00000000,320.02305982,0.00000000,0.00000000,94.69756566,106.72863180,101.68074366,1745.79450000,27831.88363944,7912.94957600
2,499,0.000000,0.896000,0.00000000,30.97213435,0.00000000,416.24367348,0.00000000,0.00000000,25.00174700,30.97213435,27.15938231,539.40882693,26625.49796616,9891.18697000
2,500,0.000000,0.906000,0.00000000,89.89674172,0.00000000,362.31031397,0.00000000,0.00000000,78.66539600,89.89674172,84.63531998,1492.48099468,26372.18446063,9891.18697000
2,501,0.000000,0.902000,0.00000000,107.32720193,0.00000000,342.88335462,0.00000000,0.00000000,94.69756566,107.32720193,101.68074366,1745.79450000,26372.18446043,9891.18697000
2,502,0.000000,0.880000,0.00000000,107.32720193,0.00000000,331.90260933,0.00000000,0.00000000,94.69756566,107.32720193,101.68074366,1745.79450000,26372.18446022,9891.18697000
2,503,0.000000,0.838000,0.00000000,106.72863180,0.00000000,311.53793847,0.00000000,0.00000000,94.69756566,106.72863180,101.68074366,1745.79450000,26721.34336006,7912.94957600
2,504,0.000000,0.787000,0.00000000,106.72863180,0.00000000,286.08257441,0.00000000,0.00000000,94.69756566,106.72863180,101.68074366,1745.79450000,27070.50225989,7912.94957600
2,505,0.000000,0.739000,0.00000000,107.32720193,0.00000000,261.52601457,0.00000000,0.00000000,94.69756566,107.32720193,101.68074366,1745.79450000,27070.50225969,9891.18697000
2,506,0.000000,0.688000,0.00000000,89.89674172,0.00000000,253.50111072,0.00000000,0.00000000,78.66539600,89.89674172,84.63531998,1492.48099468,26817.18875416,9891.18697000
2,507,0.000000,0.644000,0.00000000,107.21101772,0.00000000,214.22534415,0.00000000,0.00000000,94.69756566,107.21101772,101.68074366,1745.79450000,26884.96151161,9507.20534021
2,508,0.000000,0.569000,0.00000000,89.89674172,0.00000000,194.10526125,0.00000000,0.00000000,78.66539600,89.89674172,84.63531998,1492.48099468,26631.64800608,9891.18697000
2,509,0.000000,0.501000,0.00000000,106.72863180,0.00000000,143.33288575,0.00000000,0.00000000,94.69756566,106.72863180,101.68074366,1745.79450000,26980.80690592,7912.94957600
2,510,0.005000,0.455000,0.79991077,106.52729115,0.00000000,120.57448626,0.00000000,0.00000000,94.69756566,107.32720193,101.68074366,1745.79450000,26980.80690571,9891.18697000
2,511,0.166000,0.657000,26.55703772,80.77016420,0.00000000,247.15481989,0.00000000,0.00000000,94.69756566,107.32720193,101.68074366,1745.79450000,26980.80690551,9891.18697000
2,512,0.384000,0.709000,61.43314751,45.29548429,0.00000000,308.58398864,0.00000000,0.00000000,94.69756566,106.72863180,101.68074366,1745.79450000,27329.96580534,7912.94957600
2,513,0.560000,0.668000,89.59000678,17.73719515,0.00000000,315.67816158,0.00000000,0.00000000,94.69756566,107.32720193,101.68074366,1745.79450000,27329.96580514,9891.18697000
2,514,0.676000,0.621000,106.72863180,0.00000000,1.41930496,309.95649181,0.00000000,0.00000000,94.69756566,106.72863180,101.68074366,1745.79450000,27679.12470497,7912.94957600
2,515,0.741000,0.590000,73.54194353,0.00000000,45.00483330,294.48362346,0.00000000,0.00000000,63.67817400,73.54194353,68.65710075,1244.73168631,27178.06189108,9891.18697000
2,516,0.758000,0.572000,107.32720193,0.00000000,13.93927154,285.49937732,0.00000000,0.00000000,94.69756566,107.32720193,101.68074366,1745.79450000,27178.06189088,9891.18697000
2,517,0.730000,0.580000,107.32720193,0.00000000,9.45977120,289.49237560,0.00000000,0.00000000,94.69756566,107.32720193,101.68074366,1745.79450000,27178.06189067,9891.18697000
2,518,0.658000,0.615000,57.67001469,0.00000000,47.59824328,306.96174310,0.00000000,0.00000000,49.73928100,57.67001469,53.75120360,1002.98064984,26784.40694034,7912.94957600
2,519,0.535000,0.666000,85.59045291,21.73674902,0.00000000,310.68035814,0.00000000,0.00000000,94.69756566,107.32720193,101.68074366,1745.79450000,26784.40694014,9891.18697000
2,520,0.353000,0.738000,56.47370070,50.85350122,0.00000000,317.50059049,0.00000000,0.00000000,94.69756566,107.32720193,101.68074366,1745.79450000,26784.40693993,9891.18697000
2,521,0.160000,0.817000,25.59714479,81.13148701,0.00000000,326.65346277,0.00000000,0.00000000,94.69756566,106.72863180,101.68074366,1745.79450000,27133.56583977,7912.94957600
2,522,0.000000,0.872000,0.00000000,106.72863180,0.00000000,328.50818117,0.00000000,0.00000000,94.69756566,106.72863180,101.68074366,1745.79450000,27482.72473960,7912.94957600
2,523,0.000000,0.896000,0.00000000,106.72863180,0.00000000,340.48717603,0.00000000,0.00000000,94.69756566,106.72863180,101.68074366,1745.79450000,27831.88363944,7912.94957600
2,524,0.000000,0.899000,0.00000000,89.46248128,0.00000000,359.25070091,0.00000000,0.00000000,78.66539600,89.46248128,84.63531998,1492.48099468,27831.88363944,8455.98297267
2,525,0.000000,0.891000,0.00000000,57.67001469,0.00000000,387.05016921,0.00000000,0.00000000,49.73928100,57.67001469,53.75120360,1002.98064984,27438.22868911,7912.94957600
2,526,0.000000,0.863000,0.00000000,107.32720193,0.00000000,323.41748798,0.00000000,0.00000000,94.69756566,107.32720193,101.68074366,1745.79450000,27438.22868891,9891.18697000
2,527,0.000000,0.809000,0.00000000,107.32720193,0.00000000,296.46474956,0.00000000,0.00000000,94.69756566,107.32720193,101.68074366,1745.79450000,27438.22868870,9891.18697000
2,528,0.000000,0.733000,0.00000000,89.29817159,0.00000000,276.56029620,0.00000000,0.00000000,78.66539600,89.29817159,84.63531998,1492.48099468,27534.07408321,7912.94957600
2,529,0.000000,0.661000,0.00000000,107.32720193,0.00000000,222.59428130,0.00000000,0.00000000,94.69756566,107.32720193,101.68074366,1745.79450000,27534.07408301,9891.18697000
2,530,0.000000,0.623000,0.00000000,89.89674172,0.00000000,221.05799966,0.00000000,0.00000000,78.66539600,89.89674172,84.63531998,1492.48099468,27280.76057748,9891.18697000
2,531,0.000000,0.593000,0.00000000,107.32720193,0.00000000,188.65379589,0.00000000,0.00000000,94.69756566,107.32720193,101.68074366,1745.79450000,27280.76057727,9891.18697000
2,532,0.000000,0.574000,0.00000000,106.98097070,0.00000000,179.51665619,0.00000000,0.00000000,94.69756566,106.98097070,101.68074366,1745.79450000,27482.72473960,8746.91409445
2,533,0.000000,0.560000,0.00000000,106.72863180,0.00000000,172.78124809,0.00000000,0.00000000,94.69756566,106.72863180,101.68074366,1745.79450000,27831.88363944,7912.94957600
2,534,0.005000,0.539000,0.79991077,2.19293985,0.00000000,266.83531955,0.00000000,0.00000000,0.00000000,2.99285063,0.00000000,0.00000000,26086.08913923,9891.18697000
2,535,0.166000,0.692000,26.55703772,80.17159408,0.00000000,265.22275750,0.00000000,0.00000000,94.69756566,106.72863180,101.68074366,1745.79450000,26435.24803907,7912.94957600
2,536,0.397000,0.707000,63.51291552,43.81428640,0.00000000,309.06693696,0.00000000,0.00000000,94.69756566,107.32720193,101.68074366,1745.79450000,26435.24803887,9891.18697000
2,537,0.568000,0.679000,90.86986402,16.45733791,0.00000000,322.44839146,0.00000000,0.00000000,94.69756566,107.32720193,101.68074366,1745.79450000,26435.24803866,9891.18697000
2,538,0.681000,0.669000,107.32720193,0.00000000,1.62064561,333.91448151,0.00000000,0.00000000,94.69756566,107.32720193,101.68074366,1745.79450000,26435.24803846,9891.18697000
2,539,0.744000,0.672000,107.32720193,0.00000000,11.69952137,335.41185587,0.00000000,0.00000000,94.69756566,107.32720193,101.68074366,1745.79450000,26435.24803825,9891.18697000
2,540,0.762000,0.679000,107.32720193,0.00000000,14.57920016,338.90572937,0.00000000,0.00000000,94.69756566,107.32720193,101.68074366,1745.79450000,26435.24803805,9891.18697000
2,541,0.730000,0.690000,89.89674172,0.00000000,26.89023141,344.39610201,0.00000000,0.00000000,78.66539600,89.89674172,84.63531998,1492.48099468,26181.93453252,9891.18697000
2,542,0.658000,0.700000,105.26825797,2.05894396,0.00000000,347.32840591,0.00000000,0.00000000,94.69756566,107.32720193,101.68074366,1745.79450000,26181.93453231,9891.18697000
2,543,0.539000,0.706000,86.23038153,21.09682040,0.00000000,331.28527818,0.00000000,0.00000000,94.69756566,107.32720193,101.68074366,1745.79450000,26181.93453211,9891.18697000
2,544,0.363000,0.719000,58.07352225,49.25367967,0.00000000,309.61704112,0.00000000,0.00000000,94.69756566,107.32720193,101.68074366,1745.79450000,26181.93453190,9891.18697000
2,545,0.161000,0.747000,25.75712695,80.97150485,0.00000000,291.87470993,0.00000000,0.00000000,94.69756566,106.72863180,101.68074366,1745.79450000,26531.09343174,7912.94957600
2,546,0.000000,0.774000,0.00000000,107.32720193,0.00000000,278.99538207,0.00000000,0.00000000,94.69756566,107.32720193,101.68074366,1745.79450000,26531.09343153,9891.18697000
2,547,0.000000,0.791000,0.00000000,107.32720193,0.00000000,287.48050342,0.00000000,0.00000000,94.69756566,107.32720193,101.68074366,1745.79450000,26531.09343133,9891.18697000
2,548,0.000000,0.802000,0.00000000,106.72863180,0.00000000,293.56944619,0.00000000,0.00000000,94.69756566,106.72863180,101.68074366,1745.79450000,26880.25233116,7912.94957600
2,549,0.000000,0.803000,0.00000000,107.32720193,0.00000000,293.47000085,0.00000000,0.00000000,94.69756566,107.32720193,101.68074366,1745.79450000,26880.25233096,9891.18697000
2,550,0.000000,0.762000,0.00000000,107.32720193,0.00000000,273.00588464,0.00000000,0.00000000,94.69756566,107.32720193,101.68074366,1745.79450000,26880.25233075,9891.18697000
2,551,0.000000,0.660000,0.00000000,107.32720193,0.00000000,222.09515652,0.00000000,0.00000000,94.69756566,107.32720193,101.68074366,1745.79450000,26880.25233055,9891.18697000
2,552,0.000000,0.535000,0.00000000,107.32720193,0.00000000,159.70455833,0.00000000,0.00000000,94.69756566,107.32720193,101.68074366,1745.79450000,26880.25233034,9891.18697000
2,553,0.000000,0.439000,0.00000000,106.72863180,0.00000000,112.38714904,0.00000000,0.00000000,94.69756566,106.72863180,101.68074366,1745.79450000,27229.41123018,7912.94957600
2,554,0.000000,0.360000,0.00000000,106.72863180,0.00000000,72.95629099,0.00000000,0.00000000,94.69756566,106.72863180,101.68074366,1745.79450000,27578.57013002,7912.94957600
2,555,0.000000,0.313000,0.00000000,89.29817159,0.00000000,66.92788628,0.00000000,0.00000000,78.66539600,89.29817159,84.63531998,1492.48099468,27674.41552453,7912.94957600
2,556,0.000000,0.343000,0.00000000,107.32720193,0.00000000,63.87259951,0.00000000,0.00000000,94.69756566,107.32720193,101.68074366,1745.79450000,27674.41552432,9891.18697000
2,557,0.000000,0.365000,0.00000000,2.72289987,0.00000000,179.45764685,0.00000000,0.00000000,0.00000000,2.72289987,0.00000000,0.00000000,26086.08914067,8999.01633797
2,558,0.007000,0.379000,1.11987508,105.60875672,0.00000000,83.55953700,0.00000000,0.00000000,94.69756566,106.72863180,101.68074366,1745.79450000,26435.24804051,7912.94957600
2,559,0.184000,0.650000,29.43671651,77.89048541,0.00000000,246.54062518,0.00000000,0.00000000,94.69756566,107.32720193,101.68074366,1745.79450000,26435.24804030,9891.18697000
2,560,0.394000,0.715000,63.03296906,43.69566274,0.00000000,313.17855890,0.00000000,0.00000000,94.69756566,106.72863180,101.68074366,1745.79450000,26784.40694014,7912.94957600
2,561,0.568000,0.666000,90.86986402,16.45733791,0.00000000,315.95976925,0.00000000,0.00000000,94.69756566,107.32720193,101.68074366,1745.79450000,26784.40693993,9891.18697000
2,562,0.680000,0.613000,106.72863180,0.00000000,2.05923358,305.96349352,0.00000000,0.00000000,94.69756566,106.72863180,101.68074366,1745.79450000,27133.56583977,7912.94957600
2,563,0.744000,0.566000,106.72863180,0.00000000,12.29809149,282.50462861,0.00000000,0.00000000,94.69756566,106.72863180,101.68074366,1745.79450000,27482.72473960,7912.94957600
2,564,0.760000,0.531000,106.72863180,0.00000000,14.85780597,265.03526111,0.00000000,0.00000000,94.69756566,106.72863180,101.68074366,1745.79450000,27831.88363944,7912.94957600
2,565,0.736000,0.524000,107.32720193,0.00000000,10.41966413,261.54138761,0.00000000,0.00000000,94.69756566,107.32720193,101.68074366,1745.79450000,27831.88363923,9891.18697000
2,566,0.666000,0.548000,2.39428050,0.00000000,104.15383471,273.52038247,0.00000000,0.00000000,0.00000000,2.39428050,0.00000000,0.00000000,26435.24803907,7912.94957600
2,567,0.548000,0.598000,87.67022092,19.05841088,0.00000000,279.41821086,0.00000000,0.00000000,94.69756566,106.72863180,101.68074366,1745.79450000,26784.40693891,7912.94957600
2,568,0.381000,0.663000,60.95320104,45.77543076,0.00000000,285.14430204,0.00000000,0.00000000,94.69756566,106.72863180,101.68074366,1745.79450000,27133.56583874,7912.94957600
2,569,0.173000,0.737000,27.67691281,79.05171899,0.00000000,288.80324794,0.00000000,0.00000000,94.69756566,106.72863180,101.68074366,1745.79450000,27482.72473858,7912.94957600
2,570,0.001000,0.787000,0.15998215,107.16721977,0.00000000,285.64398643,0.00000000,0.00000000,94.69756566,107.32720193,101.68074366,1745.79450000,27482.72473837,9891.18697000
2,571,0.000000,0.774000,0.00000000,72.94337341,0.00000000,313.37921059,0.00000000,0.00000000,63.67817400,72.94337341,68.65710075,1244.73168631,27330.82082452,7912.94957600
2,572,0.000000,0.779000,0.00000000,107.06678999,0.00000000,281.75141793,0.00000000,0.00000000,94.69756566,107.06678999,101.68074366,1745.79450000,27482.72473960,9030.54155761
2,573,0.000000,0.795000,0.00000000,106.72863180,0.00000000,290.07557269,0.00000000,0.00000000,94.69756566,106.72863180,101.68074366,1745.79450000,27831.88363944,7912.94957600
2,574,0.000000,0.792000,0.00000000,107.32720193,0.00000000,287.97962821,0.00000000,0.00000000,94.69756566,107.32720193,101.68074366,1745.79450000,27831.88363923,9891.18697000
2,575,0.000000,0.739000,0.00000000,107.32720193,0.00000000,261.52601458,0.00000000,0.00000000,94.69756566,107.32720193,101.68074366,1745.79450000,27831.88363944,9891.18696768
2,576,0.000000,0.676000,0.00000000,107.32720193,0.00000000,230.08115309,0.00000000,0.00000000,94.69756566,107.32720193,101.68074366,1745.79450000,27831.88363923,9891.18697000
2,577,0.000000,0.596000,0.00000000,43.58945767,0.00000000,253.88891450,0.00000000,0.00000000,36.84682300,43.58945767,39.91750131,767.66957627,27138.27501775,8279.19658781
2,578,0.000000,0.525000,0.00000000,107.32720193,0.00000000,154.71331047,0.00000000,0.00000000,94.69756566,107.32720193,101.68074366,1745.79450000,27138.27501755,9891.18697000
2,579,0.000000,0.461000,0.00000000,73.54194353,0.00000000,156.55458259,0.00000000,0.00000000,63.67817400,73.54194353,68.65710075,1244.73168631,26637.21220366,9891.18697000
2,580,0.000000,0.404000,0.00000000,107.32720193,0.00000000,94.31921143,0.00000000,0.00000000,94.69756566,107.32720193,101.68074366,1745.79450000,26637.21220345,9891.18697000
2,581,0.000000,0.365000,0.00000000,106.72863180,0.00000000,75.45191491,0.00000000,0.00000000,94.69756566,106.72863180,101.68074366,1745.79450000,26986.37110329,7912.94957600
2,582,0.007000,0.362000,1.11987508,88.77686663,0.00000000,91.90630573,0.00000000,0.00000000,78.66539600,89.89674172,84.63531998,1492.48099468,26733.05759776,9891.18697000
2,583,0.185000,0.566000,29.59669867,77.73050326,0.00000000,204.77412535,0.00000000,0.00000000,94.69756566,107.32720193,101.68074366,1745.79450000,26733.05759755,9891.18697000
2,584,0.395000,0.657000,63.19295121,44.13425071,0.00000000,283.79073337,0.00000000,0.00000000,94.69756566,107.32720193,101.68074366,1745.79450000,26733.05759735,9891.18697000
2,585,0.569000,0.600000,91.02984618,16.29735575,0.00000000,283.17751556,0.00000000,0.00000000,94.69756566,107.32720193,101.68074366,1745.79450000,26733.05759714,9891.18697000
2,586,0.684000,0.523000,106.72863180,0.00000000,2.69916220,261.04226283,0.00000000,0.00000000,94.69756566,106.72863180,101.68074366,1745.79450000,27082.21649698,7912.94957600
2,587,0.745000,0.466000,107.32720193,0.00000000,11.85950352,232.59215005,0.00000000,0.00000000,94.69756566,107.32720193,101.68074366,1745.79450000,27082.21649677,9891.18697000
2,588,0.761000,0.440000,107.32720193,0.00000000,14.41921800,219.61490563,0.00000000,0.00000000,94.69756566,107.32720193,101.68074366,1745.79450000,27082.21649657,9891.18697000
2,589,0.732000,0.436000,107.32720193,0.00000000,9.77973551,217.61840649,0.00000000,0.00000000,94.69756566,107.32720193,101.68074366,1745.79450000,27082.21649636,9891.18697000
2,590,0.647000,0.459000,57.67001469,0.00000000,45.83843958,229.09827655,0.00000000,0.00000000,49.73928100,57.67001469,53.75120360,1002.98064984,26688.56154604,7912.94957600
2,591,0.509000,0.495000,81.43091688,25.29771492,0.00000000,221.76905391,0.00000000,0.00000000,94.69756566,106.72863180,101.68074366,1745.79450000,27037.72044587,7912.94957600
2,592,0.307000,0.538000,49.11452157,57.61411023,0.00000000,210.91502438,0.00000000,0.00000000,94.69756566,106.72863180,101.68074366,1745.79450000,27386.87934571,7912.94957600
2,593,0.111000,0.601000,17.75801920,89.56918272,0.00000000,210.40481337,0.00000000,0.00000000,94.69756566,107.32720193,101.68074366,1745.79450000,27386.87934550,9891.18697000
2,594,0.000000,0.669000,0.00000000,107.32720193,0.00000000,226.58727959,0.00000000,0.00000000,94.69756566,107.32720193,101.68074366,1745.79450000,27386.87934530,9891.18697000
2,595,0.000000,0.734000,0.00000000,106.72863180,0.00000000,259.62896077,0.00000000,0.00000000,94.69756566,106.72863180,101.68074366,1745.79450000,27736.03824513,7912.94957600
2,596,0.000000,0.791000,0.00000000,107.32720193,0.00000000,287.48050342,0.00000000,0.00000000,94.69756566,107.32720193,101.68074366,1745.79450000,27736.03824493,9891.18697000
2,597,0.000000,0.808000,0.00000000,89.29817159,0.00000000,313.99465511,0.00000000,0.00000000,78.66539600,89.29817159,84.63531998,1492.48099468,27831.88363944,7912.94957600
2,598,0.000000,0.836000,0.00000000,89.89674172,0.00000000,327.37157898,0.00000000,0.00000000,78.66539600,89.89674172,84.63531998,1492.48099468,27578.57013391,9891.18697000
2,599,0.000000,0.819000,0.00000000,106.89294149,0.00000000,301.89025785,0.00000000,0.00000000,94.69756566,106.89294149,101.68074366,1745.79450000,27831.88363944,8455.98297150
2,600,0.000000,0.763000,0.00000000,89.89674172,0.00000000,290.93546964,0.00000000,0.00000000,78.66539600,89.89674172,84.63531998,1492.48099468,27578.57013391,9891.18697000
2,601,0.000000,0.687000,0.00000000,107.05725118,0.00000000,235.84147648,0.00000000,0.00000000,94.69756566,107.05725118,101.68074366,1745.79450000,27736.03824493,8999.01636817
2,602,0.000000,0.612000,0.00000000,89.29817159,0.00000000,216.16619715,0.00000000,0.00000000,78.66539600,89.29817159,84.63531998,1492.48099468,27831.88363944,7912.94957600
2,603,0.000000,0.546000,0.00000000,72.94337341,0.00000000,199.57875949,0.00000000,0.00000000,63.67817400,72.94337341,68.65710075,1244.73168631,27679.97972559,7912.94957600
2,604,0.000000,0.464000,0.00000000,89.89674172,0.00000000,141.69715877,0.00000000,0.00000000,78.66539600,89.89674172,84.63531998,1492.48099468,27426.66622006,9891.18697000
2,605,0.000000,0.407000,0.00000000,89.29817159,0.00000000,113.84561612,0.00000000,0.00000000,78.66539600,89.29817159,84.63531998,1492.48099468,27522.51161457,7912.94957600
2,606,0.009000,0.382000,1.43983939,105.35699985,0.00000000,85.30866822,0.00000000,0.00000000,94.69756566,106.79683924,101.68074366,1745.79450000,27831.88363944,8138.37096391
2,607,0.184000,0.651000,29.43671651,44.10522702,0.00000000,280.82500835,0.00000000,0.00000000,63.67817400,73.54194353,68.65710075,1244.73168631,27330.82082555,9891.18697000
2,608,0.394000,0.759000,63.03296906,26.86377266,0.00000000,351.97193955,0.00000000,0.00000000,78.66539600,89.89674172,84.63531998,1492.48099468,27077.50732002,9891.18697000
2,609,0.559000,0.720000,89.43002463,0.46671709,0.00000000,358.90312849,0.00000000,0.00000000,78.66539600,89.89674172,84.63531998,1492.48099468,26824.19381449,9891.18697000
2,610,0.678000,0.644000,106.72863180,0.00000000,1.73926927,321.43636188,0.00000000,0.00000000,94.69756566,106.72863180,101.68074366,1745.79450000,27173.35271432,7912.94957600
2,611,0.741000,0.598000,106.96114893,0.00000000,11.58562790,298.47662174,0.00000000,0.00000000,94.69756566,106.96114893,101.68074366,1745.79450000,27386.87934612,8681.40435244
2,612,0.758000,0.597000,107.32720193,0.00000000,13.93927154,297.97749696,0.00000000,0.00000000,94.69756566,107.32720193,101.68074366,1745.79450000,27386.87934591,9891.18697000
2,613,0.719000,0.611000,107.32720193,0.00000000,7.69996749,304.96524395,0.00000000,0.00000000,94.69756566,107.32720193,101.68074366,1745.79450000,27386.87934571,9891.18697000
2,614,0.650000,0.624000,103.98840073,3.33880120,0.00000000,308.11506497,0.00000000,0.00000000,94.69756566,107.32720193,101.68074366,1745.79450000,27386.87934550,9891.18697000
2,615,0.533000,0.656000,85.27048860,21.45814320,0.00000000,305.96771610,0.00000000,0.00000000,94.69756566,106.72863180,101.68074366,1745.79450000,27736.03824534,7912.94957600
2,616,0.363000,0.715000,58.07352225,49.25367967,0.00000000,307.62054197,0.00000000,0.00000000,94.69756566,107.32720193,101.68074366,1745.79450000,27736.03824513,9891.18697000
2,617,0.157000,0.798000,25.11719833,64.77954339,0.00000000,333.52203546,0.00000000,0.00000000,78.66539600,89.89674172,84.63531998,1492.48099468,27482.72473960,9891.18697000
2,618,0.000000,0.871000,0.00000000,106.72863180,0.00000000,328.00905639,0.00000000,0.00000000,94.69756566,106.72863180,101.68074366,1745.79450000,27831.88363944,7912.94957600
2,619,0.000000,0.920000,0.00000000,89.89674172,0.00000000,369.29806096,0.00000000,0.00000000,78.66539600,89.89674172,84.63531998,1492.48099468,27578.57013391,9891.18697000
2,620,0.000000,0.947000,0.00000000,89.89674172,0.00000000,382.77443017,0.00000000,0.00000000,78.66539600,89.89674172,84.63531998,1492.48099468,27325.25662838,9891.18697000
2,621,0.000000,0.945000,0.00000000,89.89674172,0.00000000,381.77618060,0.00000000,0.00000000,78.66539600,89.89674172,84.63531998,1492.48099468,27071.94312285,9891.18697000
2,622,0.000000,0.926000,0.00000000,106.72863180,0.00000000,355.46091959,0.00000000,0.00000000,94.69756566,106.72863180,101.68074366,1745.79450000,27421.10202269,7912.94957600
2,623,0.000000,0.906000,0.00000000,73.54194353,0.00000000,378.66511215,0.00000000,0.00000000,63.67817400,73.54194353,68.65710075,1244.73168631,26920.03920879,9891.18697000
2,624,0.000000,0.876000,0.00000000,106.72863180,0.00000000,330.50468032,0.00000000,0.00000000,94.69756566,106.72863180,101.68074366,1745.79450000,27269.19810863,7912.94957600
2,625,0.000000,0.837000,0.00000000,107.32720193,0.00000000,310.44024356,0.00000000,0.00000000,94.69756566,107.32720193,101.68074366,1745.79450000,27269.19810842,9891.18697000
2,626,0.000000,0.777000,0.00000000,107.32720193,0.00000000,280.49275642,0.00000000,0.00000000,94.69756566,107.32720193,101.68074366,1745.79450000,27269.19810822,9891.18697000
2,627,0.000000,0.689000,0.00000000,73.54194353,0.00000000,270.35503369,0.00000000,0.00000000,63.67817400,73.54194353,68.65710075,1244.73168631,26768.13529433,9891.18697000
2,628,0.000000,0.586000,0.00000000,106.72863180,0.00000000,185.75849252,0.00000000,0.00000000,94.69756566,106.72863180,101.68074366,1745.79450000,27117.29419416,7912.94957600
2,629,0.000000,0.500000,0.00000000,89.29817159,0.00000000,160.26422117,0.00000000,0.00000000,78.66539600,89.29817159,84.63531998,1492.48099468,27213.13958867,7912.94957600
2,630,0.009000,0.441000,1.43983939,105.28879241,0.00000000,114.82523801,0.00000000,0.00000000,94.69756566,106.72863180,101.68074366,1745.79450000,27562.29848851,7912.94957600
2,631,0.188000,0.709000,30.07664513,77.25055679,0.00000000,276.62891614,0.00000000,0.00000000,94.69756566,107.32720193,101.68074366,1745.79450000,27562.29848830,9891.18697000
2,632,0.406000,0.808000,64.95275492,42.37444701,0.00000000,360.91837969,0.00000000,0.00000000,94.69756566,107.32720193,101.68074366,1745.79450000,27562.29848810,9891.18697000
2,633,0.577000,0.770000,92.30970342,14.55534326,0.00000000,369.77074159,0.00000000,0.00000000,94.69756566,106.86504668,101.68074366,1745.79450000,27831.88363964,8363.79234252
2,634,0.689000,0.711000,107.32720193,0.00000000,2.90050285,354.87772251,0.00000000,0.00000000,94.69756566,107.32720193,101.68074366,1745.79450000,27831.88363944,9891.18697000
2,635,0.748000,0.645000,107.32720193,0.00000000,12.33944999,321.93548666,0.00000000,0.00000000,94.69756566,107.32720193,101.68074366,1745.79450000,27831.88363944,9891.18696884
2,636,0.764000,0.586000,2.99285063,0.00000000,119.23351577,292.48712432,0.00000000,0.00000000,0.00000000,2.99285063,0.00000000,0.00000000,26086.08913923,9891.18697000
2,637,0.737000,0.563000,106.72863180,0.00000000,11.17821641,281.00725425,0.00000000,0.00000000,94.69756566,106.72863180,101.68074366,1745.79450000,26435.24803907,7912.94957600
2,638,0.667000,0.585000,106.70809736,0.02053444,0.00000000,291.96746509,0.00000000,0.00000000,94.69756566,106.72863180,101.68074366,1745.79450000,26784.40693891,7912.94957600
2,639,0.550000,0.638000,87.99018523,1.55004230,0.00000000,316.89157087,0.00000000,0.00000000,78.66539600,89.54022753,84.63531998,1492.48099468,26739.05586985,8712.92953955
2,640,0.386000,0.714000,61.75311182,45.57409011,0.00000000,310.80100675,0.00000000,0.00000000,94.69756566,107.32720193,101.68074366,1745.79450000,26739.05586965,9891.18697000
2,641,0.179000,0.804000,28.63680574,78.09182606,0.00000000,323.20450150,0.00000000,0.00000000,94.69756566,106.72863180,101.68074366,1745.79450000,27088.21476948,7912.94957600
2,642,0.001000,0.870000,0.15998215,106.56864965,0.00000000,327.66991376,0.00000000,0.00000000,94.69756566,106.72863180,101.68074366,1745.79450000,27437.37366932,7912.94957600
2,643,0.000000,0.902000,0.00000000,73.54194353,0.00000000,376.66861301,0.00000000,0.00000000,63.67817400,73.54194353,68.65710075,1244.73168631,26936.31085542,9891.18697000
2,644,0.000000,0.911000,0.00000000,73.54194353,0.00000000,381.16073608,0.00000000,0.00000000,63.67817400,73.54194353,68.65710075,1244.73168631,26435.24804153,9891.18697000
2,645,0.000000,0.901000,0.00000000,106.72863180,0.00000000,342.98279995,0.00000000,0.00000000,94.69756566,106.72863180,101.68074366,1745.79450000,26784.40694137,7912.94957600
2,646,0.000000,0.869000,0.00000000,106.72863180,0.00000000,327.01080682,0.00000000,0.00000000,94.69756566,106.72863180,101.68074366,1745.79450000,27133.56584120,7912.94957600
2,647,0.000000,0.827000,0.00000000,106.72863180,0.00000000,306.04756583,0.00000000,0.00000000,94.69756566,106.72863180,101.68074366,1745.79450000,27482.72474104,7912.94957600
2,648,0.000000,0.770000,0.00000000,107.32720193,0.00000000,276.99888293,0.00000000,0.00000000,94.69756566,107.32720193,101.68074366,1745.79450000,27482.72474083,9891.18697000
2,649,0.000000,0.711000,0.00000000,107.32720193,0.00000000,247.55052058,0.00000000,0.00000000,94.69756566,107.32720193,101.68074366,1745.79450000,27482.72474063,9891.18697000
2,650,0.000000,0.650000,0.00000000,107.32720193,0.00000000,217.10390866,0.00000000,0.00000000,94.69756566,107.32720193,101.68074366,1745.79450000,27482.72474042,9891.18697000
2,651,0.000000,0.574000,0.00000000,107.32720193,0.00000000,179.17042496,0.00000000,0.00000000,94.69756566,107.32720193,101.68074366,1745.79450000,27482.72474022,9891.18697000
2,652,0.000000,0.498000,0.00000000,107.32720193,0.00000000,141.23694126,0.00000000,0.00000000,94.69756566,107.32720193,101.68074366,1745.79450000,27482.72474001,9891.18697000
2,653,0.000000,0.425000,0.00000000,107.32720193,0.00000000,104.80083192,0.00000000,0.00000000,94.69756566,107.32720193,101.68074366,1745.79450000,27482.72473981,9891.18697000
2,654,0.010000,0.367000,1.59982155,105.72738038,0.00000000,77.45141591,0.00000000,0.00000000,94.69756566,107.32720193,101.68074366,1745.79450000,27482.72473960,9891.18697000
2,655,0.197000,0.616000,31.51648453,75.21214727,0.00000000,232.24872061,0.00000000,0.00000000,94.69756566,106.72863180,101.68074366,1745.79450000,27831.88363944,7912.94957600
2,656,0.412000,0.680000,43.47863956,0.00000000,22.43400828,339.40485415,0.00000000,0.00000000,36.84682300,43.47863956,39.91750131,767.66957627,27202.91761554,7912.94957600
2,657,0.578000,0.584000,92.46968557,14.85751636,0.00000000,276.63135839,0.00000000,0.00000000,94.69756566,107.32720193,101.68074366,1745.79450000,27202.91761534,9891.18697000
2,658,0.689000,0.477000,107.18568113,0.00000000,3.04202364,238.08252269,0.00000000,0.00000000,94.69756566,107.18568113,101.68074366,1745.79450000,27285.46975485,9423.46946453
2,659,0.750000,0.386000,72.94337341,0.00000000,47.04324282,192.66216721,0.00000000,0.00000000,63.67817400,72.94337341,68.65710075,1244.73168631,27133.56584100,7912.94957600
2,660,0.766000,0.310000,107.32720193,0.00000000,15.21912878,154.72868351,0.00000000,0.00000000,94.69756566,107.32720193,101.68074366,1745.79450000,27133.56584079,9891.18697000
2,661,0.734000,0.261000,106.72863180,0.00000000,10.69826994,130.27156902,0.00000000,0.00000000,94.69756566,106.72863180,101.68074366,1745.79450000,27482.72474063,7912.94957600
2,662,0.663000,0.271000,106.06816874,1.25903318,0.00000000,134.00378369,0.00000000,0.00000000,94.69756566,107.32720193,101.68074366,1745.79450000,27482.72474042,9891.18697000
2,663,0.546000,0.343000,87.35025661,19.97694531,0.00000000,151.22285612,0.00000000,0.00000000,94.69756566,107.32720193,101.68074366,1745.79450000,27482.72474022,9891.18697000
2,664,0.380000,0.479000,60.79321889,46.53398304,0.00000000,192.54678923,0.00000000,0.00000000,94.69756566,107.32720193,101.68074366,1745.79450000,27482.72474001,9891.18697000
2,665,0.173000,0.664000,27.67691281,79.65028912,0.00000000,251.76856847,0.00000000,0.00000000,94.69756566,107.32720193,101.68074366,1745.79450000,27482.72473981,9891.18697000
2,666,0.001000,0.822000,0.15998215,107.16721977,0.00000000,303.11335393,0.00000000,0.00000000,94.69756566,107.32720193,101.68074366,1745.79450000,27482.72473960,9891.18697000
2,667,0.000000,0.878000,0.00000000,106.72863180,0.00000000,331.50292989,0.00000000,0.00000000,94.69756566,106.72863180,101.68074366,1745.79450000,27831.88363944,7912.94957600
2,668,0.000000,0.896000,0.00000000,107.32720193,0.00000000,339.88860590,0.00000000,0.00000000,94.69756566,107.32720193,101.68074366,1745.79450000,27831.88363923,9891.18697000
2,669,0.000000,0.903000,0.00000000,107.32720193,0.00000000,343.38247940,0.00000000,0.00000000,94.69756566,107.32720193,101.68074366,1745.79450000,27831.88363903,9891.18697000
2,670,0.000000,0.879000,0.00000000,107.32720192,0.00000000,331.40348455,0.00000000,0.00000000,94.69756566,107.32720192,101.68074366,1745.79450000,27831.88363944,9891.18696652
2,671,0.000000,0.829000,0.00000000,89.46248128,0.00000000,324.31196592,0.00000000,0.00000000,78.66539600,89.46248128,84.63531998,1492.48099468,27831.88363964,8455.98297150
2,672,0.000000,0.769000,0.00000000,107.32720193,0.00000000,276.49975814,0.00000000,0.00000000,94.69756566,107.32720193,101.68074366,1745.79450000,27831.88363944,9891.18697000
2,673,0.000000,0.701000,0.00000000,89.89674172,0.00000000,259.98973293,0.00000000,0.00000000,78.66539600,89.89674172,84.63531998,1492.48099468,27578.57013391,9891.18697000
2,674,0.000000,0.630000,0.00000000,106.89294149,0.00000000,207.55567339,0.00000000,0.00000000,94.69756566,106.89294149,101.68074366,1745.79450000,27831.88363985,8455.98296918
2,675,0.000000,0.552000,0.00000000,107.32720193,0.00000000,168.18967968,0.00000000,0.00000000,94.69756566,107.32720193,101.68074366,1745.79450000,27831.88363964,9891.18697000
2,676,0.000000,0.459000,0.00000000,107.32720193,0.00000000,121.77107463,0.00000000,0.00000000,94.69756566,107.32720193,101.68074366,1745.79450000,27831.88363944,9891.18697000
2,677,0.000000,0.395000,0.00000000,107.32720193,0.00000000,89.82708836,0.00000000,0.00000000,94.69756566,107.32720193,101.68074366,1745.79450000,27831.88363944,9891.18696884
2,678,0.007000,0.341000,1.11987508,106.20732684,0.00000000,63.99422502,0.00000000,0.00000000,94.69756566,107.32720193,101.68074366,1745.79450000,27831.88363923,9891.18697000
2,679,0.172000,0.543000,27.51693065,45.42644275,0.00000000,225.59831578,0.00000000,0.00000000,63.67817400,72.94337341,68.65710075,1244.73168631,27679.97972538,7912.94957600
2,680,0.383000,0.599000,61.27316535,46.05403657,0.00000000,252.92170995,0.00000000,0.00000000,94.69756566,107.32720193,101.68074366,1745.79450000,27679.97972518,9891.18697000
2,681,0.559000,0.528000,89.43002463,17.63676536,0.00000000,245.90112139,0.00000000,0.00000000,94.69756566,107.06678999,101.68074366,1745.79450000,27831.88363944,9030.54156225
2,682,0.666000,0.456000,58.26858481,0.00000000,48.27953039,227.60090220,0.00000000,0.00000000,49.73928100,58.26858481,53.75120360,1002.98064984,27089.06978907,9891.18697000
2,683,0.737000,0.394000,107.32720193,0.00000000,10.57964628,196.65516550,0.00000000,0.00000000,94.69756566,107.32720193,101.68074366,1745.79450000,27089.06978887,9891.18697000
2,684,0.758000,0.348000,106.72863180,0.00000000,14.53784166,173.69542536,0.00000000,0.00000000,94.69756566,106.72863180,101.68074366,1745.79450000,27438.22868870,7912.94957600
2,685,0.729000,0.331000,106.72863180,0.00000000,9.89835917,165.21030401,0.00000000,0.00000000,94.69756566,106.72863180,101.68074366,1745.79450000,27787.38758854,7912.94957600
2,686,0.658000,0.360000,105.26825797,2.05894396,0.00000000,177.62597883,0.00000000,0.00000000,94.69756566,107.32720193,101.68074366,1745.79450000,27787.38758833,9891.18697000
2,687,0.532000,0.440000,85.11050644,22.14041501,0.00000000,197.47449062,0.00000000,0.00000000,94.69756566,107.25092145,101.68074366,1745.79450000,27831.88363944,9639.08469628
2,688,0.362000,0.571000,57.91354010,49.41366183,0.00000000,235.58659070,0.00000000,0.00000000,94.69756566,107.32720193,101.68074366,1745.79450000,27831.88363923,9891.18697000
2,689,0.156000,0.740000,24.95721617,6.01491818,0.00000000,363.33742311,0.00000000,0.00000000,25.00174700,30.97213435,27.15938231,539.40882693,26625.49796596,9891.18697000
2,690,0.001000,0.847000,0.15998215,107.16721977,0.00000000,315.59147357,0.00000000,0.00000000,94.69756566,107.32720193,101.68074366,1745.79450000,26625.49796575,9891.18697000
2,691,0.000000,0.878000,0.00000000,106.72863180,0.00000000,331.50292989,0.00000000,0.00000000,94.69756566,106.72863180,101.68074366,1745.79450000,26974.65686559,7912.94957600
2,692,0.000000,0.880000,0.00000000,89.29817159,0.00000000,349.93163967,0.00000000,0.00000000,78.66539600,89.29817159,84.63531998,1492.48099468,27070.50226010,7912.94957600
2,693,0.000000,0.877000,0.00000000,107.21909076,0.00000000,330.51334614,0.00000000,0.00000000,94.69756566,107.21909076,101.68074366,1745.79450000,27133.56584079,9533.88622836
2,694,0.000000,0.842000,0.00000000,107.32720193,0.00000000,312.93586748,0.00000000,0.00000000,94.69756566,107.32720193,101.68074366,1745.79450000,27133.56584059,9891.18697000
2,695,0.000000,0.774000,0.00000000,107.32720193,0.00000000,278.99538207,0.00000000,0.00000000,94.69756566,107.32720193,101.68074366,1745.79450000,27133.56584038,9891.18697000
2,696,0.000000,0.655000,0.00000000,107.32720193,0.00000000,219.59953259,0.00000000,0.00000000,94.69756566,107.32720193,101.68074366,1745.79450000,27133.56584018,9891.18697000
2,697,0.000000,0.507000,0.00000000,107.32720193,0.00000000,145.72906433,0.00000000,0.00000000,94.69756566,107.32720193,101.68074366,1745.79450000,27133.56583997,9891.18697000
2,698,0.000000,0.376000,0.00000000,106.72863180,0.00000000,80.94228756,0.00000000,0.00000000,94.69756566,106.72863180,101.68074366,1745.79450000,27482.72473981,7912.94957600
2,699,0.000000,0.327000,0.00000000,107.32720193,0.00000000,55.88660294,0.00000000,0.00000000,94.69756566,107.32720193,101.68074366,1745.79450000,27482.72473960,9891.18697000
2,700,0.000000,0.297000,0.00000000,106.72863180,0.00000000,41.51142950,0.00000000,0.00000000,94.69756566,106.72863180,101.68074366,1745.79450000,27831.88363944,7912.94957600
2,701,0.000000,0.251000,0.00000000,89.89674197,0.00000000,35.38357919,0.00000000,0.00000000,78.66539600,89.89674197,84.63532017,1492.48104146,27578.57018069,9891.18697000
2,702,0.006000,0.261000,0.95989293,106.36730900,0.00000000,23.90426003,0.00000000,0.00000000,94.69756566,107.32720193,101.68074366,1745.79450000,27578.57018049,9891.18697000
2,703,0.164000,0.451000,26.23707341,63.65966856,0.00000000,161.44560971,0.00000000,0.00000000,78.66539600,89.89674197,84.63532017,1492.48104146,27325.25672174,9891.18697000
2,704,0.391000,0.501000,62.55302259,38.82430312,0.00000000,211.23721443,0.00000000,0.00000000,89.22499493,101.37732571,95.86229939,1659.32611501,27238.78833654,9891.18697000
2,705,0.563000,0.464000,89.89674197,0.00000000,0.17321127,231.59390048,0.00000000,0.00000000,78.66539600,89.89674197,84.63532017,1492.48104146,26985.47487779,9891.18697000
2,706,0.675000,0.431000,89.89674197,0.00000000,18.09121263,215.12278256,0.00000000,0.00000000,78.66539600,89.89674197,84.63532017,1492.48104146,26732.16141904,9891.18697000
2,707,0.738000,0.404000,89.89674197,0.00000000,28.17008839,201.64641335,0.00000000,0.00000000,78.66539600,89.89674197,84.63532017,1492.48104146,26478.84796029,9891.18697000
2,708,0.756000,0.382000,73.54194456,0.00000000,47.40456459,190.66566807,0.00000000,0.00000000,63.67817400,73.54194456,68.65710149,1244.73187308,25977.78533317,9891.18697000
2,709,0.726000,0.379000,89.89674197,0.00000000,26.25030253,189.16829371,0.00000000,0.00000000,78.66539600,89.89674197,84.63532017,1492.48104146,25724.47187442,9891.18697000
2,710,0.629000,0.417000,89.89674197,0.00000000,10.73203350,208.13503556,0.00000000,0.00000000,78.66539600,89.89674197,84.63532017,1492.48104146,25471.15841567,9891.18697000
2,711,0.468000,0.491000,74.87164852,15.02509345,0.00000000,230.04517624,0.00000000,0.00000000,78.66539600,89.89674197,84.63532017,1492.48104146,25217.84495692,9891.18697000
2,712,0.324000,0.583000,51.83421821,38.06252377,0.00000000,252.92722619,0.00000000,0.00000000,78.66539600,89.89674197,84.63532017,1492.48104146,24964.53149818,9891.18697000
2,713,0.141000,0.673000,22.55748385,67.33925812,0.00000000,268.57172253,0.00000000,0.00000000,78.66539600,89.89674197,84.63532017,1492.48104146,24711.21803943,9891.18697000
2,714,0.001000,0.741000,0.15998215,43.91722705,0.00000000,325.93423902,0.00000000,0.00000000,36.84682300,44.07720920,39.91750095,767.66948863,23733.09302786,9891.18697000
2,715,0.000000,0.772000,0.00000000,89.89674197,0.00000000,295.42759245,0.00000000,0.00000000,78.66539600,89.89674197,84.63532017,1492.48104146,23479.77956911,9891.18697000
2,716,0.000000,0.772000,0.00000000,89.89674197,0.00000000,295.42759245,0.00000000,0.00000000,78.66539600,89.89674197,84.63532017,1492.48104146,23226.46611036,9891.18697000
2,717,0.000000,0.756000,0.00000000,89.89674197,0.00000000,287.44159588,0.00000000,0.00000000,78.66539600,89.89674197,84.63532017,1492.48104146,22973.15265161,9891.18697000
2,718,0.000000,0.714000,0.00000000,89.89674197,0.00000000,266.47835489,0.00000000,0.00000000,78.66539600,89.89674197,84.63532017,1492.48104146,22719.83919286,9891.18697000
2,719,0.000000,0.674000,0.00000000,89.89674197,0.00000000,246.51336347,0.00000000,0.00000000,78.66539600,89.89674197,84.63532017,1492.48104146,22466.52573411,9891.18697000
2,720,0.000000,0.610000,0.00000000,89.89674197,0.00000000,214.56937719,0.00000000,0.00000000,78.66539600,89.89674197,84.63532017,1492.48104146,22213.21227536,9891.18697000
2,721,0.000000,0.502000,0.00000000,89.89674197,0.00000000,160.66390036,0.00000000,0.00000000,78.66539600,89.89674197,84.63532017,1492.48104146,21959.89881661,9891.18697000
2,722,0.000000,0.394000,0.00000000,89.89674197,0.00000000,106.75842352,0.00000000,0.00000000,78.66539600,89.89674197,84.63532017,1492.48104146,21706.58535786,9891.18697000
2,723,0.000000,0.339000,0.00000000,89.89674197,0.00000000,79.30656032,0.00000000,0.00000000,78.66539600,89.89674197,84.63532017,1492.48104146,21453.27189911,9891.18697000
2,724,0.000000,0.318000,0.00000000,89.89674197,0.00000000,68.82493982,0.00000000,0.00000000,78.66539600,89.89674197,84.63532017,1492.48104146,21199.95844037,9891.18697000
2,725,0.000000,0.334000,0.00000000,89.89674197,0.00000000,76.81093639,0.00000000,0.00000000,78.66539600,89.89674197,84.63532017,1492.48104146,20946.64498162,9891.18697000
2,726,0.006000,0.343000,0.95989293,57.30868962,0.00000000,113.89111182,0.00000000,0.00000000,49.73928100,58.26858255,53.75120196,1002.98023956,20203.83072097,9891.18697000
2,727,0.169000,0.538000,27.03698419,62.85975779,0.00000000,205.66937683,0.00000000,0.00000000,78.66539600,89.89674197,84.63532017,1492.48104146,19950.51726222,9891.18697000
2,728,0.382000,0.584000,61.11318320,28.78355878,0.00000000,262.70531597,0.00000000,0.00000000,78.66539600,89.89674197,84.63532017,1492.48104146,19697.20380347,9891.18697000
2,729,0.555000,0.541000,73.54194456,0.00000000,15.24815144,270.02650897,0.00000000,0.00000000,63.67817400,73.54194456,68.65710149,1244.73187308,19196.14117635,9891.18697000
2,730,0.676000,0.503000,0.00000000,58.26858255,108.14793676,192.79118457,0.00000000,0.00000000,49.73928100,58.26858255,53.75120196,1002.98023956,18453.32691570,9891.18697000
2,731,0.741000,0.478000,89.89674197,0.00000000,28.65003486,238.58164748,0.00000000,0.00000000,78.66539600,89.89674197,84.63532017,1492.48104146,18200.01345695,9891.18697000
2,732,0.759000,0.466000,89.89674197,0.00000000,31.52971364,232.59215005,0.00000000,0.00000000,78.66539600,89.89674197,84.63532017,1492.48104146,17946.69999820,9891.18697000
2,733,0.734000,0.484000,73.54194456,0.00000000,43.88495718,241.57639619,0.00000000,0.00000000,63.67817400,73.54194456,68.65710149,1244.73187308,17445.63737108,9891.18697000
2,734,0.655000,0.534000,89.89674197,0.00000000,14.89156953,266.53263547,0.00000000,0.00000000,78.66539600,89.89674197,84.63532017,1492.48104146,17192.32391233,9891.18697000
2,735,0.512000,0.597000,81.91086334,7.98587863,0.00000000,289.99161832,0.00000000,0.00000000,78.66539600,89.89674197,84.63532017,1492.48104146,16939.01045358,9891.18697000
2,736,0.348000,0.663000,55.67378993,34.22295205,0.00000000,296.69678075,0.00000000,0.00000000,78.66539600,89.89674197,84.63532017,1492.48104146,16685.69699483,9891.18697000
2,737,0.154000,0.722000,24.63725186,65.25949011,0.00000000,295.10860504,0.00000000,0.00000000,78.66539600,89.89674197,84.63532017,1492.48104146,16432.38353608,9891.18697000
2,738,0.001000,0.768000,0.15998215,73.38196241,0.00000000,309.94587287,0.00000000,0.00000000,63.67817400,73.54194456,68.65710149,1244.73187308,15931.32090896,9891.18697000
2,739,0.000000,0.792000,0.00000000,73.54194456,0.00000000,321.76488557,0.00000000,0.00000000,63.67817400,73.54194456,68.65710149,1244.73187308,15430.25828184,9891.18697000
2,740,0.000000,0.803000,0.00000000,89.89674197,0.00000000,310.90046080,0.00000000,0.00000000,78.66539600,89.89674197,84.63532017,1492.48104146,15176.94482309,9891.18697000
2,741,0.000000,0.788000,0.00000000,73.54194456,0.00000000,319.76838643,0.00000000,0.00000000,63.67817400,73.54194456,68.65710149,1244.73187308,14675.88219597,9891.18697000
2,742,0.000000,0.760000,0.00000000,89.89674197,0.00000000,289.43809502,0.00000000,0.00000000,78.66539600,89.89674197,84.63532017,1492.48104146,14422.56873722,9891.18697000
2,743,0.000000,0.681000,0.00000000,89.89674197,0.00000000,250.00723697,0.00000000,0.00000000,78.66539600,89.89674197,84.63532017,1492.48104146,14169.25527847,9891.18697000
2,744,0.000000,0.556000,0.00000000,89.89674197,0.00000000,187.61663878,0.00000000,0.00000000,78.66539600,89.89674197,84.63532017,1492.48104146,13915.94181972,9891.18697000
3,1,0.000000,0.325000,0.00000000,106.72863180,0.00000000,55.48692349,0.00000000,0.00000000,94.69756566,106.72863180,101.68074366,1745.79450000,14265.10071956,7912.94957600
3,2,0.000000,0.332000,0.00000000,72.94337341,0.00000000,92.76605538,0.00000000,0.00000000,63.67817400,72.94337341,68.65710075,1244.73168631,14113.19680570,7912.94957600
3,3,0.000000,0.336000,0.00000000,106.72863180,0.00000000,60.97729613,0.00000000,0.00000000,94.69756566,106.72863180,101.68074366,1745.79450000,14462.35570554,7912.94957600
3,4,0.000000,0.323000,0.00000000,106.72863180,0.00000000,54.48867392,0.00000000,0.00000000,94.69756566,106.72863180,101.68074366,1745.79450000,14811.51460538,7912.94957600
3,5,0.000000,0.327000,0.00000000,106.72863180,0.00000000,56.48517306,0.00000000,0.00000000,94.69756566,106.72863180,101.68074366,1745.79450000,15160.67350521,7912.94957600
3,6,0.000000,0.321000,0.00000000,106.72863180,0.00000000,53.49042435,0.00000000,0.00000000,94.69756566,106.72863180,101.68074366,1745.79450000,15509.83240505,7912.94957600
3,7,0.090000,0.376000,0.00000000,106.72863180,14.39839395,80.94228756,0.00000000,0.00000000,94.69756566,106.72863180,101.68074366,1745.79450000,15858.99130488,7912.94957600
3,8,0.249000,0.636000,39.83555659,66.89307521,0.00000000,250.55028838,0.00000000,0.00000000,94.69756566,106.72863180,101.68074366,1745.79450000,16208.15020472,7912.94957600
3,9,0.389000,0.652000,62.23305828,44.49557352,0.00000000,280.93378664,0.00000000,0.00000000,94.69756566,106.72863180,101.68074366,1745.79450000,16557.30910456,7912.94957600
3,10,0.492000,0.544000,2.39428050,0.00000000,76.31693974,271.52388332,0.00000000,0.00000000,0.00000000,2.39428050,0.00000000,0.00000000,15160.67350439,7912.94957600
3,11,0.549000,0.410000,87.83020308,18.89842872,0.00000000,185.74273334,0.00000000,0.00000000,94.69756566,106.72863180,101.68074366,1745.79450000,15509.83240423,7912.94957600
3,12,0.545000,0.300000,87.19027446,2.10789713,0.00000000,147.62953852,0.00000000,0.00000000,78.66539600,89.29817159,84.63531998,1492.48099468,15605.67779874,7912.94957600
3,13,0.497000,0.223000,79.51113102,27.21750078,0.00000000,84.08732639,0.00000000,0.00000000,94.69756566,106.72863180,101.68074366,1745.79450000,15954.83669857,7912.94957600
3,14,0.402000,0.190000,64.31282630,42.41580550,0.00000000,52.41790374,0.00000000,0.00000000,94.69756566,106.72863180,101.68074366,1745.79450000,16303.99559841,7912.94957600
3,15,0.285000,0.200000,45.59491417,61.13371764,0.00000000,38.69123947,0.00000000,0.00000000,94.69756566,106.72863180,101.68074366,1745.79450000,16653.15449825,7912.94957600
3,16,0.159000,0.240000,25.43716264,81.29146916,0.00000000,38.49847936,0.00000000,0.00000000,94.69756566,106.72863180,101.68074366,1745.79450000,17002.31339808,7912.94957600
3,17,0.048000,0.320000,7.67914344,99.04948836,0.00000000,60.67044300,0.00000000,0.00000000,94.69756566,106.72863180,101.68074366,1745.79450000,17351.47229792,7912.94957600
3,18,0.000000,0.416000,0.00000000,89.29817159,0.00000000,118.33773919,0.00000000,0.00000000,78.66539600,89.29817159,84.63531998,1492.48099468,17447.31769243,7912.94957600
3,19,0.000000,0.460000,0.00000000,89.29817159,0.00000000,140.29922975,0.00000000,0.00000000,78.66539600,89.29817159,84.63531998,1492.48099468,17543.16308694,7912.94957600
3,20,0.000000,0.480000,0.00000000,106.72863180,0.00000000,132.85126525,0.00000000,0.00000000,94.69756566,106.72863180,101.68074366,1745.79450000,17892.32198678,7912.94957600
3,21,0.000000,0.497000,0.00000000,2.39428050,0.00000000,245.67073790,0.00000000,0.00000000,0.00000000,2.39428050,0.00000000,0.00000000,16495.68638661,7912.94957600
3,22,0.000000,0.448000,0.00000000,72.94337341,0.00000000,150.66453051,0.00000000,0.00000000,63.67817400,72.94337341,68.65710075,1244.73168631,16343.78247276,7912.94957600
3,23,0.000000,0.410000,0.00000000,89.29817159,0.00000000,115.34299047,0.00000000,0.00000000,78.66539600,89.29817159,84.63531998,1492.48099468,16439.62786727,7912.94957600
3,24,0.000000,0.369000,0.00000000,2.39428050,0.00000000,181.78276536,0.00000000,0.00000000,0.00000000,2.39428050,0.00000000,0.00000000,15042.99226711,7912.94957600
3,25,0.000000,0.322000,0.00000000,106.72863180,0.00000000,53.98954914,0.00000000,0.00000000,94.69756566,106.72863180,101.68074366,1745.79450000,15392.15116694,7912.94957600
3,26,0.000000,0.289000,0.00000000,89.29817159,0.00000000,54.94889142,0.00000000,0.00000000,78.66539600,89.29817159,84.63531998,1492.48099468,15487.99656146,7912.94957600
3,27,0.000000,0.261000,0.00000000,106.72863180,0.00000000,23.54293722,0.00000000,0.00000000,94.69756566,106.72863180,101.68074366,1745.79450000,15837.15546129,7912.94957600
3,28,0.000000,0.231000,0.00000000,106.72863180,0.00000000,8.56919365,0.00000000,0.00000000,94.69756566,106.72863180,101.68074366,1745.79450000,16186.31436113,7912.94957600
3,29,0.000000,0.202000,0.00000000,100.82320668,0.00000000,0.00000000,0.00000000,0.00000000,89.26588011,100.82320668,95.90576856,1659.97211397,16449.65087493,7912.94957600
3,30,0.000000,0.184000,0.00000000,91.83896054,0.00000000,0.00000000,0.00000000,0.00000000,81.00235988,91.83896054,87.11998318,1529.40582551,16582.42110028,7912.94957600
3,31,0.075000,0.220000,11.99866162,31.47997794,0.00000000,78.32747488,0.00000000,0.00000000,36.84682300,43.47863956,39.91750131,767.66957627,15953.45507639,7912.94957600
3,32,0.225000,0.466000,35.99598487,70.73264693,0.00000000,161.85950312,0.00000000,0.00000000,94.69756566,106.72863180,101.68074366,1745.79450000,16302.61397622,7912.94957600
3,33,0.389000,0.513000,62.23305828,44.49557352,0.00000000,211.55544145,0.00000000,0.00000000,94.69756566,106.72863180,101.68074366,1745.79450000,16651.77287606,7912.94957600
3,34,0.513000,0.420000,82.07084550,7.22732609,0.00000000,202.40508383,0.00000000,0.00000000,78.66539600,89.29817159,84.63531998,1492.48099468,16747.61827057,7912.94957600
3,35,0.590000,0.319000,94.38947143,12.33916037,0.00000000,146.88164621,0.00000000,0.00000000,94.69756566,106.72863180,101.68074366,1745.79450000,17096.77717041,7912.94957600
3,36,0.627000,0.251000,100.30881116,6.41982064,0.00000000,118.86050053,0.00000000,0.00000000,94.69756566,106.72863180,101.68074366,1745.79450000,17445.93607024,7912.94957600
3,37,0.611000,0.231000,97.74909668,8.97953512,0.00000000,106.31829034,0.00000000,0.00000000,94.69756566,106.72863180,101.68074366,1745.79450000,17795.09497008,7912.94957600
3,38,0.520000,0.240000,72.94337341,0.00000000,10.24734717,119.78994853,0.00000000,0.00000000,63.67817400,72.94337341,68.65710075,1244.73168631,17643.19105623,7912.94957600
3,39,0.378000,0.266000,60.47325458,46.25537722,0.00000000,86.51181573,0.00000000,0.00000000,94.69756566,106.72863180,101.68074366,1745.79450000,17992.34995606,7912.94957600
3,40,0.208000,0.309000,33.27628823,73.45234357,0.00000000,80.77721516,0.00000000,0.00000000,94.69756566,106.72863180,101.68074366,1745.79450000,18341.50885590,7912.94957600
3,41,0.057000,0.358000,9.11898283,80.17918876,0.00000000,98.50748446,0.00000000,0.00000000,78.66539600,89.29817159,84.63531998,1492.48099468,18437.35425041,7912.94957600
3,42,0.000000,0.425000,0.00000000,106.72863180,0.00000000,105.39940205,0.00000000,0.00000000,94.69756566,106.72863180,101.68074366,1745.79450000,18786.51315024,7912.94957600
3,43,0.000000,0.444000,0.00000000,106.72863180,0.00000000,114.88277297,0.00000000,0.00000000,94.69756566,106.72863180,101.68074366,1745.79450000,19135.67205008,7912.94957600
3,44,0.000000,0.364000,0.00000000,89.29817159,0.00000000,92.38325034,0.00000000,0.00000000,78.66539600,89.29817159,84.63531998,1492.48099468,19231.51744459,7912.94957600
3,45,0.000000,0.326000,0.00000000,106.72863180,0.00000000,55.98604828,0.00000000,0.00000000,94.69756566,106.72863180,101.68074366,1745.79450000,19580.67634443,7912.94957600
3,46,0.000000,0.339000,0.00000000,72.94337341,0.00000000,96.25992888,0.00000000,0.00000000,63.67817400,72.94337341,68.65710075,1244.73168631,19428.77243058,7912.94957600
3,47,0.000000,0.350000,0.00000000,106.72863180,0.00000000,67.96504313,0.00000000,0.00000000,94.69756566,106.72863180,101.68074366,1745.79450000,19777.93133041,7912.94957600
3,48,0.000000,0.358000,0.00000000,89.29817159,0.00000000,89.38850163,0.00000000,0.00000000,78.66539600,89.29817159,84.63531998,1492.48099468,19873.77672492,7912.94957600
3,49,0.000000,0.367000,0.00000000,106.72863180,0.00000000,76.45016449,0.00000000,0.00000000,94.69756566,106.72863180,101.68074366,1745.79450000,20222.93562476,7912.94957600
3,50,0.000000,0.370000,0.00000000,106.72863180,0.00000000,77.94753884,0.00000000,0.00000000,94.69756566,106.72863180,101.68074366,1745.79450000,20572.09452460,7912.94957600
3,51,0.000000,0.364000,0.00000000,106.72863180,0.00000000,74.95279013,0.00000000,0.00000000,94.69756566,106.72863180,101.68074366,1745.79450000,20921.25342443,7912.94957600
3,52,0.000000,0.346000,0.00000000,106.72863180,0.00000000,65.96854399,0.00000000,0.00000000,94.69756566,106.72863180,101.68074366,1745.79450000,21270.41232427,7912.94957600
3,53,0.000000,0.346000,0.00000000,72.94337341,0.00000000,99.75380238,0.00000000,0.00000000,63.67817400,72.94337341,68.65710075,1244.73168631,21118.50841041,7912.94957600
3,54,0.000000,0.328000,0.00000000,89.29817159,0.00000000,74.41475806,0.00000000,0.00000000,78.66539600,89.29817159,84.63531998,1492.48099468,21214.35380493,7912.94957600
3,55,0.084000,0.397000,13.43850102,93.29013078,0.00000000,104.86240907,0.00000000,0.00000000,94.69756566,106.72863180,101.68074366,1745.79450000,21563.51270476,7912.94957600
3,56,0.250000,0.602000,39.99553874,66.73309306,0.00000000,233.74002782,0.00000000,0.00000000,94.69756566,106.72863180,101.68074366,1745.79450000,21912.67160460,7912.94957600
3,57,0.415000,0.631000,66.39259431,40.33603749,0.00000000,274.61170217,0.00000000,0.00000000,94.69756566,106.72863180,101.68074366,1745.79450000,22261.83050443,7912.94957600
3,58,0.535000,0.596000,85.59045291,21.13817889,0.00000000,276.34019328,0.00000000,0.00000000,94.69756566,106.72863180,101.68074366,1745.79450000,22610.98940427,7912.94957600
3,59,0.585000,0.544000,93.58956065,13.13907115,0.00000000,258.38481218,0.00000000,0.00000000,94.69756566,106.72863180,101.68074366,1745.79450000,22960.14830411,7912.94957600
3,60,0.578000,0.504000,92.46968557,14.25894623,0.00000000,237.29994567,0.00000000,0.00000000,94.69756566,106.72863180,101.68074366,1745.79450000,23309.30720394,7912.94957600
3,61,0.550000,0.470000,87.99018523,18.73844657,0.00000000,215.85020263,0.00000000,0.00000000,94.69756566,106.72863180,101.68074366,1745.79450000,23658.46610378,7912.94957600
3,62,0.475000,0.449000,75.99152361,30.73710819,0.00000000,193.36992051,0.00000000,0.00000000,94.69756566,106.72863180,101.68074366,1745.79450000,24007.62500361,7912.94957600
3,63,0.325000,0.444000,51.99420036,54.73443144,0.00000000,166.87697333,0.00000000,0.00000000,94.69756566,106.72863180,101.68074366,1745.79450000,24356.78390345,7912.94957600
3,64,0.189000,0.462000,30.23662729,76.49200451,0.00000000,154.10364640,0.00000000,0.00000000,94.69756566,106.72863180,101.68074366,1745.79450000,24705.94280329,7912.94957600
3,65,0.059000,0.471000,9.43894714,97.28968466,0.00000000,137.79808932,0.00000000,0.00000000,94.69756566,106.72863180,101.68074366,1745.79450000,25055.10170312,7912.94957600
3,66,0.000000,0.472000,0.00000000,106.72863180,0.00000000,128.85826697,0.00000000,0.00000000,94.69756566,106.72863180,101.68074366,1745.79450000,25404.26060296,7912.94957600
3,67,0.000000,0.519000,0.00000000,106.72863180,0.00000000,152.31713189,0.00000000,0.00000000,94.69756566,106.72863180,101.68074366,1745.79450000,25753.41950279,7912.94957600
3,68,0.000000,0.517000,0.00000000,89.29817159,0.00000000,168.74934252,0.00000000,0.00000000,78.66539600,89.29817159,84.63531998,1492.48099468,25849.26489731,7912.94957600
3,69,0.000000,0.510000,0.00000000,106.72863180,0.00000000,147.82500882,0.00000000,0.00000000,94.69756566,106.72863180,101.68074366,1745.79450000,26198.42379714,7912.94957600
3,70,0.000000,0.557000,0.00000000,72.94337341,0.00000000,205.06913213,0.00000000,0.00000000,63.67817400,72.94337341,68.65710075,1244.73168631,26046.51988329,7912.94957600
3,71,0.000000,0.564000,0.00000000,106.72863180,0.00000000,174.77774723,0.00000000,0.00000000,94.69756566,106.72863180,101.68074366,1745.79450000,26395.67878312,7912.94957600
3,72,0.000000,0.556000,0.00000000,106.72863180,0.00000000,170.78474895,0.00000000,0.00000000,94.69756566,106.72863180,101.68074366,1745.79450000,26744.83768296,7912.94957600
3,73,0.000000,0.547000,0.00000000,106.72863180,0.00000000,166.29262588,0.00000000,0.00000000,94.69756566,106.72863180,101.68074366,1745.79450000,27093.99658280,7912.94957600
3,74,0.000000,0.528000,0.00000000,89.89674172,0.00000000,173.64114504,0.00000000,0.00000000,78.66539600,89.89674172,84.63531998,1492.48099468,26840.68307727,9891.18697000
3,75,0.000000,0.479000,0.00000000,106.72863180,0.00000000,132.35214046,0.00000000,0.00000000,94.69756566,106.72863180,101.68074366,1745.79450000,27189.84197710,7912.94957600
3,76,0.000000,0.447000,0.00000000,107.31803618,0.00000000,115.79074295,0.00000000,0.00000000,94.69756566,107.31803618,101.68074366,1745.79450000,27195.18855730,9860.89472977
3,77,0.000000,0.425000,0.00000000,89.29817159,0.00000000,122.82986226,0.00000000,0.00000000,78.66539600,89.29817159,84.63531998,1492.48099468,27291.03395181,7912.94957600
3,78,0.000000,0.354000,0.00000000,89.89674172,0.00000000,86.79343236,0.00000000,0.00000000,78.66539600,89.89674172,84.63531998,1492.48099468,27037.72044628,9891.18697000
3,79,0.102000,0.358000,16.31817981,91.00902212,0.00000000,87.67765110,0.00000000,0.00000000,94.69756566,107.32720193,101.68074366,1745.79450000,27037.72044608,9891.18697000
3,80,0.277000,0.489000,44.31505693,63.01214500,0.00000000,181.05987512,0.00000000,0.00000000,94.69756566,107.32720193,101.68074366,1745.79450000,27037.72044587,9891.18697000
3,81,0.445000,0.529000,71.19205896,35.53657284,0.00000000,228.50043870,0.00000000,0.00000000,94.69756566,106.72863180,101.68074366,1745.79450000,27386.87934571,7912.94957600
3,82,0.565000,0.502000,90.38991756,16.93728437,0.00000000,233.62335796,0.00000000,0.00000000,94.69756566,107.32720193,101.68074366,1745.79450000,27386.87934550,9891.18697000
3,83,0.623000,0.461000,99.66888254,7.65831938,0.00000000,222.43820674,0.00000000,0.00000000,94.69756566,107.32720193,101.68074366,1745.79450000,27386.87934530,9891.18697000
3,84,0.644000,0.431000,103.02850780,4.29869413,0.00000000,210.82408843,0.00000000,0.00000000,94.69756566,107.32720193,101.68074366,1745.79450000,27386.87934509,9891.18697000
3,85,0.612000,0.422000,97.90907884,8.81955296,0.00000000,201.81110653,0.00000000,0.00000000,94.69756566,106.72863180,101.68074366,1745.79450000,27736.03824493,7912.94957600
3,86,0.523000,0.432000,83.67066705,5.62750454,0.00000000,209.99440280,0.00000000,0.00000000,78.66539600,89.29817159,84.63531998,1492.48099468,27831.88363944,7912.94957600
3,87,0.338000,0.465000,54.07396838,53.25323355,0.00000000,178.83979172,0.00000000,0.00000000,94.69756566,107.32720193,101.68074366,1745.79450000,27831.88363923,9891.18697000
3,88,0.186000,0.525000,0.00000000,89.89674172,29.75668082,172.14377068,0.00000000,0.00000000,78.66539600,89.89674172,84.63531998,1492.48099468,27578.57013371,9891.18697000
3,89,0.058000,0.547000,9.27896499,98.04823694,0.00000000,174.97302074,0.00000000,0.00000000,94.69756566,107.32720193,101.68074366,1745.79450000,27578.57013350,9891.18697000
3,90,0.000000,0.535000,0.00000000,72.94337341,0.00000000,194.08838685,0.00000000,0.00000000,63.67817400,72.94337341,68.65710075,1244.73168631,27426.66621965,7912.94957600
3,91,0.000000,0.550000,0.00000000,106.72863180,0.00000000,167.79000024,0.00000000,0.00000000,94.69756566,106.72863180,101.68074366,1745.79450000,27775.82511948,7912.94957600
3,92,0.000000,0.611000,0.00000000,107.32720193,0.00000000,197.63804203,0.00000000,0.00000000,94.69756566,107.32720193,101.68074366,1745.79450000,27775.82511928,9891.18697000
3,93,0.000000,0.560000,0.00000000,107.23109968,0.00000000,172.27878022,0.00000000,0.00000000,94.69756566,107.23109968,101.68074366,1745.79450000,27831.88363944,9573.57495659
3,94,0.000000,0.523000,0.00000000,107.32720193,0.00000000,153.71506090,0.00000000,0.00000000,94.69756566,107.32720193,101.68074366,1745.79450000,27831.88363944,9891.18696884
3,95,0.000000,0.470000,0.00000000,89.46248128,0.00000000,145.12616792,0.00000000,0.00000000,78.66539600,89.46248128,84.63531998,1492.48099468,27831.88363964,8455.98297150
3,96,0.000000,0.410000,0.00000000,107.32720193,0.00000000,97.31396014,0.00000000,0.00000000,94.69756566,107.32720193,101.68074366,1745.79450000,27831.88363944,9891.18697000
3,97,0.000000,0.368000,0.00000000,107.32720193,0.00000000,76.35071915,0.00000000,0.00000000,94.69756566,107.32720193,101.68074366,1745.79450000,27831.88363923,9891.18697000
3,98,0.000000,0.367000,0.00000000,89.89674172,0.00000000,93.28205457,0.00000000,0.00000000,78.66539600,89.89674172,84.63531998,1492.48099468,27578.57013371,9891.18697000
3,99,0.000000,0.376000,0.00000000,107.32720193,0.00000000,80.34371743,0.00000000,0.00000000,94.69756566,107.32720193,101.68074366,1745.79450000,27578.57013350,9891.18697000
3,100,0.000000,0.383000,0.00000000,89.29817159,0.00000000,101.86662126,0.00000000,0.00000000,78.66539600,89.29817159,84.63531998,1492.48099468,27674.41552801,7912.94957600
3,101,0.000000,0.376000,0.00000000,107.32720193,0.00000000,80.34371743,0.00000000,0.00000000,94.69756566,107.32720193,101.68074366,1745.79450000,27674.41552781,9891.18697000
3,102,0.000000,0.323000,0.00000000,107.32720193,0.00000000,53.89010380,0.00000000,0.00000000,94.69756566,107.32720193,101.68074366,1745.79450000,27674.41552760,9891.18697000
3,103,0.128000,0.289000,20.47771584,53.06422770,0.00000000,91.18283532,0.00000000,0.00000000,63.67817400,73.54194353,68.65710075,1244.73168631,27173.35271371,9891.18697000
3,104,0.326000,0.532000,52.15418252,55.17301941,0.00000000,210.36136649,0.00000000,0.00000000,94.69756566,107.32720193,101.68074366,1745.79450000,27173.35271350,9891.18697000
3,105,0.489000,0.560000,78.23127378,11.06689781,0.00000000,268.44298208,0.00000000,0.00000000,78.66539600,89.29817159,84.63531998,1492.48099468,27269.19810801,7912.94957600
3,106,0.604000,0.459000,96.62922160,10.69798033,0.00000000,218.40029623,0.00000000,0.00000000,94.69756566,107.32720193,101.68074366,1745.79450000,27269.19810781,9891.18697000
3,107,0.668000,0.364000,106.86807952,0.45912241,0.00000000,181.22229952,0.00000000,0.00000000,94.69756566,107.32720193,101.68074366,1745.79450000,27269.19810760,9891.18697000
3,108,0.684000,0.302000,107.32720193,0.00000000,2.10059207,150.73568523,0.00000000,0.00000000,94.69756566,107.32720193,101.68074366,1745.79450000,27269.19810740,9891.18697000
3,109,0.652000,0.279000,104.30836504,3.01883689,0.00000000,136.23697827,0.00000000,0.00000000,94.69756566,107.32720193,101.68074366,1745.79450000,27269.19810719,9891.18697000
3,110,0.573000,0.283000,91.66977480,15.05885701,0.00000000,126.19345730,0.00000000,0.00000000,94.69756566,106.72863180,101.68074366,1745.79450000,27618.35700703,7912.94957600
3,111,0.437000,0.309000,69.91220172,3.62974181,0.00000000,150.59981691,0.00000000,0.00000000,63.67817400,73.54194353,68.65710075,1244.73168631,27117.29419314,9891.18697000
3,112,0.247000,0.349000,39.51559228,67.21303952,0.00000000,106.98151062,0.00000000,0.00000000,94.69756566,106.72863180,101.68074366,1745.79450000,27466.45309297,7912.94957600
3,113,0.073000,0.373000,11.67869731,95.64850461,0.00000000,90.52504039,0.00000000,0.00000000,94.69756566,107.32720193,101.68074366,1745.79450000,27466.45309277,9891.18697000
3,114,0.000000,0.407000,0.00000000,107.29930711,0.00000000,95.84448059,0.00000000,0.00000000,94.69756566,107.29930711,101.68074366,1745.79450000,27482.72473981,9798.99633405
3,115,0.000000,0.404000,0.00000000,107.32720193,0.00000000,94.31921143,0.00000000,0.00000000,94.69756566,107.32720193,101.68074366,1745.79450000,27482.72473960,9891.18697000
3,116,0.000000,0.363000,0.00000000,106.72863180,0.00000000,74.45366534,0.00000000,0.00000000,94.69756566,106.72863180,101.68074366,1745.79450000,27831.88363944,7912.94957600
3,117,0.000000,0.336000,0.00000000,73.54194353,0.00000000,94.16398440,0.00000000,0.00000000,63.67817400,73.54194353,68.65710075,1244.73168631,27330.82082555,9891.18697000
3,118,0.000000,0.344000,0.00000000,107.32720193,0.00000000,64.37172429,0.00000000,0.00000000,94.69756566,107.32720193,101.68074366,1745.79450000,27330.82082534,9891.18697000
3,119,0.000000,0.358000,0.00000000,73.18542935,0.00000000,105.50124387,0.00000000,0.00000000,63.67817400,73.18542935,68.65710075,1244.73168631,27037.72044669,8712.92954652
3,120,0.000000,0.368000,0.00000000,106.72863180,0.00000000,76.94928927,0.00000000,0.00000000,94.69756566,106.72863180,101.68074366,1745.79450000,27386.87934653,7912.94957600
3,121,0.000000,0.373000,0.00000000,89.89674172,0.00000000,96.27680328,0.00000000,0.00000000,78.66539600,89.89674172,84.63531998,1492.48099468,27133.56584100,9891.18697000
3,122,0.000000,0.371000,0.00000000,107.32720193,0.00000000,77.84809350,0.00000000,0.00000000,94.69756566,107.32720193,101.68074366,1745.79450000,27133.56584079,9891.18697000
3,123,0.000000,0.366000,0.00000000,107.32720193,0.00000000,75.35246958,0.00000000,0.00000000,94.69756566,107.32720193,101.68074366,1745.79450000,27133.56584059,9891.18697000
3,124,0.000000,0.348000,0.00000000,107.32720193,0.00000000,66.36822344,0.00000000,0.00000000,94.69756566,107.32720193,101.68074366,1745.79450000,27133.56584038,9891.18697000
3,125,0.000000,0.319000,0.00000000,107.32720193,0.00000000,51.89360466,0.00000000,0.00000000,94.69756566,107.32720193,101.68074366,1745.79450000,27133.56584018,9891.18697000
3,126,0.000000,0.275000,0.00000000,106.72863180,0.00000000,30.53068422,0.00000000,0.00000000,94.69756566,106.72863180,101.68074366,1745.79450000,27482.72474001,7912.94957600
3,127,0.102000,0.272000,16.31817981,91.00902212,0.00000000,44.75291954,0.00000000,0.00000000,94.69756566,107.32720193,101.68074366,1745.79450000,27482.72473981,9891.18697000
3,128,0.287000,0.525000,45.91487848,60.81375333,0.00000000,201.22675907,0.00000000,0.00000000,94.69756566,106.72863180,101.68074366,1745.79450000,27831.88363964,7912.94957600
3,129,0.453000,0.561000,72.47191620,34.85528573,0.00000000,245.15371895,0.00000000,0.00000000,94.69756566,107.32720193,101.68074366,1745.79450000,27831.88363944,9891.18697000
3,130,0.568000,0.475000,90.86986402,16.45733790,0.00000000,220.62693522,0.00000000,0.00000000,94.69756566,107.32720193,101.68074366,1745.79450000,27831.88363944,9891.18696884
3,131,0.621000,0.386000,0.00000000,44.07720969,99.34891823,148.58495753,0.00000000,0.00000000,36.84682300,44.07720969,39.91750131,767.66957627,26853.75871550,9891.18697000
3,132,0.634000,0.315000,101.42868625,5.29994555,0.00000000,151.92436189,0.00000000,0.00000000,94.69756566,106.72863180,101.68074366,1745.79450000,27202.91761534,7912.94957600
3,133,0.588000,0.283000,94.06950712,13.25769481,0.00000000,127.99461950,0.00000000,0.00000000,94.69756566,107.32720193,101.68074366,1745.79450000,27202.91761513,9891.18697000
3,134,0.509000,0.291000,73.54194353,0.00000000,7.88897334,145.24531259,0.00000000,0.00000000,63.67817400,73.54194353,68.65710075,1244.73168631,26701.85480124,9891.18697000
3,135,0.387000,0.327000,61.91309397,44.81553783,0.00000000,118.39826704,0.00000000,0.00000000,94.69756566,106.72863180,101.68074366,1745.79450000,27051.01370108,7912.94957600
3,136,0.213000,0.386000,34.07619901,73.25100292,0.00000000,119.41116429,0.00000000,0.00000000,94.69756566,107.32720193,101.68074366,1745.79450000,27051.01370087,9891.18697000
3,137,0.063000,0.442000,10.07887576,96.84639343,0.00000000,123.76676177,0.00000000,0.00000000,94.69756566,106.92526920,101.68074366,1745.79450000,27285.46975424,8562.82406027
3,138,0.000000,0.428000,0.00000000,72.94337341,0.00000000,140.68203479,0.00000000,0.00000000,63.67817400,72.94337341,68.65710075,1244.73168631,27133.56584038,7912.94957600
3,139,0.000000,0.369000,0.00000000,106.72863180,0.00000000,77.44841406,0.00000000,0.00000000,94.69756566,106.72863180,101.68074366,1745.79450000,27482.72474022,7912.94957600
3,140,0.000000,0.341000,0.00000000,107.32720193,0.00000000,62.87434994,0.00000000,0.00000000,94.69756566,107.32720193,101.68074366,1745.79450000,27482.72474001,9891.18697000
3,141,0.000000,0.394000,0.00000000,107.32720193,0.00000000,89.32796357,0.00000000,0.00000000,94.69756566,107.32720193,101.68074366,1745.79450000,27482.72473981,9891.18697000
3,142,0.000000,0.370000,0.00000000,106.72863180,0.00000000,77.94753884,0.00000000,0.00000000,94.69756566,106.72863180,101.68074366,1745.79450000,27831.88363964,7912.94957600
3,143,0.000000,0.346000,0.00000000,107.32720193,0.00000000,65.36997386,0.00000000,0.00000000,94.69756566,107.32720193,101.68074366,1745.79450000,27831.88363944,9891.18697000
3,144,0.000000,0.295000,0.00000000,72.94337341,0.00000000,74.29843832,0.00000000,0.00000000,63.67817400,72.94337341,68.65710075,1244.73168631,27679.97972559,7912.94957600
3,145,0.000000,0.225000,0.00000000,107.32720193,0.00000000,4.97587482,0.00000000,0.00000000,94.69756566,107.32720193,101.68074366,1745.79450000,27679.97972538,9891.18697000
3,146,0.000000,0.200000,0.00000000,99.82495710,0.00000000,0.00000000,0.00000000,0.00000000,87.79715901,99.82495710,94.34422239,1636.76584626,27570.95107144,9891.18697000
3,147,0.000000,0.192000,0.00000000,95.83195882,0.00000000,0.00000000,0.00000000,0.00000000,84.12448335,95.83195882,90.43942889,1578.73638473,27403.89295596,9891.18697000
3,148,0.000000,0.189000,0.00000000,94.33458446,0.00000000,0.00000000,0.00000000,0.00000000,83.29778216,94.33458446,89.56047912,1565.67423897,27572.93159477,7912.94957600
3,149,0.000000,0.180000,0.00000000,89.29817159,0.00000000,0.54428980,0.00000000,0.00000000,78.66539600,89.29817159,84.63531998,1492.48099468,27668.77698928,7912.94957600
3,150,0.000000,0.178000,0.00000000,88.84421182,0.00000000,0.00000000,0.00000000,0.00000000,77.70087782,88.84421182,83.60702520,1476.53684361,27399.51933268,9891.18697000
3,151,0.078000,0.233000,12.47860809,94.27169270,0.00000000,22.02438233,0.00000000,0.00000000,94.69756566,106.75030079,101.68074366,1745.79450000,27736.03824493,7984.56423656
3,152,0.217000,0.407000,34.71612763,54.58204396,0.00000000,148.56174374,0.00000000,0.00000000,78.66539600,89.29817159,84.63531998,1492.48099468,27831.88363944,7912.94957600
3,153,0.343000,0.422000,54.87387915,52.45332277,0.00000000,158.17733672,0.00000000,0.00000000,94.69756566,107.32720193,101.68074366,1745.79450000,27831.88363923,9891.18697000
3,154,0.438000,0.361000,70.07218387,37.25501805,0.00000000,142.92902952,0.00000000,0.00000000,94.69756566,107.32720193,101.68074366,1745.79450000,27831.88363903,9891.18697000
3,155,0.499000,0.280000,73.28153160,0.00000000,6.54956373,139.75493995,0.00000000,0.00000000,63.67817400,73.28153160,68.65710075,1244.73168631,27482.72474001,9030.54155993
3,156,0.512000,0.205000,81.91086334,25.41633858,0.00000000,76.90424245,0.00000000,0.00000000,94.69756566,107.32720193,101.68074366,1745.79450000,27482.72473981,9891.18697000
3,157,0.458000,0.161000,73.27182697,34.05537495,0.00000000,46.30371552,0.00000000,0.00000000,94.69756566,107.32720193,101.68074366,1745.79450000,27482.72473960,9891.18697000
3,158,0.338000,0.147000,54.07396838,52.65466342,0.00000000,20.71668005,0.00000000,0.00000000,94.69756566,106.72863180,101.68074366,1745.79450000,27831.88363944,7912.94957600
3,159,0.223000,0.163000,35.67602056,8.40118913,0.00000000,72.95615091,0.00000000,0.00000000,36.84682300,44.07720969,39.91750131,767.66957627,26853.75871550,9891.18697000
3,160,0.107000,0.218000,17.11809058,90.20911134,0.00000000,18.60009190,0.00000000,0.00000000,94.69756566,107.32720193,101.68074366,1745.79450000,26853.75871530,9891.18697000
3,161,0.028000,0.277000,4.47950034,102.84770159,0.00000000,35.40986400,0.00000000,0.00000000,94.69756566,107.32720193,101.68074366,1745.79450000,26853.75871509,9891.18697000
3,162,0.000000,0.346000,0.00000000,89.89674172,0.00000000,82.80043407,0.00000000,0.00000000,78.66539600,89.89674172,84.63531998,1492.48099468,26600.44520956,9891.18697000
3,163,0.000000,0.401000,0.00000000,107.32720193,0.00000000,92.82183707,0.00000000,0.00000000,94.69756566,107.32720193,101.68074366,1745.79450000,26600.44520936,9891.18697000
3,164,0.000000,0.423000,0.00000000,107.32720193,0.00000000,103.80258235,0.00000000,0.00000000,94.69756566,107.32720193,101.68074366,1745.79450000,26600.44520915,9891.18697000
3,165,0.000000,0.416000,0.00000000,106.72863180,0.00000000,100.90727898,0.00000000,0.00000000,94.69756566,106.72863180,101.68074366,1745.79450000,26949.60410899,7912.94957600
3,166,0.000000,0.378000,0.00000000,72.94337341,0.00000000,115.72579552,0.00000000,0.00000000,63.67817400,72.94337341,68.65710075,1244.73168631,26797.70019514,7912.94957600
3,167,0.000000,0.321000,0.00000000,106.72863180,0.00000000,53.49042435,0.00000000,0.00000000,94.69756566,106.72863180,101.68074366,1745.79450000,27146.85909497,7912.94957600
3,168,0.000000,0.262000,0.00000000,107.32720193,0.00000000,23.44349188,0.00000000,0.00000000,94.69756566,107.32720193,101.68074366,1745.79450000,27146.85909477,9891.18697000
3,169,0.000000,0.214000,0.00000000,106.81270410,0.00000000,0.00000000,0.00000000,0.00000000,94.22434141,106.81270410,101.17761102,1738.31740395,27139.38199851,9891.18697000
3,170,0.000000,0.199000,0.00000000,99.32583232,0.00000000,0.00000000,0.00000000,0.00000000,87.33807455,99.32583232,93.85612320,1629.51216357,27023.09966188,9891.18697000
3,171,0.000000,0.201000,0.00000000,100.32408189,0.00000000,0.00000000,0.00000000,0.00000000,88.80679565,100.32408189,95.41766937,1652.71843128,27279.18249299,7912.94957600
3,172,0.000000,0.208000,0.00000000,72.94337341,0.00000000,30.87458198,0.00000000,0.00000000,63.67817400,72.94337341,68.65710075,1244.73168631,27127.27857914,7912.94957600
3,173,0.000000,0.220000,0.00000000,107.32720193,0.00000000,2.48025089,0.00000000,0.00000000,94.69756566,107.32720193,101.68074366,1745.79450000,27127.27857893,9891.18697000
3,174,0.000000,0.227000,0.00000000,107.32720193,0.00000000,5.97412439,0.00000000,0.00000000,94.69756566,107.32720193,101.68074366,1745.79450000,27127.27857873,9891.18697000
3,175,0.079000,0.195000,12.63859024,94.09004156,0.00000000,3.23929162,0.00000000,0.00000000,94.69756566,106.72863180,101.68074366,1745.79450000,27476.43747857,7912.94957600
3,176,0.208000,0.322000,33.27628823,74.04013531,0.00000000,86.67804562,0.00000000,0.00000000,94.69756566,107.31642355,101.68074366,1745.79450000,27482.72473960,9855.56509327
3,177,0.301000,0.403000,48.15462864,58.57400316,0.00000000,142.57328541,0.00000000,0.00000000,94.69756566,106.72863180,101.68074366,1745.79450000,27831.88363944,7912.94957600
3,178,0.388000,0.384000,62.07307613,45.25412580,0.00000000,146.40979184,0.00000000,0.00000000,94.69756566,107.32720193,101.68074366,1745.79450000,27831.88363923,9891.18697000
3,179,0.439000,0.337000,70.23216603,37.09503590,0.00000000,131.11001683,0.00000000,0.00000000,94.69756566,107.32720193,101.68074366,1745.79450000,27831.88363903,9891.18697000
3,180,0.456000,0.298000,72.95186266,0.59008087,0.00000000,148.14910522,0.00000000,0.00000000,63.67817400,73.54194353,68.65710075,1244.73168631,27330.82082514,9891.18697000
3,181,0.413000,0.298000,66.07263000,40.99415999,0.00000000,107.74502610,0.00000000,0.00000000,94.69756566,107.06678999,101.68074366,1745.79450000,27482.72474063,9030.54155528
3,182,0.354000,0.320000,56.63368286,50.69351907,0.00000000,109.02641230,0.00000000,0.00000000,94.69756566,107.32720193,101.68074366,1745.79450000,27482.72474042,9891.18697000
3,183,0.271000,0.341000,43.35516400,63.97203793,0.00000000,106.22951393,0.00000000,0.00000000,94.69756566,107.32720193,101.68074366,1745.79450000,27482.72474022,9891.18697000
3,184,0.172000,0.358000,27.51693065,79.81027127,0.00000000,98.87640195,0.00000000,0.00000000,94.69756566,107.32720193,101.68074366,1745.79450000,27482.72474001,9891.18697000
3,185,0.058000,0.335000,9.27896499,98.04823694,0.00000000,69.15856621,0.00000000,0.00000000,94.69756566,107.32720193,101.68074366,1745.79450000,27482.72473981,9891.18697000
3,186,0.000000,0.287000,0.00000000,107.32720193,0.00000000,35.92161152,0.00000000,0.00000000,94.69756566,107.32720193,101.68074366,1745.79450000,27482.72473960,9891.18697000
3,187,0.000000,0.249000,0.00000000,106.72863180,0.00000000,17.55343979,0.00000000,0.00000000,94.69756566,106.72863180,101.68074366,1745.79450000,27831.88363944,7912.94957600
3,188,0.000000,0.213000,0.00000000,106.31357932,0.00000000,0.00000000,0.00000000,0.00000000,93.76525695,106.31357932,100.68951183,1731.06372126,27817.15286049,9891.18697000
3,189,0.000000,0.191000,0.00000000,95.33283403,0.00000000,0.00000000,0.00000000,0.00000000,83.95623454,95.33283403,90.26054653,1576.07799911,27831.88363944,8846.15988761
3,190,0.000000,0.178000,0.00000000,72.94337341,0.00000000,15.90083841,0.00000000,0.00000000,63.67817400,72.94337341,68.65710075,1244.73168631,27679.97972559,7912.94957600
3,191,0.000000,0.164000,0.00000000,2.39428050,0.00000000,79.46218433,0.00000000,0.00000000,0.00000000,2.39428050,0.00000000,0.00000000,26283.34412542,7912.94957600
3,192,0.000000,0.152000,0.00000000,72.94337341,0.00000000,2.92359399,0.00000000,0.00000000,63.67817400,72.94337341,68.65710075,1244.73168631,26131.44021157,7912.94957600
3,193,0.000000,0.144000,0.00000000,57.67001469,0.00000000,14.20395443,0.00000000,0.00000000,49.73928100,57.67001469,53.75120360,1002.98064984,25737.78526124,7912.94957600
3,194,0.000000,0.149000,0.00000000,57.67001469,0.00000000,16.69957836,0.00000000,0.00000000,49.73928100,57.67001469,53.75120360,1002.98064984,25344.13031091,7912.94957600
3,195,0.000000,0.157000,0.00000000,57.67001469,0.00000000,20.69257664,0.00000000,0.00000000,49.73928100,57.67001469,53.75120360,1002.98064984,24950.47536059,7912.94957600
3,196,0.000000,0.175000,0.00000000,57.67001469,0.00000000,29.67682278,0.00000000,0.00000000,49.73928100,57.67001469,53.75120360,1002.98064984,24556.82041026,7912.94957600
3,197,0.000000,0.176000,0.00000000,2.39428050,0.00000000,85.45168175,0.00000000,0.00000000,0.00000000,2.39428050,0.00000000,0.00000000,23160.18481009,7912.94957600
3,198,0.000000,0.174000,0.00000000,86.84771268,0.00000000,0.00000000,0.00000000,0.00000000,76.41984252,86.84771268,82.24128430,1455.36044608,23218.90965601,7912.94957600
3,199,0.072000,0.128000,11.51871516,61.42465825,0.00000000,2.46331430,0.00000000,0.00000000,63.67817400,72.94337341,68.65710075,1244.73168631,23067.00574215,7912.94957600
3,200,0.194000,0.206000,31.03653806,75.69209374,0.00000000,27.12761208,0.00000000,0.00000000,94.69756566,106.72863180,101.68074366,1745.79450000,23416.16464199,7912.94957600
3,201,0.298000,0.297000,47.67468218,59.05394962,0.00000000,89.18611168,0.00000000,0.00000000,94.69756566,106.72863180,101.68074366,1745.79450000,23765.32354182,7912.94957600
3,202,0.360000,0.316000,57.59357579,49.13505601,0.00000000,108.58837621,0.00000000,0.00000000,94.69756566,106.72863180,101.68074366,1745.79450000,24114.48244166,7912.94957600
3,203,0.414000,0.313000,66.23261216,23.06555944,0.00000000,133.16049843,0.00000000,0.00000000,78.66539600,89.29817159,84.63531998,1492.48099468,24210.32783617,7912.94957600
3,204,0.424000,0.300000,67.83243371,38.89619810,0.00000000,110.84123756,0.00000000,0.00000000,94.69756566,106.72863180,101.68074366,1745.79450000,24559.48673601,7912.94957600
3,205,0.381000,0.284000,60.95320104,45.77543076,0.00000000,95.97600833,0.00000000,0.00000000,94.69756566,106.72863180,101.68074366,1745.79450000,24908.64563584,7912.94957600
3,206,0.313000,0.267000,50.07441450,56.65421730,0.00000000,76.61210044,0.00000000,0.00000000,94.69756566,106.72863180,101.68074366,1745.79450000,25257.80453568,7912.94957600
3,207,0.233000,0.236000,37.27584211,35.66753130,0.00000000,82.12591808,0.00000000,0.00000000,63.67817400,72.94337341,68.65710075,1244.73168631,25105.90062183,7912.94957600
3,208,0.144000,0.208000,23.03743032,49.90594309,0.00000000,53.91201229,0.00000000,0.00000000,63.67817400,72.94337341,68.65710075,1244.73168631,24953.99670798,7912.94957600
3,209,0.048000,0.179000,7.67914344,35.79949612,0.00000000,53.54384049,0.00000000,0.00000000,36.84682300,43.47863956,39.91750131,767.66957627,24325.03068408,7912.94957600
3,210,0.000000,0.159000,0.00000000,79.36084090,0.00000000,0.00000000,0.00000000,0.00000000,69.55901701,79.36084090,74.92680207,1341.94626609,24270.34135001,7912.94957600
3,211,0.000000,0.171000,0.00000000,2.39428050,0.00000000,82.95605782,0.00000000,0.00000000,0.00000000,2.39428050,0.00000000,0.00000000,22873.70574985,7912.94957600
3,212,0.000000,0.182000,0.00000000,89.29817159,0.00000000,1.54253937,0.00000000,0.00000000,78.66539600,89.29817159,84.63531998,1492.48099468,22969.55114436,7912.94957600
3,213,0.000000,0.201000,0.00000000,100.32408189,0.00000000,0.00000000,0.00000000,0.00000000,88.80679565,100.32408189,95.41766937,1652.71843128,23225.63397547,7912.94957600
3,214,0.000000,0.220000,0.00000000,106.72863180,0.00000000,3.07882101,0.00000000,0.00000000,94.69756566,106.72863180,101.68074366,1745.79450000,23574.79287531,7912.94957600
3,215,0.000000,0.233000,0.00000000,106.72863180,0.00000000,9.56744323,0.00000000,0.00000000,94.69756566,106.72863180,101.68074366,1745.79450000,23923.95177514,7912.94957600
3,216,0.000000,0.240000,0.00000000,106.72863180,0.00000000,13.06131672,0.00000000,0.00000000,94.69756566,106.72863180,101.68074366,1745.79450000,24273.11067498,7912.94957600
3,217,0.000000,0.248000,0.00000000,89.29817159,0.00000000,34.48477522,0.00000000,0.00000000,78.66539600,89.29817159,84.63531998,1492.48099468,24368.95606949,7912.94957600
3,218,0.000000,0.264000,0.00000000,106.72863180,0.00000000,25.04031158,0.00000000,0.00000000,94.69756566,106.72863180,101.68074366,1745.79450000,24718.11496933,7912.94957600
3,219,0.000000,0.275000,0.00000000,106.72863180,0.00000000,30.53068422,0.00000000,0.00000000,94.69756566,106.72863180,101.68074366,1745.79450000,25067.27386916,7912.94957600
3,220,0.000000,0.282000,0.00000000,106.72863180,0.00000000,34.02455772,0.00000000,0.00000000,94.69756566,106.72863180,101.68074366,1745.79450000,25416.43276900,7912.94957600
3,221,0.000000,0.285000,0.00000000,106.72863180,0.00000000,35.52193207,0.00000000,0.00000000,94.69756566,106.72863180,101.68074366,1745.79450000,25765.59166883,7912.94957600
3,222,0.000000,0.285000,0.00000000,106.72863180,0.00000000,35.52193207,0.00000000,0.00000000,94.69756566,106.72863180,101.68074366,1745.79450000,26114.75056867,7912.94957600
3,223,0.100000,0.323000,15.99821550,90.73041630,0.00000000,70.48688942,0.00000000,0.00000000,94.69756566,106.72863180,101.68074366,1745.79450000,26463.90946851,7912.94957600
3,224,0.276000,0.525000,0.00000000,73.54194353,44.15507477,188.49856887,0.00000000,0.00000000,63.67817400,73.54194353,68.65710075,1244.73168631,25962.84665461,9891.18697000
3,225,0.437000,0.507000,69.91220172,19.38596987,0.00000000,233.67029639,0.00000000,0.00000000,78.66539600,89.29817159,84.63531998,1492.48099468,26058.69204912,7912.94957600
3,226,0.557000,0.429000,89.11006032,17.61857148,0.00000000,196.50596150,0.00000000,0.00000000,94.69756566,106.72863180,101.68074366,1745.79450000,26407.85094896,7912.94957600
3,227,0.629000,0.365000,100.62877547,6.39104713,0.00000000,175.78949958,0.00000000,0.00000000,94.69756566,107.01982260,101.68074366,1745.79450000,26587.15195497,8875.31724639
3,228,0.654000,0.334000,104.62832935,2.10030245,0.00000000,164.60737591,0.00000000,0.00000000,94.69756566,106.72863180,101.68074366,1745.79450000,26936.31085481,7912.94957600
3,229,0.631000,0.330000,100.94873978,6.37846214,0.00000000,158.33271708,0.00000000,0.00000000,94.69756566,107.32720193,101.68074366,1745.79450000,26936.31085460,9891.18697000
3,230,0.562000,0.346000,89.90997109,17.41723084,0.00000000,155.27994496,0.00000000,0.00000000,94.69756566,107.32720193,101.68074366,1745.79450000,26936.31085440,9891.18697000
3,231,0.447000,0.387000,71.51202327,35.21660853,0.00000000,157.94468347,0.00000000,0.00000000,94.69756566,106.72863180,101.68074366,1745.79450000,27285.46975424,7912.94957600
3,232,0.288000,0.447000,46.07486063,60.65377117,0.00000000,162.45500796,0.00000000,0.00000000,94.69756566,106.72863180,101.68074366,1745.79450000,27634.62865407,7912.94957600
3,233,0.103000,0.509000,16.47816196,90.84903996,0.00000000,163.20547587,0.00000000,0.00000000,94.69756566,107.32720193,101.68074366,1745.79450000,27634.62865387,9891.18697000
3,234,0.000000,0.532000,0.00000000,73.54194353,0.00000000,191.99244236,0.00000000,0.00000000,63.67817400,73.54194353,68.65710075,1244.73168631,27133.56583997,9891.18697000
3,235,0.000000,0.506000,0.00000000,107.32720193,0.00000000,145.22993955,0.00000000,0.00000000,94.69756566,107.32720193,101.68074366,1745.79450000,27133.56583977,9891.18697000
3,236,0.000000,0.473000,0.00000000,106.72863180,0.00000000,129.35739175,0.00000000,0.00000000,94.69756566,106.72863180,101.68074366,1745.79450000,27482.72473960,7912.94957600
3,237,0.000000,0.435000,0.00000000,106.72863180,0.00000000,110.39064990,0.00000000,0.00000000,94.69756566,106.72863180,101.68074366,1745.79450000,27831.88363944,7912.94957600
3,238,0.000000,0.403000,0.00000000,107.32720193,0.00000000,93.82008664,0.00000000,0.00000000,94.69756566,107.32720193,101.68074366,1745.79450000,27831.88363923,9891.18697000
3,239,0.000000,0.397000,0.00000000,89.89674172,0.00000000,108.25579814,0.00000000,0.00000000,78.66539600,89.89674172,84.63531998,1492.48099468,27578.57013371,9891.18697000
3,240,0.000000,0.388000,0.00000000,106.89294149,0.00000000,86.76747529,0.00000000,0.00000000,94.69756566,106.89294149,101.68074366,1745.79450000,27831.88363944,8455.98297034
3,241,0.000000,0.385000,0.00000000,72.94337341,0.00000000,119.21966902,0.00000000,0.00000000,63.67817400,72.94337341,68.65710075,1244.73168631,27679.97972559,7912.94957600
3,242,0.000000,0.388000,0.00000000,107.06678999,0.00000000,86.59362679,0.00000000,0.00000000,94.69756566,107.06678999,101.68074366,1745.79450000,27831.88363944,9030.54156457
3,243,0.000000,0.398000,0.00000000,73.54194353,0.00000000,125.10972110,0.00000000,0.00000000,63.67817400,73.54194353,68.65710075,1244.73168631,27330.82082555,9891.18697000
3,244,0.000000,0.410000,0.00000000,107.32720193,0.00000000,97.31396014,0.00000000,0.00000000,94.69756566,107.32720193,101.68074366,1745.79450000,27330.82082534,9891.18697000
3,245,0.000000,0.400000,0.00000000,106.72863180,0.00000000,92.92128241,0.00000000,0.00000000,94.69756566,106.72863180,101.68074366,1745.79450000,27679.97972518,7912.94957600
3,246,0.000000,0.331000,0.00000000,107.06678999,0.00000000,58.14351402,0.00000000,0.00000000,94.69756566,107.06678999,101.68074366,1745.79450000,27831.88363944,9030.54156225
3,247,0.120000,0.313000,19.19785860,88.12934333,0.00000000,68.09671454,0.00000000,0.00000000,94.69756566,107.32720193,101.68074366,1745.79450000,27831.88363923,9891.18697000
3,248,0.311000,0.516000,0.00000000,72.94337341,49.75445019,184.60501592,0.00000000,0.00000000,63.67817400,72.94337341,68.65710075,1244.73168631,27679.97972538,7912.94957600
3,249,0.472000,0.516000,75.51157714,31.81562478,0.00000000,225.73276455,0.00000000,0.00000000,94.69756566,107.32720193,101.68074366,1745.79450000,27679.97972518,9891.18697000
3,250,0.585000,0.443000,2.39428050,0.00000000,91.19528015,221.11227999,0.00000000,0.00000000,0.00000000,2.39428050,0.00000000,0.00000000,26283.34412501,7912.94957600
3,251,0.648000,0.382000,103.66843642,3.65876551,0.00000000,187.00690256,0.00000000,0.00000000,94.69756566,107.32720193,101.68074366,1745.79450000,26283.34412481,9891.18697000
3,252,0.666000,0.334000,106.54811521,0.77908672,0.00000000,165.92859165,0.00000000,0.00000000,94.69756566,107.32720193,101.68074366,1745.79450000,26283.34412460,9891.18697000
3,253,0.640000,0.307000,102.38857918,4.34005262,0.00000000,148.89125653,0.00000000,0.00000000,94.69756566,106.72863180,101.68074366,1745.79450000,26632.50302444,7912.94957600
3,254,0.565000,0.294000,90.38991756,16.93728437,0.00000000,129.80540257,0.00000000,0.00000000,94.69756566,107.32720193,101.68074366,1745.79450000,26632.50302423,9891.18697000
3,255,0.441000,0.301000,70.55213034,2.98981319,0.00000000,147.24674725,0.00000000,0.00000000,63.67817400,73.54194353,68.65710075,1244.73168631,26131.44021034,9891.18697000
3,256,0.268000,0.329000,42.87521753,64.45198439,0.00000000,99.76007004,0.00000000,0.00000000,94.69756566,107.32720193,101.68074366,1745.79450000,26131.44021014,9891.18697000
3,257,0.086000,0.372000,13.75846533,92.97016647,0.00000000,92.70425374,0.00000000,0.00000000,94.69756566,106.72863180,101.68074366,1745.79450000,26480.59910997,7912.94957600
3,258,0.000000,0.410000,0.00000000,107.32720193,0.00000000,97.31396014,0.00000000,0.00000000,94.69756566,107.32720193,101.68074366,1745.79450000,26480.59910977,9891.18697000
3,259,0.000000,0.459000,0.00000000,106.72863180,0.00000000,122.36964475,0.00000000,0.00000000,94.69756566,106.72863180,101.68074366,1745.79450000,26829.75800960,7912.94957600
3,260,0.000000,0.485000,0.00000000,106.72863180,0.00000000,135.34688918,0.00000000,0.00000000,94.69756566,106.72863180,101.68074366,1745.79450000,27178.91690944,7912.94957600
3,261,0.000000,0.469000,0.00000000,89.89674172,0.00000000,144.19278269,0.00000000,0.00000000,78.66539600,89.89674172,84.63531998,1492.48099468,26925.60340391,9891.18697000
3,262,0.000000,0.484000,0.00000000,106.72863180,0.00000000,134.84776439,0.00000000,0.00000000,94.69756566,106.72863180,101.68074366,1745.79450000,27274.76230375,7912.94957600
3,263,0.000000,0.472000,0.00000000,89.89674172,0.00000000,145.69015705,0.00000000,0.00000000,78.66539600,89.89674172,84.63531998,1492.48099468,27021.44879822,9891.18697000
3,264,0.000000,0.450000,0.00000000,73.54194353,0.00000000,151.06420995,0.00000000,0.00000000,63.67817400,73.54194353,68.65710075,1244.73168631,26520.38598432,9891.18697000
3,265,0.000000,0.438000,0.00000000,106.72863180,0.00000000,111.88802426,0.00000000,0.00000000,94.69756566,106.72863180,101.68074366,1745.79450000,26869.54488416,7912.94957600
3,266,0.000000,0.437000,0.00000000,107.21274368,0.00000000,110.90478759,0.00000000,0.00000000,94.69756566,107.21274368,101.68074366,1745.79450000,26936.31085399,9512.90951937
3,267,0.000000,0.452000,0.00000000,73.54194353,0.00000000,152.06245952,0.00000000,0.00000000,63.67817400,73.54194353,68.65710075,1244.73168631,26435.24804010,9891.18697000
3,268,0.000000,0.447000,0.00000000,106.72863180,0.00000000,116.38014733,0.00000000,0.00000000,94.69756566,106.72863180,101.68074366,1745.79450000,26784.40693993,7912.94957600
3,269,0.000000,0.433000,0.00000000,106.72863180,0.00000000,109.39240033,0.00000000,0.00000000,94.69756566,106.72863180,101.68074366,1745.79450000,27133.56583977,7912.94957600
3,270,0.000000,0.401000,0.00000000,106.72863180,0.00000000,93.42040719,0.00000000,0.00000000,94.69756566,106.72863180,101.68074366,1745.79450000,27482.72473960,7912.94957600
3,271,0.125000,0.487000,19.99776937,86.73086243,0.00000000,156.34290812,0.00000000,0.00000000,94.69756566,106.72863180,101.68074366,1745.79450000,27831.88363944,7912.94957600
3,272,0.317000,0.684000,50.71434312,38.74813815,0.00000000,302.65321514,0.00000000,0.00000000,78.66539600,89.46248128,84.63531998,1492.48099468,27831.88363944,8455.98297267
3,273,0.475000,0.676000,75.99152361,31.33567832,0.00000000,306.07267670,0.00000000,0.00000000,94.69756566,107.32720193,101.68074366,1745.79450000,27831.88363923,9891.18697000
3,274,0.582000,0.606000,93.10961419,14.21758774,0.00000000,288.25203229,0.00000000,0.00000000,94.69756566,107.32720193,101.68074366,1745.79450000,27831.88363903,9891.18697000
3,275,0.645000,0.519000,103.18848995,4.13871197,0.00000000,254.90705171,0.00000000,0.00000000,94.69756566,107.32720192,101.68074366,1745.79450000,27831.88363944,9891.18696652
3,276,0.662000,0.444000,73.35927785,0.00000000,32.54890874,221.61140477,0.00000000,0.00000000,63.67817400,73.35927785,68.65710075,1244.73168631,27437.37366952,9287.48813727
3,277,0.636000,0.391000,101.74865056,5.57855137,0.00000000,189.57923977,0.00000000,0.00000000,94.69756566,107.32720193,101.68074366,1745.79450000,27437.37366932,9891.18697000
3,278,0.564000,0.370000,90.22993540,17.09726653,0.00000000,167.57890412,0.00000000,0.00000000,94.69756566,107.32720193,101.68074366,1745.79450000,27437.37366911,9891.18697000
3,279,0.441000,0.389000,70.55213034,36.77507159,0.00000000,157.38446998,0.00000000,0.00000000,94.69756566,107.32720193,101.68074366,1745.79450000,27437.37366891,9891.18697000
3,280,0.278000,0.448000,44.47503908,62.25359272,0.00000000,161.35431119,0.00000000,0.00000000,94.69756566,106.72863180,101.68074366,1745.79450000,27786.53256874,7912.94957600
3,281,0.092000,0.539000,14.71835826,92.60884367,0.00000000,176.41941573,0.00000000,0.00000000,94.69756566,107.32720193,101.68074366,1745.79450000,27786.53256854,9891.18697000
3,282,0.000000,0.635000,0.00000000,73.54194353,0.00000000,243.40229527,0.00000000,0.00000000,63.67817400,73.54194353,68.65710075,1244.73168631,27285.46975465,9891.18697000
3,283,0.000000,0.674000,0.00000000,106.72863180,0.00000000,229.68147364,0.00000000,0.00000000,94.69756566,106.72863180,101.68074366,1745.79450000,27634.62865448,7912.94957600
3,284,0.000000,0.662000,0.00000000,73.54194353,0.00000000,256.87866448,0.00000000,0.00000000,63.67817400,73.54194353,68.65710075,1244.73168631,27133.56584059,9891.18697000
3,285,0.000000,0.648000,0.00000000,107.32720193,0.00000000,216.10565909,0.00000000,0.00000000,94.69756566,107.32720193,101.68074366,1745.79450000,27133.56584038,9891.18697000
3,286,0.000000,0.618000,0.00000000,106.72863180,0.00000000,201.73048565,0.00000000,0.00000000,94.69756566,106.72863180,101.68074366,1745.79450000,27482.72474022,7912.94957600
3,287,0.000000,0.588000,0.00000000,107.32720193,0.00000000,186.15817196,0.00000000,0.00000000,94.69756566,107.32720193,101.68074366,1745.79450000,27482.72474001,9891.18697000
3,288,0.000000,0.552000,0.00000000,107.32720193,0.00000000,168.18967968,0.00000000,0.00000000,94.69756566,107.32720193,101.68074366,1745.79450000,27482.72473981,9891.18697000
3,289,0.000000,0.503000,0.00000000,107.32720193,0.00000000,143.73256519,0.00000000,0.00000000,94.69756566,107.32720193,101.68074366,1745.79450000,27482.72473960,9891.18697000
3,290,0.000000,0.460000,0.00000000,106.72863180,0.00000000,122.86876954,0.00000000,0.00000000,94.69756566,106.72863180,101.68074366,1745.79450000,27831.88363944,7912.94957600
3,291,0.000000,0.432000,0.00000000,73.54194353,0.00000000,142.07996381,0.00000000,0.00000000,63.67817400,73.54194353,68.65710075,1244.73168631,27330.82082555,9891.18697000
3,292,0.000000,0.420000,0.00000000,73.54194353,0.00000000,136.09046639,0.00000000,0.00000000,63.67817400,73.54194353,68.65710075,1244.73168631,26829.75801165,9891.18697000
3,293,0.000000,0.379000,0.00000000,106.80637806,0.00000000,82.36191566,0.00000000,0.00000000,94.69756566,106.80637806,101.68074366,1745.79450000,27133.56583977,8169.89615799
3,294,0.000000,0.346000,0.00000000,106.72863180,0.00000000,65.96854399,0.00000000,0.00000000,94.69756566,106.72863180,101.68074366,1745.79450000,27482.72473960,7912.94957600
3,295,0.123000,0.432000,19.67780506,87.05082674,0.00000000,128.57108061,0.00000000,0.00000000,94.69756566,106.72863180,101.68074366,1745.79450000,27831.88363944,7912.94957600
3,296,0.316000,0.610000,50.55436097,56.77284096,0.00000000,247.69327821,0.00000000,0.00000000,94.69756566,107.32720193,101.68074366,1745.79450000,27831.88363923,9891.18697000
3,297,0.475000,0.579000,58.26858481,0.00000000,17.72293880,288.99325082,0.00000000,0.00000000,49.73928100,58.26858481,53.75120360,1002.98064984,27089.06978887,9891.18697000
3,298,0.585000,0.484000,93.58956065,13.73764127,0.00000000,227.83875492,0.00000000,0.00000000,94.69756566,107.32720193,101.68074366,1745.79450000,27089.06978866,9891.18697000
3,299,0.647000,0.376000,103.50845426,3.81874766,0.00000000,183.85217169,0.00000000,0.00000000,94.69756566,107.32720193,101.68074366,1745.79450000,27089.06978846,9891.18697000
3,300,0.664000,0.284000,106.22815090,0.50048090,0.00000000,141.25095818,0.00000000,0.00000000,94.69756566,106.72863180,101.68074366,1745.79450000,27438.22868829,7912.94957600
3,301,0.632000,0.231000,101.10872194,6.21847999,0.00000000,109.07934547,0.00000000,0.00000000,94.69756566,107.32720193,101.68074366,1745.79450000,27438.22868809,9891.18697000
3,302,0.558000,0.212000,89.27004247,18.05715945,0.00000000,87.75729508,0.00000000,0.00000000,94.69756566,107.32720193,101.68074366,1745.79450000,27438.22868788,9891.18697000
3,303,0.437000,0.227000,69.91220172,37.41500021,0.00000000,75.88632611,0.00000000,0.00000000,94.69756566,107.32720193,101.68074366,1745.79450000,27438.22868768,9891.18697000
3,304,0.268000,0.278000,42.87521753,64.45198439,0.00000000,74.30470598,0.00000000,0.00000000,94.69756566,107.32720193,101.68074366,1745.79450000,27438.22868747,9891.18697000
3,305,0.088000,0.369000,14.07842964,92.91207988,0.00000000,91.26496598,0.00000000,0.00000000,94.69756566,106.99050951,101.68074366,1745.79450000,27634.62865346,8778.43928620
3,306,0.000000,0.509000,0.00000000,72.94337341,0.00000000,181.11114242,0.00000000,0.00000000,63.67817400,72.94337341,68.65710075,1244.73168631,27482.72473960,7912.94957600
3,307,0.000000,0.544000,0.00000000,106.72863180,0.00000000,164.79525152,0.00000000,0.00000000,94.69756566,106.72863180,101.68074366,1745.79450000,27831.88363944,7912.94957600
3,308,0.000000,0.523000,0.00000000,72.94337341,0.00000000,188.09888942,0.00000000,0.00000000,63.67817400,72.94337341,68.65710075,1244.73168631,27679.97972559,7912.94957600
3,309,0.000000,0.516000,0.00000000,107.32720193,0.00000000,150.22118740,0.00000000,0.00000000,94.69756566,107.32720193,101.68074366,1745.79450000,27679.97972538,9891.18697000
3,310,0.000000,0.505000,0.00000000,89.89674172,0.00000000,162.16127497,0.00000000,0.00000000,78.66539600,89.89674172,84.63531998,1492.48099468,27426.66621985,9891.18697000
3,311,0.000000,0.469000,0.00000000,107.32720193,0.00000000,126.76232248,0.00000000,0.00000000,94.69756566,107.32720193,101.68074366,1745.79450000,27426.66621965,9891.18697000
3,312,0.000000,0.439000,0.00000000,89.89674172,0.00000000,129.21903913,0.00000000,0.00000000,78.66539600,89.89674172,84.63531998,1492.48099468,27173.35271412,9891.18697000
3,313,0.000000,0.410000,0.00000000,106.79683924,0.00000000,97.84432282,0.00000000,0.00000000,94.69756566,106.79683924,101.68074366,1745.79450000,27482.72473981,8138.37095926
3,314,0.000000,0.367000,0.00000000,107.32720193,0.00000000,75.85159436,0.00000000,0.00000000,94.69756566,107.32720193,101.68074366,1745.79450000,27482.72473960,9891.18697000
3,315,0.000000,0.331000,0.00000000,106.72863180,0.00000000,58.48167221,0.00000000,0.00000000,94.69756566,106.72863180,101.68074366,1745.79450000,27831.88363944,7912.94957600
3,316,0.000000,0.305000,0.00000000,89.89674172,0.00000000,62.33631787,0.00000000,0.00000000,78.66539600,89.89674172,84.63531998,1492.48099468,27578.57013391,9891.18697000
3,317,0.000000,0.277000,0.00000000,89.89674172,0.00000000,48.36082387,0.00000000,0.00000000,78.66539600,89.89674172,84.63531998,1492.48099468,27325.25662838,9891.18697000
3,318,0.000000,0.243000,0.00000000,107.32720193,0.00000000,13.96012096,0.00000000,0.00000000,94.69756566,107.32720193,101.68074366,1745.79450000,27325.25662818,9891.18697000
3,319,0.085000,0.272000,13.59848317,93.72871875,0.00000000,42.03322291,0.00000000,0.00000000,94.69756566,107.32720193,101.68074366,1745.79450000,27325.25662797,9891.18697000
3,320,0.252000,0.441000,40.31550305,33.22644048,0.00000000,186.88758993,0.00000000,0.00000000,63.67817400,73.54194353,68.65710075,1244.73168631,26824.19381408,9891.18697000
3,321,0.410000,0.421000,65.59268354,41.73451839,0.00000000,168.39701631,0.00000000,0.00000000,94.69756566,107.32720193,101.68074366,1745.79450000,26824.19381387,9891.18697000
3,322,0.530000,0.306000,0.00000000,89.89674172,84.79054213,62.83544265,0.00000000,0.00000000,78.66539600,89.89674172,84.63531998,1492.48099468,26570.88030834,9891.18697000
3,323,0.604000,0.194000,96.62922160,10.69798033,0.00000000,86.13222806,0.00000000,0.00000000,94.69756566,107.32720193,101.68074366,1745.79450000,26570.88030814,9891.18697000
3,324,0.634000,0.117000,101.42868625,5.29994555,0.00000000,53.09765435,0.00000000,0.00000000,94.69756566,106.72863180,101.68074366,1745.79450000,26920.03920797,7912.94957600
3,325,0.619000,0.082000,99.02895392,7.69967788,0.00000000,33.22855454,0.00000000,0.00000000,94.69756566,106.72863180,101.68074366,1745.79450000,27269.19810781,7912.94957600
3,326,0.552000,0.075000,88.31014954,18.65099938,0.00000000,18.78335953,0.00000000,0.00000000,94.69756566,106.96114893,101.68074366,1745.79450000,27482.72473981,8681.40435128
3,327,0.441000,0.094000,70.55213034,36.77507159,0.00000000,10.14265825,0.00000000,0.00000000,94.69756566,107.32720193,101.68074366,1745.79450000,27482.72473960,9891.18697000
3,328,0.264000,0.148000,42.23528891,64.49334289,0.00000000,9.37712537,0.00000000,0.00000000,94.69756566,106.72863180,101.68074366,1745.79450000,27831.88363944,7912.94957600
3,329,0.090000,0.254000,14.39839395,58.61318690,0.00000000,68.16450862,0.00000000,0.00000000,63.67817400,73.01158085,68.65710075,1244.73168631,27640.19285124,8138.37096042
3,330,0.000000,0.403000,0.00000000,107.32720193,0.00000000,93.82008664,0.00000000,0.00000000,94.69756566,107.32720193,101.68074366,1745.79450000,27640.19285103,9891.18697000
3,331,0.000000,0.426000,0.00000000,89.89674172,0.00000000,122.73041692,0.00000000,0.00000000,78.66539600,89.89674172,84.63531998,1492.48099468,27386.87934550,9891.18697000
3,332,0.000000,0.383000,0.00000000,89.89674172,0.00000000,101.26805114,0.00000000,0.00000000,78.66539600,89.89674172,84.63531998,1492.48099468,27133.56583997,9891.18697000
3,333,0.000000,0.343000,0.00000000,106.72863180,0.00000000,64.47116963,0.00000000,0.00000000,94.69756566,106.72863180,101.68074366,1745.79450000,27482.72473981,7912.94957600
3,334,0.000000,0.323000,0.00000000,106.72863180,0.00000000,54.48867392,0.00000000,0.00000000,94.69756566,106.72863180,101.68074366,1745.79450000,27831.88363964,7912.94957600
3,335,0.000000,0.309000,0.00000000,107.32720193,0.00000000,46.90235680,0.00000000,0.00000000,94.69756566,107.32720193,101.68074366,1745.79450000,27831.88363944,9891.18697000
3,336,0.000000,0.278000,0.00000000,107.32720193,0.00000000,31.42948845,0.00000000,0.00000000,94.69756566,107.32720193,101.68074366,1745.79450000,27831.88363923,9891.18697000
3,337,0.000000,0.241000,0.00000000,107.32720193,0.00000000,12.96187138,0.00000000,0.00000000,94.69756566,107.32720193,101.68074366,1745.79450000,27831.88363903,9891.18697000
3,338,0.000000,0.212000,0.00000000,89.89674172,0.00000000,15.91771281,0.00000000,0.00000000,78.66539600,89.89674172,84.63531998,1492.48099468,27578.57013350,9891.18697000
3,339,0.000000,0.203000,0.00000000,101.32233146,0.00000000,0.00000000,0.00000000,0.00000000,89.17441238,101.32233146,95.80851996,1658.52689434,27491.30252763,9891.18697000
3,340,0.000000,0.207000,0.00000000,73.54194353,0.00000000,29.77688707,0.00000000,0.00000000,63.67817400,73.54194353,68.65710075,1244.73168631,26990.23971374,9891.18697000
3,341,0.000000,0.216000,0.00000000,89.89674172,0.00000000,17.91421196,0.00000000,0.00000000,78.66539600,89.89674172,84.63531998,1492.48099468,26736.92620821,9891.18697000
3,342,0.000000,0.231000,0.00000000,107.14970250,0.00000000,8.14812296,0.00000000,0.00000000,94.69756566,107.14970250,101.68074366,1745.79450000,26840.46546378,9304.56229137
3,343,0.100000,0.258000,15.99821550,90.73041630,0.00000000,38.04377836,0.00000000,0.00000000,94.69756566,106.72863180,101.68074366,1745.79450000,27189.62436362,7912.94957600
3,344,0.278000,0.304000,44.47503908,62.85216285,0.00000000,88.88177195,0.00000000,0.00000000,94.69756566,107.32720193,101.68074366,1745.79450000,27189.62436341,9891.18697000
3,345,0.437000,0.263000,69.91220172,37.41500021,0.00000000,93.85481839,0.00000000,0.00000000,94.69756566,107.32720193,101.68074366,1745.79450000,27189.62436321,9891.18697000
3,346,0.551000,0.211000,88.15016739,19.17703454,0.00000000,86.13829521,0.00000000,0.00000000,94.69756566,107.32720193,101.68074366,1745.79450000,27189.62436300,9891.18697000
3,347,0.619000,0.172000,89.89674172,0.00000000,9.13221221,85.84946311,0.00000000,0.00000000,78.66539600,89.89674172,84.63531998,1492.48099468,26936.31085747,9891.18697000
3,348,0.641000,0.155000,102.54856133,4.77864059,0.00000000,72.58570116,0.00000000,0.00000000,94.69756566,107.32720193,101.68074366,1745.79450000,26936.31085727,9891.18697000
3,349,0.615000,0.157000,73.54194353,0.00000000,24.84708177,78.36259133,0.00000000,0.00000000,63.67817400,73.54194353,68.65710075,1244.73168631,26435.24804338,9891.18697000
3,350,0.544000,0.182000,87.03029230,20.29690962,0.00000000,70.54380134,0.00000000,0.00000000,94.69756566,107.32720193,101.68074366,1745.79450000,26435.24804317,9891.18697000
3,351,0.429000,0.229000,68.63234448,38.69485745,0.00000000,75.60471844,0.00000000,0.00000000,94.69756566,107.32720193,101.68074366,1745.79450000,26435.24804297,9891.18697000
3,352,0.266000,0.294000,42.55525322,64.77194870,0.00000000,81.97073824,0.00000000,0.00000000,94.69756566,107.32720193,101.68074366,1745.79450000,26435.24804276,9891.18697000
3,353,0.092000,0.369000,14.71835826,92.60884367,0.00000000,91.56820219,0.00000000,0.00000000,94.69756566,107.32720193,101.68074366,1745.79450000,26435.24804256,9891.18697000
3,354,0.000000,0.400000,0.00000000,107.32720193,0.00000000,92.32271228,0.00000000,0.00000000,94.69756566,107.32720193,101.68074366,1745.79450000,26435.24804235,9891.18697000
3,355,0.000000,0.362000,0.00000000,107.32720193,0.00000000,73.35597043,0.00000000,0.00000000,94.69756566,107.32720193,101.68074366,1745.79450000,26435.24804215,9891.18697000
3,356,0.000000,0.325000,0.00000000,107.32720193,0.00000000,54.88835337,0.00000000,0.00000000,94.69756566,107.32720193,101.68074366,1745.79450000,26435.24804194,9891.18697000
3,357,0.000000,0.316000,0.00000000,107.32720193,0.00000000,50.39623030,0.00000000,0.00000000,94.69756566,107.32720193,101.68074366,1745.79450000,26435.24804174,9891.18697000
3,358,0.000000,0.318000,0.00000000,106.72863180,0.00000000,51.99305000,0.00000000,0.00000000,94.69756566,106.72863180,101.68074366,1745.79450000,26784.40694157,7912.94957600
3,359,0.000000,0.311000,0.00000000,107.32720193,0.00000000,47.90060637,0.00000000,0.00000000,94.69756566,107.32720193,101.68074366,1745.79450000,26784.40694137,9891.18697000
3,360,0.000000,0.300000,0.00000000,107.32720193,0.00000000,42.41023373,0.00000000,0.00000000,94.69756566,107.32720193,101.68074366,1745.79450000,26784.40694116,9891.18697000
3,361,0.000000,0.296000,0.00000000,107.32720193,0.00000000,40.41373459,0.00000000,0.00000000,94.69756566,107.32720193,101.68074366,1745.79450000,26784.40694096,9891.18697000
3,362,0.000000,0.301000,0.00000000,106.72863180,0.00000000,43.50792864,0.00000000,0.00000000,94.69756566,106.72863180,101.68074366,1745.79450000,27133.56584079,7912.94957600
3,363,0.000000,0.311000,0.00000000,107.32720193,0.00000000,47.90060637,0.00000000,0.00000000,94.69756566,107.32720193,101.68074366,1745.79450000,27133.56584059,9891.18697000
3,364,0.000000,0.313000,0.00000000,107.32720193,0.00000000,48.89885594,0.00000000,0.00000000,94.69756566,107.32720193,101.68074366,1745.79450000,27133.56584038,9891.18697000
3,365,0.000000,0.310000,0.00000000,106.72863180,0.00000000,48.00005171,0.00000000,0.00000000,94.69756566,106.72863180,101.68074366,1745.79450000,27482.72474022,7912.94957600
3,366,0.000000,0.321000,0.00000000,107.32720193,0.00000000,52.89185423,0.00000000,0.00000000,94.69756566,107.32720193,101.68074366,1745.79450000,27482.72474001,9891.18697000
3,367,0.104000,0.337000,16.63814412,90.68905781,0.00000000,77.51599491,0.00000000,0.00000000,94.69756566,107.32720193,101.68074366,1745.79450000,27482.72473981,9891.18697000
3,368,0.291000,0.413000,46.55480710,60.77239483,0.00000000,145.36614159,0.00000000,0.00000000,94.69756566,107.32720193,101.68074366,1745.79450000,27482.72473960,9891.18697000
3,369,0.450000,0.365000,71.99196973,34.73666207,0.00000000,147.44388465,0.00000000,0.00000000,94.69756566,106.72863180,101.68074366,1745.79450000,27831.88363944,7912.94957600
3,370,0.564000,0.316000,90.22993540,17.09726652,0.00000000,140.62616570,0.00000000,0.00000000,94.69756566,107.32720193,101.68074366,1745.79450000,27831.88363944,9891.18696884
3,371,0.630000,0.274000,100.78875763,6.53844430,0.00000000,130.22174694,0.00000000,0.00000000,94.69756566,107.32720193,101.68074366,1745.79450000,27831.88363944,9891.18696884
3,372,0.651000,0.241000,73.54194353,0.00000000,30.60643935,120.28907331,0.00000000,0.00000000,63.67817400,73.54194353,68.65710075,1244.73168631,27330.82082555,9891.18697000
3,373,0.628000,0.223000,100.46879332,6.85840861,0.00000000,104.44641856,0.00000000,0.00000000,94.69756566,107.32720193,101.68074366,1745.79450000,27330.82082534,9891.18697000
3,374,0.562000,0.225000,89.90997109,16.81866071,0.00000000,95.48441603,0.00000000,0.00000000,94.69756566,106.72863180,101.68074366,1745.79450000,27679.97972518,7912.94957600
3,375,0.448000,0.249000,71.67200542,35.65519650,0.00000000,88.62687509,0.00000000,0.00000000,94.69756566,107.32720193,101.68074366,1745.79450000,27679.97972497,9891.18697000
3,376,0.290000,0.290000,0.00000000,73.54194353,46.39482494,71.20424427,0.00000000,0.00000000,63.67817400,73.54194353,68.65710075,1244.73168631,27178.91691108,9891.18697000
3,377,0.104000,0.342000,16.63814412,90.68905781,0.00000000,80.01161884,0.00000000,0.00000000,94.69756566,107.32720193,101.68074366,1745.79450000,27178.91691087,9891.18697000
3,378,0.000000,0.400000,0.00000000,107.32720193,0.00000000,92.32271228,0.00000000,0.00000000,94.69756566,107.32720193,101.68074366,1745.79450000,27178.91691067,9891.18697000
3,379,0.000000,0.420000,0.00000000,73.54194353,0.00000000,136.09046639,0.00000000,0.00000000,63.67817400,73.54194353,68.65710075,1244.73168631,26677.85409678,9891.18697000
3,380,0.000000,0.374000,0.00000000,106.72863180,0.00000000,79.94403798,0.00000000,0.00000000,94.69756566,106.72863180,101.68074366,1745.79450000,27027.01299661,7912.94957600
3,381,0.000000,0.350000,0.00000000,107.32720193,0.00000000,67.36647301,0.00000000,0.00000000,94.69756566,107.32720193,101.68074366,1745.79450000,27027.01299641,9891.18697000
3,382,0.000000,0.352000,0.00000000,107.32720193,0.00000000,68.36472258,0.00000000,0.00000000,94.69756566,107.32720193,101.68074366,1745.79450000,27027.01299620,9891.18697000
3,383,0.000000,0.343000,0.00000000,107.32720193,0.00000000,63.87259951,0.00000000,0.00000000,94.69756566,107.32720193,101.68074366,1745.79450000,27027.01299600,9891.18697000
3,384,0.000000,0.323000,0.00000000,107.32720193,0.00000000,53.89010380,0.00000000,0.00000000,94.69756566,107.32720193,101.68074366,1745.79450000,27027.01299579,9891.18697000
3,385,0.000000,0.300000,0.00000000,107.32720193,0.00000000,42.41023373,0.00000000,0.00000000,94.69756566,107.32720193,101.68074366,1745.79450000,27027.01299559,9891.18697000
3,386,0.000000,0.305000,0.00000000,107.32720193,0.00000000,44.90585766,0.00000000,0.00000000,94.69756566,107.32720193,101.68074366,1745.79450000,27027.01299538,9891.18697000
3,387,0.000000,0.289000,0.00000000,106.72863180,0.00000000,37.51843122,0.00000000,0.00000000,94.69756566,106.72863180,101.68074366,1745.79450000,27376.17189522,7912.94957600
3,388,0.000000,0.278000,0.00000000,107.32720193,0.00000000,31.42948845,0.00000000,0.00000000,94.69756566,107.32720193,101.68074366,1745.79450000,27376.17189501,9891.18697000
3,389,0.000000,0.278000,0.00000000,107.32720193,0.00000000,31.42948845,0.00000000,0.00000000,94.69756566,107.32720193,101.68074366,1745.79450000,27376.17189481,9891.18697000
3,390,0.000000,0.266000,0.00000000,106.72863180,0.00000000,26.03856115,0.00000000,0.00000000,94.69756566,106.72863180,101.68074366,1745.79450000,27725.33079464,7912.94957600
3,391,0.110000,0.261000,17.59803705,89.72916488,0.00000000,40.54240414,0.00000000,0.00000000,94.69756566,107.32720193,101.68074366,1745.79450000,27725.33079444,9891.18697000
3,392,0.300000,0.361000,47.99464649,59.33255544,0.00000000,120.85149214,0.00000000,0.00000000,94.69756566,107.32720193,101.68074366,1745.79450000,27725.33079423,9891.18697000
3,393,0.467000,0.347000,74.71166637,14.64743219,0.00000000,158.54886839,0.00000000,0.00000000,78.66539600,89.35909855,84.63531998,1492.48099468,27785.63617329,8114.30943692
3,394,0.577000,0.343000,92.30970342,15.01749851,0.00000000,156.18230292,0.00000000,0.00000000,94.69756566,107.32720193,101.68074366,1745.79450000,27785.63617309,9891.18697000
3,395,0.640000,0.345000,102.38857918,4.93862275,0.00000000,167.25942826,0.00000000,0.00000000,94.69756566,107.32720193,101.68074366,1745.79450000,27785.63617288,9891.18697000
3,396,0.658000,0.344000,0.00000000,89.89674172,105.26825797,81.80218450,0.00000000,0.00000000,78.66539600,89.89674172,84.63531998,1492.48099468,27532.32266735,9891.18697000
3,397,0.631000,0.347000,100.94873978,6.37846214,0.00000000,166.81783843,0.00000000,0.00000000,94.69756566,107.32720193,101.68074366,1745.79450000,27532.32266715,9891.18697000
3,398,0.560000,0.362000,89.59000678,7.72925961,0.00000000,172.95391274,0.00000000,0.00000000,85.49247751,97.31926640,91.89388205,1600.35113424,27386.87930118,9891.18697000
3,399,0.444000,0.395000,71.03207680,36.29512512,0.00000000,160.85916516,0.00000000,0.00000000,94.69756566,107.32720193,101.68074366,1745.79450000,27386.87930098,9891.18697000
3,400,0.283000,0.444000,45.27494986,62.05225207,0.00000000,159.55915270,0.00000000,0.00000000,94.69756566,107.32720193,101.68074366,1745.79450000,27386.87930077,9891.18697000
3,401,0.098000,0.503000,15.67825119,91.64895074,0.00000000,159.41081638,0.00000000,0.00000000,94.69756566,107.32720193,101.68074366,1745.79450000,27386.87930057,9891.18697000
3,402,0.000000,0.522000,0.00000000,107.32720193,0.00000000,153.21593612,0.00000000,0.00000000,94.69756566,107.32720193,101.68074366,1745.79450000,27386.87930036,9891.18697000
3,403,0.000000,0.508000,0.00000000,107.32720193,0.00000000,146.22818912,0.00000000,0.00000000,94.69756566,107.32720193,101.68074366,1745.79450000,27386.87930016,9891.18697000
3,404,0.000000,0.481000,0.00000000,107.32720193,0.00000000,132.75181991,0.00000000,0.00000000,94.69756566,107.32720193,101.68074366,1745.79450000,27386.87929995,9891.18697000
3,405,0.000000,0.436000,0.00000000,89.89674197,0.00000000,127.72166451,0.00000000,0.00000000,78.66539600,89.89674197,84.63532017,1492.48104146,27133.56584120,9891.18697000
3,406,0.000000,0.416000,0.00000000,107.32720193,0.00000000,100.30870885,0.00000000,0.00000000,94.69756566,107.32720193,101.68074366,1745.79450000,27133.56584100,9891.18697000
3,407,0.000000,0.383000,0.00000000,107.32720193,0.00000000,83.83759093,0.00000000,0.00000000,94.69756566,107.32720193,101.68074366,1745.79450000,27133.56584079,9891.18697000
3,408,0.000000,0.339000,0.00000000,106.72863180,0.00000000,62.47467049,0.00000000,0.00000000,94.69756566,106.72863180,101.68074366,1745.79450000,27482.72474063,7912.94957600
3,409,0.000000,0.298000,0.00000000,107.32720193,0.00000000,41.41198416,0.00000000,0.00000000,94.69756566,107.32720193,101.68074366,1745.79450000,27482.72474042,9891.18697000
3,410,0.000000,0.261000,0.00000000,107.32720193,0.00000000,22.94436710,0.00000000,0.00000000,94.69756566,107.32720193,101.68074366,1745.79450000,27482.72474022,9891.18697000
3,411,0.000000,0.249000,0.00000000,107.32720193,0.00000000,16.95486967,0.00000000,0.00000000,94.69756566,107.32720193,101.68074366,1745.79450000,27482.72474001,9891.18697000
3,412,0.000000,0.252000,0.00000000,107.32720193,0.00000000,18.45224403,0.00000000,0.00000000,94.69756566,107.32720193,101.68074366,1745.79450000,27482.72473981,9891.18697000
3,413,0.000000,0.261000,0.00000000,106.72863180,0.00000000,23.54293722,0.00000000,0.00000000,94.69756566,106.72863180,101.68074366,1745.79450000,27831.88363964,7912.94957600
3,414,0.000000,0.296000,0.00000000,107.32720193,0.00000000,40.41373459,0.00000000,0.00000000,94.69756566,107.32720193,101.68074366,1745.79450000,27831.88363944,9891.18697000
3,415,0.113000,0.260000,18.07798351,71.81875846,0.00000000,57.95368577,0.00000000,0.00000000,78.66539600,89.89674197,84.63532017,1492.48104146,27578.57018069,9891.18697000
3,416,0.299000,0.379000,47.83466433,59.49253759,0.00000000,129.67575612,0.00000000,0.00000000,94.69756566,107.32720193,101.68074366,1745.79450000,27578.57018049,9891.18697000
3,417,0.461000,0.395000,73.75177344,33.57542849,0.00000000,163.57886179,0.00000000,0.00000000,94.69756566,107.32720193,101.68074366,1745.79450000,27578.57018028,9891.18697000
3,418,0.572000,0.346000,91.50979264,15.81740929,0.00000000,156.87976651,0.00000000,0.00000000,94.69756566,107.32720193,101.68074366,1745.79450000,27578.57018008,9891.18697000
3,419,0.635000,0.294000,101.58866840,0.00000000,0.00000000,146.74268694,0.00000000,0.00000000,89.41938348,101.58866840,96.06897355,1662.39751692,27495.17319680,9891.18697000
3,420,0.654000,0.249000,104.62832935,2.69887258,0.00000000,121.58319902,0.00000000,0.00000000,94.69756566,107.32720193,101.68074366,1745.79450000,27495.17319659,9891.18697000
3,421,0.613000,0.217000,98.06906099,9.25814093,0.00000000,99.05193753,0.00000000,0.00000000,94.69756566,107.32720193,101.68074366,1745.79450000,27495.17319639,9891.18697000
3,422,0.524000,0.212000,83.83064920,23.49655272,0.00000000,82.31790181,0.00000000,0.00000000,94.69756566,107.32720193,101.68074366,1745.79450000,27495.17319618,9891.18697000
3,423,0.369000,0.251000,59.03341518,48.29378674,0.00000000,76.98653442,0.00000000,0.00000000,94.69756566,107.32720193,101.68074366,1745.79450000,27495.17319598,9891.18697000
3,424,0.229000,0.332000,36.63591349,70.69128844,0.00000000,95.01814035,0.00000000,0.00000000,94.69756566,107.32720193,101.68074366,1745.79450000,27495.17319577,9891.18697000
3,425,0.079000,0.441000,12.63859024,94.68861168,0.00000000,125.42541873,0.00000000,0.00000000,94.69756566,107.32720193,101.68074366,1745.79450000,27495.17319557,9891.18697000
3,426,0.000000,0.523000,0.00000000,107.32720193,0.00000000,153.71506090,0.00000000,0.00000000,94.69756566,107.32720193,101.68074366,1745.79450000,27495.17319536,9891.18697000
3,427,0.000000,0.544000,0.00000000,107.32720193,0.00000000,164.19668140,0.00000000,0.00000000,94.69756566,107.32720193,101.68074366,1745.79450000,27495.17319516,9891.18697000
3,428,0.000000,0.520000,0.00000000,106.47062564,0.00000000,153.07426284,0.00000000,0.00000000,93.90970484,106.47062564,100.84308902,1733.34604465,27482.72473960,9891.18697000
3,429,0.000000,0.505000,0.00000000,106.72863180,0.00000000,145.32938489,0.00000000,0.00000000,94.69756566,106.72863180,101.68074366,1745.79450000,27831.88363944,7912.94957600
3,430,0.000000,0.488000,0.00000000,107.32720193,0.00000000,136.24569341,0.00000000,0.00000000,94.69756566,107.32720193,101.68074366,1745.79450000,27831.88363923,9891.18697000
3,431,0.000000,0.448000,0.00000000,107.32720193,0.00000000,116.28070199,0.00000000,0.00000000,94.69756566,107.32720193,101.68074366,1745.79450000,27831.88363903,9891.18697000
3,432,0.000000,0.400000,0.00000000,107.32720193,0.00000000,92.32271228,0.00000000,0.00000000,94.69756566,107.32720193,101.68074366,1745.79450000,27831.88363882,9891.18697000
3,433,0.000000,0.361000,0.00000000,107.32720193,0.00000000,72.85684565,0.00000000,0.00000000,94.69756566,107.32720193,101.68074366,1745.79450000,27831.88363862,9891.18697000
3,434,0.000000,0.319000,0.00000000,89.46248128,0.00000000,69.75832530,0.00000000,0.00000000,78.66539600,89.46248128,84.63531998,1492.48099468,27831.88363944,8455.98296802
3,435,0.000000,0.328000,0.00000000,107.32720193,0.00000000,56.38572773,0.00000000,0.00000000,94.69756566,107.32720193,101.68074366,1745.79450000,27831.88363944,9891.18696884
3,436,0.000000,0.338000,0.00000000,73.54194353,0.00000000,95.16223397,0.00000000,0.00000000,63.67817400,73.54194353,68.65710075,1244.73168631,27330.82082555,9891.18697000
3,437,0.000000,0.332000,0.00000000,106.72863180,0.00000000,58.98079699,0.00000000,0.00000000,94.69756566,106.72863180,101.68074366,1745.79450000,27679.97972538,7912.94957600
3,438,0.000000,0.311000,0.00000000,107.32720193,0.00000000,47.90060637,0.00000000,0.00000000,94.69756566,107.32720193,101.68074366,1745.79450000,27679.97972518,9891.18697000
3,439,0.111000,0.314000,17.75801920,89.56918272,0.00000000,67.15599993,0.00000000,0.00000000,94.69756566,107.32720193,101.68074366,1745.79450000,27679.97972497,9891.18697000
3,440,0.304000,0.420000,48.63457511,58.43221488,0.00000000,151.20019504,0.00000000,0.00000000,94.69756566,107.06678999,101.68074366,1745.79450000,27831.88363944,9030.54156109
3,441,0.463000,0.394000,74.07173775,33.25546418,0.00000000,163.39970132,0.00000000,0.00000000,94.69756566,107.32720193,101.68074366,1745.79450000,27831.88363923,9891.18697000
3,442,0.570000,0.332000,89.89674172,0.00000000,1.29308661,165.70942879,0.00000000,0.00000000,78.66539600,89.89674172,84.63531998,1492.48099468,27578.57013371,9891.18697000
3,443,0.634000,0.272000,72.94337341,0.00000000,28.48531284,135.76194166,0.00000000,0.00000000,63.67817400,72.94337341,68.65710075,1244.73168631,27426.66621985,7912.94957600
3,444,0.650000,0.227000,103.98840073,3.33880120,0.00000000,109.96252512,0.00000000,0.00000000,94.69756566,107.32720193,101.68074366,1745.79450000,27426.66621965,9891.18697000
3,445,0.617000,0.206000,98.70898961,8.08784963,0.00000000,94.73185619,0.00000000,0.00000000,94.69756566,106.79683924,101.68074366,1745.79450000,27736.03824554,8138.37095810
3,446,0.542000,0.211000,86.71032799,20.61687393,0.00000000,84.69845581,0.00000000,0.00000000,94.69756566,107.32720193,101.68074366,1745.79450000,27736.03824534,9891.18697000
3,447,0.427000,0.251000,68.31238017,39.01482176,0.00000000,86.26549941,0.00000000,0.00000000,94.69756566,107.32720193,101.68074366,1745.79450000,27736.03824513,9891.18697000
3,448,0.255000,0.338000,40.79544952,66.53175241,0.00000000,102.17242510,0.00000000,0.00000000,94.69756566,107.32720193,101.68074366,1745.79450000,27736.03824493,9891.18697000
3,449,0.083000,0.484000,13.27851886,76.01965273,0.00000000,165.55674346,0.00000000,0.00000000,78.66539600,89.29817159,84.63531998,1492.48099468,27831.88363944,7912.94957600
3,450,0.000000,0.601000,0.00000000,107.32720193,0.00000000,192.64679417,0.00000000,0.00000000,94.69756566,107.32720193,101.68074366,1745.79450000,27831.88363944,9891.18696884
3,451,0.000000,0.618000,0.00000000,107.32720193,0.00000000,201.13191553,0.00000000,0.00000000,94.69756566,107.32720193,101.68074366,1745.79450000,27831.88363923,9891.18697000
3,452,0.000000,0.578000,0.00000000,73.54194353,0.00000000,214.95218250,0.00000000,0.00000000,63.67817400,73.54194353,68.65710075,1244.73168631,27330.82082534,9891.18697000
3,453,0.000000,0.645000,0.00000000,73.18542935,0.00000000,248.75005731,0.00000000,0.00000000,63.67817400,73.18542935,68.65710075,1244.73168631,27037.72044690,8712.92954536
3,454,0.000000,0.629000,0.00000000,107.32720193,0.00000000,206.62228817,0.00000000,0.00000000,94.69756566,107.32720193,101.68074366,1745.79450000,27037.72044669,9891.18697000
3,455,0.000000,0.538000,0.00000000,107.32720193,0.00000000,161.20193269,0.00000000,0.00000000,94.69756566,107.32720193,101.68074366,1745.79450000,27037.72044649,9891.18697000
3,456,0.000000,0.469000,0.00000000,106.72863180,0.00000000,127.36089261,0.00000000,0.00000000,94.69756566,106.72863180,101.68074366,1745.79450000,27386.87934632,7912.94957600
3,457,0.000000,0.417000,0.00000000,107.32720193,0.00000000,100.80783364,0.00000000,0.00000000,94.69756566,107.32720193,101.68074366,1745.79450000,27386.87934612,9891.18697000
3,458,0.000000,0.395000,0.00000000,107.32720193,0.00000000,89.82708836,0.00000000,0.00000000,94.69756566,107.32720193,101.68074366,1745.79450000,27386.87934591,9891.18697000
3,459,0.000000,0.350000,0.00000000,106.72863180,0.00000000,67.96504313,0.00000000,0.00000000,94.69756566,106.72863180,101.68074366,1745.79450000,27736.03824575,7912.94957600
3,460,0.000000,0.315000,0.00000000,107.32720193,0.00000000,49.89710551,0.00000000,0.00000000,94.69756566,107.32720193,101.68074366,1745.79450000,27736.03824554,9891.18697000
3,461,0.000000,0.279000,0.00000000,107.32720193,0.00000000,31.92861323,0.00000000,0.00000000,94.69756566,107.32720193,101.68074366,1745.79450000,27736.03824534,9891.18697000
3,462,0.000000,0.256000,0.00000000,107.32720193,0.00000000,20.44874317,0.00000000,0.00000000,94.69756566,107.32720193,101.68074366,1745.79450000,27736.03824513,9891.18697000
3,463,0.109000,0.352000,17.43805489,72.45868682,0.00000000,103.23323768,0.00000000,0.00000000,78.66539600,89.89674172,84.63531998,1492.48099468,27482.72473960,9891.18697000
3,464,0.298000,0.516000,47.67468218,59.05394962,0.00000000,198.49443971,0.00000000,0.00000000,94.69756566,106.72863180,101.68074366,1745.79450000,27831.88363944,7912.94957600
3,465,0.456000,0.524000,0.00000000,89.89674172,72.95186266,171.64464590,0.00000000,0.00000000,78.66539600,89.89674172,84.63531998,1492.48099468,27578.57013391,9891.18697000
3,466,0.567000,0.485000,90.70988187,16.61732006,0.00000000,225.45820092,0.00000000,0.00000000,94.69756566,107.32720193,101.68074366,1745.79450000,27578.57013371,9891.18697000
3,467,0.631000,0.444000,100.94873978,6.37846214,0.00000000,215.23294263,0.00000000,0.00000000,94.69756566,107.32720193,101.68074366,1745.79450000,27578.57013350,9891.18697000
3,468,0.649000,0.407000,103.82841857,3.06452291,0.00000000,200.07926479,0.00000000,0.00000000,94.69756566,106.89294149,101.68074366,1745.79450000,27831.88363944,8455.98296918
3,469,0.620000,0.388000,73.54194353,0.00000000,25.64699254,193.66041678,0.00000000,0.00000000,63.67817400,73.54194353,68.65710075,1244.73168631,27330.82082555,9891.18697000
3,470,0.545000,0.404000,87.19027446,20.13692747,0.00000000,181.50948588,0.00000000,0.00000000,94.69756566,107.32720193,101.68074366,1745.79450000,27330.82082534,9891.18697000
3,471,0.432000,0.463000,69.11229095,38.11880873,0.00000000,192.97596697,0.00000000,0.00000000,94.69756566,107.23109967,101.68074366,1745.79450000,27386.87934796,9573.57494266
3,472,0.274000,0.548000,43.83511046,63.49209147,0.00000000,210.02829100,0.00000000,0.00000000,94.69756566,107.32720193,101.68074366,1745.79450000,27386.87934776,9891.18697000
3,473,0.083000,0.642000,13.27851886,93.45011294,0.00000000,226.98799937,0.00000000,0.00000000,94.69756566,106.72863180,101.68074366,1745.79450000,27736.03824759,7912.94957600
3,474,0.000000,0.688000,0.00000000,89.89674172,0.00000000,253.50111072,0.00000000,0.00000000,78.66539600,89.89674172,84.63531998,1492.48099468,27482.72474206,9891.18697000
3,475,0.000000,0.719000,0.00000000,107.32720193,0.00000000,251.54351886,0.00000000,0.00000000,94.69756566,107.32720193,101.68074366,1745.79450000,27482.72474186,9891.18697000
3,476,0.000000,0.724000,0.00000000,107.32720193,0.00000000,254.03914279,0.00000000,0.00000000,94.69756566,107.32720193,101.68074366,1745.79450000,27482.72474165,9891.18697000
3,477,0.000000,0.674000,0.00000000,107.32720193,0.00000000,229.08290352,0.00000000,0.00000000,94.69756566,107.32720193,101.68074366,1745.79450000,27482.72474145,9891.18697000
3,478,0.000000,0.618000,0.00000000,107.32720193,0.00000000,201.13191553,0.00000000,0.00000000,94.69756566,107.32720193,101.68074366,1745.79450000,27482.72474124,9891.18697000
3,479,0.000000,0.561000,0.00000000,107.32720193,0.00000000,172.68180275,0.00000000,0.00000000,94.69756566,107.32720193,101.68074366,1745.79450000,27482.72474104,9891.18697000
3,480,0.000000,0.524000,0.00000000,107.32720193,0.00000000,154.21418569,0.00000000,0.00000000,94.69756566,107.32720193,101.68074366,1745.79450000,27482.72474083,9891.18697000
3,481,0.000000,0.488000,0.00000000,107.32720193,0.00000000,136.24569341,0.00000000,0.00000000,94.69756566,107.32720193,101.68074366,1745.79450000,27482.72474063,9891.18697000
3,482,0.000000,0.443000,0.00000000,107.32720193,0.00000000,113.78507806,0.00000000,0.00000000,94.69756566,107.32720193,101.68074366,1745.79450000,27482.72474042,9891.18697000
3,483,0.000000,0.408000,0.00000000,107.32720193,0.00000000,96.31571057,0.00000000,0.00000000,94.69756566,107.32720193,101.68074366,1745.79450000,27482.72474022,9891.18697000
3,484,0.000000,0.370000,0.00000000,107.32720193,0.00000000,77.34896872,0.00000000,0.00000000,94.69756566,107.32720193,101.68074366,1745.79450000,27482.72474001,9891.18697000
3,485,0.000000,0.341000,0.00000000,107.32720193,0.00000000,62.87434994,0.00000000,0.00000000,94.69756566,107.32720193,101.68074366,1745.79450000,27482.72473981,9891.18697000
3,486,0.000000,0.341000,0.00000000,106.72863180,0.00000000,63.47292006,0.00000000,0.00000000,94.69756566,106.72863180,101.68074366,1745.79450000,27831.88363964,7912.94957600
3,487,0.116000,0.425000,18.55792998,88.76927195,0.00000000,123.35876190,0.00000000,0.00000000,94.69756566,107.32720193,101.68074366,1745.79450000,27831.88363944,9891.18697000
3,488,0.303000,0.709000,48.47459295,58.85260897,0.00000000,295.02686396,0.00000000,0.00000000,94.69756566,107.32720193,101.68074366,1745.79450000,27831.88363944,9891.18696884
3,489,0.463000,0.745000,74.07173775,33.25546418,0.00000000,338.59250104,0.00000000,0.00000000,94.69756566,107.32720193,101.68074366,1745.79450000,27831.88363923,9891.18697000
3,490,0.576000,0.718000,92.14972126,15.17748067,0.00000000,343.19411534,0.00000000,0.00000000,94.69756566,107.32720193,101.68074366,1745.79450000,27831.88363903,9891.18697000
3,491,0.639000,0.691000,30.97213435,0.00000000,71.25646267,344.89522680,0.00000000,0.00000000,25.00174700,30.97213435,27.15938231,539.40882693,26625.49796575,9891.18697000
3,492,0.656000,0.675000,104.94829366,2.37890827,0.00000000,334.53032196,0.00000000,0.00000000,94.69756566,107.32720193,101.68074366,1745.79450000,26625.49796555,9891.18697000
3,493,0.630000,0.672000,100.78875763,6.00561151,0.00000000,329.40624436,0.00000000,0.00000000,94.69756566,106.79436914,101.68074366,1745.79450000,26936.31085583,8130.20742046
3,494,0.559000,0.682000,89.43002463,17.89717730,0.00000000,322.50592643,0.00000000,0.00000000,94.69756566,107.32720193,101.68074366,1745.79450000,26936.31085563,9891.18697000
3,495,0.444000,0.714000,71.03207680,36.29512512,0.00000000,320.07997174,0.00000000,0.00000000,94.69756566,107.32720193,101.68074366,1745.79450000,26936.31085542,9891.18697000
3,496,0.286000,0.765000,45.75489632,61.57230561,0.00000000,320.25815532,0.00000000,0.00000000,94.69756566,107.32720193,101.68074366,1745.79450000,26936.31085522,9891.18697000
3,497,0.099000,0.808000,15.83823334,91.48896858,0.00000000,311.80385812,0.00000000,0.00000000,94.69756566,107.32720193,101.68074366,1745.79450000,26936.31085501,9891.18697000
3,498,0.000000,0.812000,0.00000000,107.32720193,0.00000000,297.96212392,0.00000000,0.00000000,94.69756566,107.32720193,101.68074366,1745.79450000,26936.31085481,9891.18697000
3,499,0.000000,0.786000,0.00000000,107.32720193,0.00000000,284.98487949,0.00000000,0.00000000,94.69756566,107.32720193,101.68074366,1745.79450000,26936.31085460,9891.18697000
3,500,0.000000,0.730000,0.00000000,106.72863180,0.00000000,257.63246163,0.00000000,0.00000000,94.69756566,106.72863180,101.68074366,1745.79450000,27285.46975444,7912.94957600
3,501,0.000000,0.694000,0.00000000,106.72863180,0.00000000,239.66396935,0.00000000,0.00000000,94.69756566,106.72863180,101.68074366,1745.79450000,27634.62865428,7912.94957600
3,502,0.000000,0.620000,0.00000000,73.54194353,0.00000000,235.91542349,0.00000000,0.00000000,63.67817400,73.54194353,68.65710075,1244.73168631,27133.56584038,9891.18697000
3,503,0.000000,0.550000,0.00000000,106.72863180,0.00000000,167.79000024,0.00000000,0.00000000,94.69756566,106.72863180,101.68074366,1745.79450000,27482.72474022,7912.94957600
3,504,0.000000,0.464000,0.00000000,106.72863180,0.00000000,124.86526868,0.00000000,0.00000000,94.69756566,106.72863180,101.68074366,1745.79450000,27831.88364005,7912.94957600
3,505,0.000000,0.394000,0.00000000,107.32720193,0.00000000,89.32796357,0.00000000,0.00000000,94.69756566,107.32720193,101.68074366,1745.79450000,27831.88363985,9891.18697000
3,506,0.000000,0.343000,0.00000000,107.32720193,0.00000000,63.87259951,0.00000000,0.00000000,94.69756566,107.32720193,101.68074366,1745.79450000,27831.88363964,9891.18697000
3,507,0.000000,0.320000,0.00000000,107.32720193,0.00000000,52.39272944,0.00000000,0.00000000,94.69756566,107.32720193,101.68074366,1745.79450000,27831.88363944,9891.18697000
3,508,0.000000,0.325000,0.00000000,73.54194353,0.00000000,88.67361176,0.00000000,0.00000000,63.67817400,73.54194353,68.65710075,1244.73168631,27330.82082555,9891.18697000
3,509,0.000000,0.335000,0.00000000,106.79683924,0.00000000,60.40996391,0.00000000,0.00000000,94.69756566,106.79683924,101.68074366,1745.79450000,27640.19285144,8138.37095810
3,510,0.000000,0.341000,0.00000000,107.32720193,0.00000000,62.87434994,0.00000000,0.00000000,94.69756566,107.32720193,101.68074366,1745.79450000,27640.19285124,9891.18697000
3,511,0.116000,0.378000,18.55792998,71.33881174,0.00000000,117.33035719,0.00000000,0.00000000,78.66539600,89.89674172,84.63531998,1492.48099468,27386.87934571,9891.18697000
3,512,0.306000,0.677000,48.95453942,57.77409238,0.00000000,280.13338742,0.00000000,0.00000000,94.69756566,106.72863180,101.68074366,1745.79450000,27736.03824554,7912.94957600
3,513,0.464000,0.710000,74.23171990,33.09548202,0.00000000,321.28311570,0.00000000,0.00000000,94.69756566,107.32720193,101.68074366,1745.79450000,27736.03824534,9891.18697000
3,514,0.575000,0.663000,91.98973911,15.33746282,0.00000000,315.58226998,0.00000000,0.00000000,94.69756566,107.32720193,101.68074366,1745.79450000,27736.03824513,9891.18697000
3,515,0.635000,0.604000,89.89674172,0.00000000,11.69192669,301.47137046,0.00000000,0.00000000,78.66539600,89.89674172,84.63531998,1492.48099468,27482.72473960,9891.18697000
3,516,0.651000,0.556000,104.14838288,2.58024892,0.00000000,274.93313183,0.00000000,0.00000000,94.69756566,106.72863180,101.68074366,1745.79450000,27831.88363944,7912.94957600
3,517,0.625000,0.526000,89.89674197,0.00000000,10.09210488,262.53963718,0.00000000,0.00000000,78.66539600,89.89674197,84.63532017,1492.48104146,27578.57018069,9891.18697000
3,518,0.555000,0.524000,88.79009601,18.53710592,0.00000000,243.00428169,0.00000000,0.00000000,94.69756566,107.32720193,101.68074366,1745.79450000,27578.57018049,9891.18697000
3,519,0.440000,0.556000,70.39214818,36.93505374,0.00000000,240.57832701,0.00000000,0.00000000,94.69756566,107.32720193,101.68074366,1745.79450000,27578.57018028,9891.18697000
3,520,0.282000,0.612000,45.11496770,62.21223423,0.00000000,243.25213451,0.00000000,0.00000000,94.69756566,107.32720193,101.68074366,1745.79450000,27578.57018008,9891.18697000
3,521,0.098000,0.672000,15.67825119,91.21469038,0.00000000,244.19716549,0.00000000,0.00000000,94.69756566,106.89294157,101.68074366,1745.79450000,27831.88363944,8455.98323306
3,522,0.000000,0.669000,0.00000000,107.32720193,0.00000000,226.58727959,0.00000000,0.00000000,94.69756566,107.32720193,101.68074366,1745.79450000,27831.88363944,9891.18696884
3,523,0.000000,0.610000,0.00000000,107.32720193,0.00000000,197.13891724,0.00000000,0.00000000,94.69756566,107.32720193,101.68074366,1745.79450000,27831.88363944,9891.18696884
3,524,0.000000,0.557000,0.00000000,107.32720193,0.00000000,170.68530361,0.00000000,0.00000000,94.69756566,107.32720193,101.68074366,1745.79450000,27831.88363944,9891.18696884
3,525,0.000000,0.519000,0.00000000,73.54194353,0.00000000,185.50382015,0.00000000,0.00000000,63.67817400,73.54194353,68.65710075,1244.73168631,27330.82082555,9891.18697000
3,526,0.000000,0.457000,0.00000000,107.32720193,0.00000000,120.77282506,0.00000000,0.00000000,94.69756566,107.32720193,101.68074366,1745.79450000,27330.82082534,9891.18697000
3,527,0.000000,0.403000,0.00000000,107.32720193,0.00000000,93.82008664,0.00000000,0.00000000,94.69756566,107.32720193,101.68074366,1745.79450000,27330.82082514,9891.18697000
3,528,0.000000,0.354000,0.00000000,107.32720193,0.00000000,69.36297215,0.00000000,0.00000000,94.69756566,107.32720193,101.68074366,1745.79450000,27330.82082493,9891.18697000
3,529,0.000000,0.316000,0.00000000,107.32720193,0.00000000,50.39623030,0.00000000,0.00000000,94.69756566,107.32720193,101.68074366,1745.79450000,27330.82082473,9891.18697000
3,530,0.000000,0.296000,0.00000000,106.72863180,0.00000000,41.01230471,0.00000000,0.00000000,94.69756566,106.72863180,101.68074366,1745.79450000,27679.97972456,7912.94957600
3,531,0.000000,0.300000,0.00000000,73.54194353,0.00000000,76.19549212,0.00000000,0.00000000,63.67817400,73.54194353,68.65710075,1244.73168631,27178.91691067,9891.18697000
3,532,0.000000,0.333000,0.00000000,107.32720193,0.00000000,58.88135165,0.00000000,0.00000000,94.69756566,107.32720193,101.68074366,1745.79450000,27178.91691046,9891.18697000
3,533,0.000000,0.376000,0.00000000,107.32720193,0.00000000,80.34371743,0.00000000,0.00000000,94.69756566,107.32720193,101.68074366,1745.79450000,27178.91691026,9891.18697000
3,534,0.000000,0.381000,0.00000000,107.32720193,0.00000000,82.83934136,0.00000000,0.00000000,94.69756566,107.32720193,101.68074366,1745.79450000,27178.91691005,9891.18697000
3,535,0.117000,0.274000,18.71791213,88.01071967,0.00000000,48.74947156,0.00000000,0.00000000,94.69756566,106.72863180,101.68074366,1745.79450000,27528.07580989,7912.94957600
3,536,0.309000,0.437000,49.43448588,57.89271604,0.00000000,160.22481523,0.00000000,0.00000000,94.69756566,107.32720193,101.68074366,1745.79450000,27528.07580968,9891.18697000
3,537,0.468000,0.505000,74.87164852,32.45555340,0.00000000,219.60246329,0.00000000,0.00000000,94.69756566,107.32720193,101.68074366,1745.79450000,27528.07580948,9891.18697000
3,538,0.579000,0.426000,92.62966773,14.69753420,0.00000000,197.92962443,0.00000000,0.00000000,94.69756566,107.32720193,101.68074366,1745.79450000,27528.07580927,9891.18697000
3,539,0.642000,0.343000,102.70854349,4.61865844,0.00000000,166.58114300,0.00000000,0.00000000,94.69756566,107.32720193,101.68074366,1745.79450000,27528.07580907,9891.18697000
3,540,0.660000,0.280000,105.58822228,1.73897965,0.00000000,138.01596030,0.00000000,0.00000000,94.69756566,107.32720193,101.68074366,1745.79450000,27528.07580886,9891.18697000
3,541,0.633000,0.240000,101.26870409,2.33932764,0.00000000,117.45062089,0.00000000,0.00000000,91.82730349,103.60803173,98.62907722,1700.44343074,27831.88363944,7912.94957600
3,542,0.563000,0.224000,90.06995325,17.25724868,0.00000000,94.54670328,0.00000000,0.00000000,94.69756566,107.32720193,101.68074366,1745.79450000,27831.88363923,9891.18697000
3,543,0.447000,0.241000,71.51202327,35.81517866,0.00000000,84.47389465,0.00000000,0.00000000,94.69756566,107.32720193,101.68074366,1745.79450000,27831.88363903,9891.18697000
3,544,0.287000,0.295000,45.91487848,61.41232345,0.00000000,85.82948828,0.00000000,0.00000000,94.69756566,107.32720193,101.68074366,1745.79450000,27831.88363882,9891.18697000
3,545,0.101000,0.391000,16.15819765,91.16900427,0.00000000,103.98878686,0.00000000,0.00000000,94.69756566,107.32720193,101.68074366,1745.79450000,27831.88363862,9891.18697000
3,546,0.000000,0.538000,0.00000000,107.32720193,0.00000000,161.20193269,0.00000000,0.00000000,94.69756566,107.32720193,101.68074366,1745.79450000,27831.88363841,9891.18697000
3,547,0.000000,0.610000,0.00000000,107.32720192,0.00000000,197.13891724,0.00000000,0.00000000,94.69756566,107.32720192,101.68074366,1745.79450000,27831.88363944,9891.18696303
3,548,0.000000,0.576000,0.00000000,107.32720193,0.00000000,180.16867453,0.00000000,0.00000000,94.69756566,107.32720193,101.68074366,1745.79450000,27831.88363923,9891.18697000
3,549,0.000000,0.519000,0.00000000,43.47863956,0.00000000,215.56712412,0.00000000,0.00000000,36.84682300,43.47863956,39.91750131,767.66957627,27202.91761534,7912.94957600
3,550,0.000000,0.473000,0.00000000,106.72863180,0.00000000,129.35739175,0.00000000,0.00000000,94.69756566,106.72863180,101.68074366,1745.79450000,27552.07651518,7912.94957600
3,551,0.000000,0.442000,0.00000000,107.32720193,0.00000000,113.28595327,0.00000000,0.00000000,94.69756566,107.32720193,101.68074366,1745.79450000,27552.07651497,9891.18697000
3,552,0.000000,0.430000,0.00000000,107.32720193,0.00000000,107.29645585,0.00000000,0.00000000,94.69756566,107.32720193,101.68074366,1745.79450000,27552.07651477,9891.18697000
3,553,0.000000,0.409000,0.00000000,107.32720193,0.00000000,96.81483535,0.00000000,0.00000000,94.69756566,107.32720193,101.68074366,1745.79450000,27552.07651456,9891.18697000
3,554,0.000000,0.394000,0.00000000,107.32720193,0.00000000,89.32796357,0.00000000,0.00000000,94.69756566,107.32720193,101.68074366,1745.79450000,27552.07651436,9891.18697000
3,555,0.000000,0.371000,0.00000000,107.32720193,0.00000000,77.84809350,0.00000000,0.00000000,94.69756566,107.32720193,101.68074366,1745.79450000,27552.07651415,9891.18697000
3,556,0.000000,0.346000,0.00000000,107.32720193,0.00000000,65.36997386,0.00000000,0.00000000,94.69756566,107.32720193,101.68074366,1745.79450000,27552.07651395,9891.18697000
3,557,0.000000,0.314000,0.00000000,107.32720193,0.00000000,49.39798073,0.00000000,0.00000000,94.69756566,107.32720193,101.68074366,1745.79450000,27552.07651374,9891.18697000
3,558,0.000000,0.291000,0.00000000,107.32720193,0.00000000,37.91811066,0.00000000,0.00000000,94.69756566,107.32720193,101.68074366,1745.79450000,27552.07651354,9891.18697000
3,559,0.121000,0.229000,19.35784075,87.96936117,0.00000000,26.33021471,0.00000000,0.00000000,94.69756566,107.32720193,101.68074366,1745.79450000,27552.07651333,9891.18697000
3,560,0.313000,0.278000,50.07441450,56.77310844,0.00000000,81.98358194,0.00000000,0.00000000,94.69756566,106.84752294,101.68074366,1745.79450000,27831.88363964,8305.87747131
3,561,0.472000,0.250000,75.51157714,31.81562478,0.00000000,92.96557160,0.00000000,0.00000000,94.69756566,107.32720193,101.68074366,1745.79450000,27831.88363944,9891.18697000
3,562,0.581000,0.201000,92.94963204,14.37756989,0.00000000,85.94651200,0.00000000,0.00000000,94.69756566,107.32720193,101.68074366,1745.79450000,27831.88363923,9891.18697000
3,563,0.643000,0.149000,102.86852564,4.45867628,0.00000000,69.91091676,0.00000000,0.00000000,94.69756566,107.32720193,101.68074366,1745.79450000,27831.88363903,9891.18697000
3,564,0.660000,0.108000,105.58822228,1.73897965,0.00000000,52.16649719,0.00000000,0.00000000,94.69756566,107.32720193,101.68074366,1745.79450000,27831.88363882,9891.18697000
3,565,0.634000,0.093000,89.89674197,0.00000000,11.53194427,46.41860505,0.00000000,0.00000000,78.66539600,89.89674197,84.63532017,1492.48104146,27578.57018008,9891.18697000
3,566,0.563000,0.100000,90.06995325,10.06356860,0.00000000,39.84890995,0.00000000,0.00000000,88.63152254,100.13352185,95.23131878,1649.94905953,27831.88363944,7912.94957600
3,567,0.446000,0.128000,71.35204111,18.54470060,0.00000000,45.34327195,0.00000000,0.00000000,78.66539600,89.89674172,84.63531998,1492.48099468,27578.57013391,9891.18697000
3,568,0.286000,0.184000,45.75489632,61.57230561,0.00000000,30.26665493,0.00000000,0.00000000,94.69756566,107.32720193,101.68074366,1745.79450000,27578.57013371,9891.18697000
3,569,0.096000,0.287000,15.35828688,84.77523818,0.00000000,58.47357527,0.00000000,0.00000000,88.63152549,100.13352505,95.23132191,1649.94910610,27831.88363964,7912.94957600
3,570,0.000000,0.450000,0.00000000,107.32720193,0.00000000,117.27895156,0.00000000,0.00000000,94.69756566,107.32720193,101.68074366,1745.79450000,27831.88363944,9891.18697000
3,571,0.000000,0.494000,0.00000000,107.32720193,0.00000000,139.24044212,0.00000000,0.00000000,94.69756566,107.32720193,101.68074366,1745.79450000,27831.88363964,9891.18696768
3,572,0.000000,0.440000,0.00000000,107.32720193,0.00000000,112.28770370,0.00000000,0.00000000,94.69756566,107.32720193,101.68074366,1745.79450000,27831.88363944,9891.18697000
3,573,0.000000,0.440000,0.00000000,107.32720193,0.00000000,112.28770370,0.00000000,0.00000000,94.69756566,107.32720193,101.68074366,1745.79450000,27831.88363923,9891.18697000
3,574,0.000000,0.444000,0.00000000,89.89674172,0.00000000,131.71466306,0.00000000,0.00000000,78.66539600,89.89674172,84.63531998,1492.48099468,27578.57013371,9891.18697000
3,575,0.000000,0.402000,0.00000000,106.89294149,0.00000000,93.75522229,0.00000000,0.00000000,94.69756566,106.89294149,101.68074366,1745.79450000,27831.88363944,8455.98297034
3,576,0.000000,0.334000,0.00000000,89.89674172,0.00000000,76.81093665,0.00000000,0.00000000,78.66539600,89.89674172,84.63531998,1492.48099468,27578.57013391,9891.18697000
3,577,0.000000,0.274000,0.00000000,106.89294149,0.00000000,29.86724975,0.00000000,0.00000000,94.69756566,106.89294149,101.68074366,1745.79450000,27831.88363944,8455.98297150
3,578,0.000000,0.227000,0.00000000,107.32720193,0.00000000,5.97412439,0.00000000,0.00000000,94.69756566,107.32720193,101.68074366,1745.79450000,27831.88363923,9891.18697000
3,579,0.000000,0.199000,0.00000000,99.32583232,0.00000000,0.00000000,0.00000000,0.00000000,87.51697101,99.32583232,94.04632615,1632.33878544,27831.88363944,9248.37838659
3,580,0.000000,0.179000,0.00000000,89.34333661,0.00000000,0.00000000,0.00000000,0.00000000,78.44148745,89.34333661,84.39660597,1488.77963177,27755.15308772,8869.74608208
3,581,0.000000,0.160000,0.00000000,79.85996568,0.00000000,0.00000000,0.00000000,0.00000000,69.46788721,79.85996568,74.82964652,1340.43982763,27349.79841514,9891.18697000
3,582,0.000000,0.138000,0.00000000,68.87922040,0.00000000,0.00000000,0.00000000,0.00000000,59.96911520,68.87922040,64.69072730,1180.40302479,27133.56583977,7912.94957600
3,583,0.115000,0.179000,18.39794782,88.33068398,0.00000000,1.01265263,0.00000000,0.00000000,94.69756566,106.72863180,101.68074366,1745.79450000,27482.72473960,7912.94957600
3,584,0.301000,0.246000,48.15462864,58.57400316,0.00000000,64.21069408,0.00000000,0.00000000,94.69756566,106.72863180,101.68074366,1745.79450000,27831.88363944,7912.94957600
3,585,0.454000,0.241000,72.63189835,34.69530357,0.00000000,85.59376974,0.00000000,0.00000000,94.69756566,107.32720193,101.68074366,1745.79450000,27831.88363923,9891.18697000
3,586,0.560000,0.194000,89.59000678,17.73719515,0.00000000,79.09301325,0.00000000,0.00000000,94.69756566,107.32720193,101.68074366,1745.79450000,27831.88363903,9891.18697000
3,587,0.622000,0.144000,99.50890039,7.81830154,0.00000000,64.05566758,0.00000000,0.00000000,94.69756566,107.32720193,101.68074366,1745.79450000,27831.88363882,9891.18697000
3,588,0.620000,0.102000,99.18893608,8.13826585,0.00000000,42.77246228,0.00000000,0.00000000,94.69756566,107.32720193,101.68074366,1745.79450000,27831.88363862,9891.18697000
3,589,0.573000,0.073000,91.66977480,15.65742713,0.00000000,20.77868221,0.00000000,0.00000000,94.69756566,107.32720193,101.68074366,1745.79450000,27831.88363841,9891.18697000
3,590,0.514000,0.062000,82.23082765,25.09637427,0.00000000,5.84936243,0.00000000,0.00000000,94.69756566,107.32720193,101.68074366,1745.79450000,27831.88363821,9891.18697000
3,591,0.362000,0.068000,57.91354010,31.54894118,0.00000000,2.39154424,0.00000000,0.00000000,78.66539600,89.46248128,84.63531998,1492.48099468,27831.88363944,8455.98296570
3,592,0.198000,0.096000,31.67646668,47.91597941,0.00000000,0.00000000,0.00000000,0.00000000,69.77125556,79.59244609,75.15307442,1345.45471583,27780.70275510,7912.94957600
3,593,0.045000,0.164000,7.19919697,36.87801271,0.00000000,44.97845211,0.00000000,0.00000000,36.84682300,44.07720969,39.91750131,767.66957627,26802.57783117,9891.18697000
3,594,0.000000,0.248000,0.00000000,106.72863180,0.00000000,17.05431501,0.00000000,0.00000000,94.69756566,106.72863180,101.68074366,1745.79450000,27151.73673100,7912.94957600
3,595,0.000000,0.280000,0.00000000,107.32720193,0.00000000,32.42773802,0.00000000,0.00000000,94.69756566,107.32720193,101.68074366,1745.79450000,27151.73673080,9891.18697000
3,596,0.000000,0.272000,0.00000000,106.72863180,0.00000000,29.03330986,0.00000000,0.00000000,94.69756566,106.72863180,101.68074366,1745.79450000,27500.89563063,7912.94957600
3,597,0.000000,0.220000,0.00000000,106.75978252,0.00000000,3.04767029,0.00000000,0.00000000,94.69756566,106.75978252,101.68074366,1745.79450000,27831.88363944,8015.90079997
3,598,0.000000,0.156000,0.00000000,2.39428050,0.00000000,75.46918604,0.00000000,0.00000000,0.00000000,2.39428050,0.00000000,0.00000000,26435.24803928,7912.94957600
3,599,0.000000,0.102000,0.00000000,43.47863956,0.00000000,7.43208856,0.00000000,0.00000000,36.84682300,43.47863956,39.91750131,767.66957627,25806.28201538,7912.94957600
3,600,0.000000,0.058000,0.00000000,2.39428050,0.00000000,26.55495706,0.00000000,0.00000000,0.00000000,2.39428050,0.00000000,0.00000000,24409.64641522,7912.94957600
3,601,0.000000,0.040000,0.00000000,19.96499142,0.00000000,0.00000000,0.00000000,0.00000000,15.64805627,19.96499142,17.04128428,348.30700249,23361.31781754,7912.94957600
3,602,0.000000,0.042000,0.00000000,20.96324099,0.00000000,0.00000000,0.00000000,0.00000000,16.54513581,20.96324099,18.01167544,366.63490564,22331.31712302,7912.94957600
3,603,0.000000,0.064000,0.00000000,31.94398627,0.00000000,0.00000000,0.00000000,0.00000000,26.42117747,31.94398627,28.68822696,566.76237449,21501.44389734,7912.94957600
3,604,0.000000,0.093000,0.00000000,46.41860505,0.00000000,0.00000000,0.00000000,0.00000000,39.51769783,46.41860505,42.78336937,816.41788532,20921.22618249,7912.94957600
3,605,0.000000,0.118000,0.00000000,43.47863956,0.00000000,15.41808513,0.00000000,0.00000000,36.84682300,43.47863956,39.91750131,767.66957627,20292.26015860,7912.94957600
3,606,0.000000,0.157000,0.00000000,72.94337341,0.00000000,5.41921792,0.00000000,0.00000000,63.67817400,72.94337341,68.65710075,1244.73168631,20140.35624475,7912.94957600
3,607,0.086000,0.195000,13.75846533,92.97016647,0.00000000,4.35916670,0.00000000,0.00000000,94.69756566,106.72863180,101.68074366,1745.79450000,20489.51514458,7912.94957600
3,608,0.244000,0.255000,39.03564581,67.69298599,0.00000000,59.58383432,0.00000000,0.00000000,94.69756566,106.72863180,101.68074366,1745.79450000,20838.67404442,7912.94957600
3,609,0.389000,0.272000,62.23305828,44.49557352,0.00000000,91.26636814,0.00000000,0.00000000,94.69756566,106.72863180,101.68074366,1745.79450000,21187.83294425,7912.94957600
3,610,0.516000,0.231000,82.55079196,24.17783984,0.00000000,91.11998562,0.00000000,0.00000000,94.69756566,106.72863180,101.68074366,1745.79450000,21536.99184409,7912.94957600
3,611,0.591000,0.163000,94.54945358,12.17917822,0.00000000,69.17816182,0.00000000,0.00000000,94.69756566,106.72863180,101.68074366,1745.79450000,21886.15074393,7912.94957600
3,612,0.628000,0.116000,100.46879332,6.25983848,0.00000000,51.63863664,0.00000000,0.00000000,94.69756566,106.72863180,101.68074366,1745.79450000,22235.30964376,7912.94957600
3,613,0.608000,0.108000,97.26915022,9.45948158,0.00000000,44.44599525,0.00000000,0.00000000,94.69756566,106.72863180,101.68074366,1745.79450000,22584.46854360,7912.94957600
3,614,0.543000,0.134000,86.87031015,19.85832165,0.00000000,47.02439961,0.00000000,0.00000000,94.69756566,106.72863180,101.68074366,1745.79450000,22933.62744343,7912.94957600
3,615,0.423000,0.179000,67.67245155,39.05618025,0.00000000,50.28715636,0.00000000,0.00000000,94.69756566,106.72863180,101.68074366,1745.79450000,23282.78634327,7912.94957600
3,616,0.245000,0.242000,39.19562797,67.53300383,0.00000000,53.25519426,0.00000000,0.00000000,94.69756566,106.72863180,101.68074366,1745.79450000,23631.94524311,7912.94957600
3,617,0.083000,0.332000,13.27851886,93.45011294,0.00000000,72.25931585,0.00000000,0.00000000,94.69756566,106.72863180,101.68074366,1745.79450000,23981.10414294,7912.94957600
3,618,0.000000,0.409000,0.00000000,106.72863180,0.00000000,97.41340548,0.00000000,0.00000000,94.69756566,106.72863180,101.68074366,1745.79450000,24330.26304278,7912.94957600
3,619,0.000000,0.369000,0.00000000,106.72863180,0.00000000,77.44841406,0.00000000,0.00000000,94.69756566,106.72863180,101.68074366,1745.79450000,24679.42194261,7912.94957600
3,620,0.000000,0.276000,0.00000000,106.72863180,0.00000000,31.02980900,0.00000000,0.00000000,94.69756566,106.72863180,101.68074366,1745.79450000,25028.58084245,7912.94957600
3,621,0.000000,0.213000,0.00000000,106.31357932,0.00000000,0.00000000,0.00000000,0.00000000,94.31580913,106.31357932,101.27485963,1739.76262358,25371.70786587,7912.94957600
3,622,0.000000,0.181000,0.00000000,90.34158618,0.00000000,0.00000000,0.00000000,0.00000000,79.62510651,90.34158618,85.65568562,1507.64477744,25482.71704314,7912.94957600
3,623,0.000000,0.158000,0.00000000,78.86171611,0.00000000,0.00000000,0.00000000,0.00000000,69.10162864,78.86171611,74.43916992,1334.38532076,25420.46676374,7912.94957600
3,624,0.000000,0.143000,0.00000000,71.37484433,0.00000000,0.00000000,0.00000000,0.00000000,62.24669084,71.37484433,67.12630895,1219.90452649,25243.73569007,7912.94957600
3,625,0.000000,0.133000,0.00000000,57.67001469,0.00000000,8.71358179,0.00000000,0.00000000,49.73928100,57.67001469,53.75120360,1002.98064984,24850.08073974,7912.94957600
3,626,0.000000,0.158000,0.00000000,78.86171611,0.00000000,0.00000000,0.00000000,0.00000000,69.10162864,78.86171611,74.43916992,1334.38532076,24787.83046034,7912.94957600
3,627,0.000000,0.179000,0.00000000,89.29817159,0.00000000,0.04516502,0.00000000,0.00000000,78.66539600,89.29817159,84.63531998,1492.48099468,24883.67585485,7912.94957600
3,628,0.000000,0.188000,0.00000000,89.29817159,0.00000000,4.53728809,0.00000000,0.00000000,78.66539600,89.29817159,84.63531998,1492.48099468,24979.52124936,7912.94957600
3,629,0.000000,0.173000,0.00000000,86.34858790,0.00000000,0.00000000,0.00000000,0.00000000,75.96245415,86.34858790,81.75365215,1447.79950074,25030.68514994,7912.94957600
3,630,0.000000,0.140000,0.00000000,69.87746997,0.00000000,0.00000000,0.00000000,0.00000000,60.88014546,69.87746997,65.66495996,1196.20362547,24830.25317525,7912.94957600
3,631,0.084000,0.141000,2.39428050,0.00000000,11.04422052,70.37659476,0.00000000,0.00000000,0.00000000,2.39428050,0.00000000,0.00000000,23433.61757508,7912.94957600
3,632,0.278000,0.147000,44.47503908,62.25359272,0.00000000,11.11775075,0.00000000,0.00000000,94.69756566,106.72863180,101.68074366,1745.79450000,23782.77647492,7912.94957600
3,633,0.441000,0.105000,70.55213034,36.17650146,0.00000000,16.23160102,0.00000000,0.00000000,94.69756566,106.72863180,101.68074366,1745.79450000,24131.93537475,7912.94957600
3,634,0.551000,0.056000,88.15016739,18.57846441,0.00000000,9.37252357,0.00000000,0.00000000,94.69756566,106.72863180,101.68074366,1745.79450000,24481.09427459,7912.94957600
3,635,0.609000,0.023000,72.94337341,0.00000000,24.48575897,11.47987007,0.00000000,0.00000000,63.67817400,72.94337341,68.65710075,1244.73168631,24329.19036074,7912.94957600
3,636,0.624000,0.009000,99.82886470,4.49212307,0.00000000,0.00000000,0.00000000,0.00000000,92.48306543,104.32098777,99.32628415,1710.80468111,24643.35944169,7912.94957600
3,637,0.596000,0.009000,95.34936436,4.49212307,0.00000000,0.00000000,0.00000000,0.00000000,88.36291544,99.84148743,94.94573536,1645.70498056,24892.42882208,7912.94957600
3,638,0.520000,0.015000,83.19072058,7.48687178,0.00000000,0.00000000,0.00000000,0.00000000,79.93415791,90.67759237,85.98426947,1512.52788948,25008.32111140,7912.94957600
3,639,0.386000,0.033000,61.75311182,16.47111792,0.00000000,0.00000000,0.00000000,0.00000000,68.51744837,78.22422974,73.81636204,1324.72841780,24936.41392903,7912.94957600
3,640,0.217000,0.070000,2.39428050,0.00000000,32.32184713,34.93873499,0.00000000,0.00000000,0.00000000,2.39428050,0.00000000,0.00000000,23539.77832887,7912.94957600
3,641,0.077000,0.139000,12.31862593,69.37834519,0.00000000,0.00000000,0.00000000,0.00000000,71.69980188,81.69697112,77.20914155,1377.33491721,23520.47764591,7912.94957600
3,642,0.000000,0.262000,0.00000000,106.72863180,0.00000000,24.04206201,0.00000000,0.00000000,94.69756566,106.72863180,101.68074366,1745.79450000,23869.63654575,7912.94957600
3,643,0.000000,0.320000,0.00000000,106.72863180,0.00000000,52.99129957,0.00000000,0.00000000,94.69756566,106.72863180,101.68074366,1745.79450000,24218.79544559,7912.94957600
3,644,0.000000,0.306000,0.00000000,106.72863180,0.00000000,46.00355257,0.00000000,0.00000000,94.69756566,106.72863180,101.68074366,1745.79450000,24567.95434542,7912.94957600
3,645,0.000000,0.320000,0.00000000,106.72863180,0.00000000,52.99129957,0.00000000,0.00000000,94.69756566,106.72863180,101.68074366,1745.79450000,24917.11324526,7912.94957600
3,646,0.000000,0.379000,0.00000000,106.72863180,0.00000000,82.43966191,0.00000000,0.00000000,94.69756566,106.72863180,101.68074366,1745.79450000,25266.27214509,7912.94957600
3,647,0.000000,0.362000,0.00000000,106.72863180,0.00000000,73.95454056,0.00000000,0.00000000,94.69756566,106.72863180,101.68074366,1745.79450000,25615.43104493,7912.94957600
3,648,0.000000,0.313000,0.00000000,106.72863180,0.00000000,49.49742607,0.00000000,0.00000000,94.69756566,106.72863180,101.68074366,1745.79450000,25964.58994477,7912.94957600
3,649,0.000000,0.223000,0.00000000,106.72863180,0.00000000,4.57619537,0.00000000,0.00000000,94.69756566,106.72863180,101.68074366,1745.79450000,26313.74884460,7912.94957600
3,650,0.000000,0.191000,0.00000000,89.29817159,0.00000000,6.03466244,0.00000000,0.00000000,78.66539600,89.29817159,84.63531998,1492.48099468,26409.59423911,7912.94957600
3,651,0.000000,0.185000,0.00000000,89.29817159,0.00000000,3.03991373,0.00000000,0.00000000,78.66539600,89.29817159,84.63531998,1492.48099468,26505.43963362,7912.94957600
3,652,0.000000,0.218000,0.00000000,107.32720193,0.00000000,1.48200132,0.00000000,0.00000000,94.69756566,107.32720193,101.68074366,1745.79450000,26505.43963342,9891.18697000
3,653,0.000000,0.264000,0.00000000,89.29817159,0.00000000,42.47077179,0.00000000,0.00000000,78.66539600,89.29817159,84.63531998,1492.48099468,26601.28502793,7912.94957600
3,654,0.000000,0.274000,0.00000000,107.03248156,0.00000000,29.72770968,0.00000000,0.00000000,94.69756566,107.03248156,101.68074366,1745.79450000,26773.20179418,8917.15429889
3,655,0.074000,0.236000,11.83867947,95.48852246,0.00000000,22.30492692,0.00000000,0.00000000,94.69756566,107.32720193,101.68074366,1745.79450000,26773.20179397,9891.18697000
3,656,0.214000,0.312000,34.23618116,39.30576237,0.00000000,116.42117071,0.00000000,0.00000000,63.67817400,73.54194353,68.65710075,1244.73168631,26272.13898008,9891.18697000
3,657,0.351000,0.296000,0.00000000,89.89674172,56.15373639,57.84419480,0.00000000,0.00000000,78.66539600,89.89674172,84.63531998,1492.48099468,26018.82547455,9891.18697000
3,658,0.449000,0.234000,71.83198758,34.89664422,0.00000000,81.89855559,0.00000000,0.00000000,94.69756566,106.72863180,101.68074366,1745.79450000,26367.98437438,7912.94957600
3,659,0.530000,0.169000,84.79054213,22.53665979,0.00000000,61.81542896,0.00000000,0.00000000,94.69756566,107.32720193,101.68074366,1745.79450000,26367.98437418,9891.18697000
3,660,0.543000,0.110000,86.87031015,19.85832165,0.00000000,35.04540475,0.00000000,0.00000000,94.69756566,106.72863180,101.68074366,1745.79450000,26717.14327402,7912.94957600
3,661,0.477000,0.090000,76.31148792,30.41714388,0.00000000,14.50408681,0.00000000,0.00000000,94.69756566,106.72863180,101.68074366,1745.79450000,27066.30217385,7912.94957600
3,662,0.356000,0.107000,56.95364717,50.37355476,0.00000000,3.03279729,0.00000000,0.00000000,94.69756566,107.32720193,101.68074366,1745.79450000,27066.30217365,9891.18697000
3,663,0.224000,0.151000,35.83600271,71.49119921,0.00000000,3.87664340,0.00000000,0.00000000,94.69756566,107.32720193,101.68074366,1745.79450000,27066.30217344,9891.18697000
3,664,0.125000,0.213000,19.99776937,87.32943256,0.00000000,18.98414676,0.00000000,0.00000000,94.69756566,107.32720193,101.68074366,1745.79450000,27066.30217324,9891.18697000
3,665,0.035000,0.278000,5.59937542,101.12925638,0.00000000,37.62743400,0.00000000,0.00000000,94.69756566,106.72863180,101.68074366,1745.79450000,27415.46107307,7912.94957600
3,666,0.000000,0.317000,0.00000000,106.72863180,0.00000000,51.49392521,0.00000000,0.00000000,94.69756566,106.72863180,101.68074366,1745.79450000,27764.61997291,7912.94957600
3,667,0.000000,0.331000,0.00000000,107.32720193,0.00000000,57.88310208,0.00000000,0.00000000,94.69756566,107.32720193,101.68074366,1745.79450000,27764.61997270,9891.18697000
3,668,0.000000,0.311000,0.00000000,107.32720193,0.00000000,47.90060637,0.00000000,0.00000000,94.69756566,107.32720193,101.68074366,1745.79450000,27764.61997250,9891.18697000
3,669,0.000000,0.278000,0.00000000,107.32720193,0.00000000,31.42948845,0.00000000,0.00000000,94.69756566,107.32720193,101.68074366,1745.79450000,27764.61997229,9891.18697000
3,670,0.000000,0.257000,0.00000000,107.32720193,0.00000000,20.94786795,0.00000000,0.00000000,94.69756566,107.32720193,101.68074366,1745.79450000,27764.61997209,9891.18697000
3,671,0.000000,0.235000,0.00000000,107.32720193,0.00000000,9.96712267,0.00000000,0.00000000,94.69756566,107.32720193,101.68074366,1745.79450000,27764.61997188,9891.18697000
3,672,0.000000,0.205000,0.00000000,102.32058103,0.00000000,0.00000000,0.00000000,0.00000000,90.09258129,102.32058103,96.78471833,1673.03425972,27691.85973140,9891.18697000
3,673,0.000000,0.185000,0.00000000,92.33808532,0.00000000,0.00000000,0.00000000,0.00000000,81.46144434,92.33808532,87.60808237,1536.65950820,27831.88363944,7912.94957600
3,674,0.000000,0.107000,0.00000000,53.40635205,0.00000000,0.00000000,3.90989489,0.00000000,49.41789314,57.31624694,53.40635205,997.11472801,27432.36276728,7912.94957600
3,675,0.000000,0.020000,0.00000000,2.39428050,0.00000000,7.58821521,0.00000000,0.00000000,0.00000000,2.39428050,0.00000000,0.00000000,26035.72716712,7912.94957600
3,676,0.000000,0.002000,0.00000000,0.99824957,0.00000000,0.00000000,1.39603093,0.00000000,0.00000000,2.39428050,0.00000000,0.00000000,24639.09156695,7912.94957600
3,677,0.000000,0.003000,0.00000000,1.49737436,0.00000000,0.00000000,0.89690614,0.00000000,0.00000000,2.39428050,0.00000000,0.00000000,23242.45596679,7912.94957600
3,678,0.000000,0.007000,0.00000000,2.39428050,0.00000000,1.09959300,0.00000000,0.00000000,0.00000000,2.39428050,0.00000000,0.00000000,21845.82036663,7912.94957600
3,679,0.025000,0.007000,2.39428050,0.00000000,1.60527337,3.49387350,0.00000000,0.00000000,0.00000000,2.39428050,0.00000000,0.00000000,20449.18476646,7912.94957600
3,680,0.065000,0.009000,2.39428050,0.00000000,8.00455957,4.49212307,0.00000000,0.00000000,0.00000000,2.39428050,0.00000000,0.00000000,19052.54916630,7912.94957600
3,681,0.100000,0.025000,15.99821550,12.47811964,0.00000000,0.00000000,3.24999693,0.00000000,26.22444978,31.72633207,28.47633513,562.97133749,18218.88490363,7912.94957600
3,682,0.147000,0.042000,23.51737678,20.96324099,0.00000000,0.00000000,3.67911836,0.00000000,41.09946551,48.15973613,44.48061777,845.28806586,17667.53736932,7912.94957600
3,683,0.156000,0.047000,24.95721617,23.45886492,0.00000000,0.00000000,3.78087050,0.00000000,44.76716004,52.19695159,48.41608109,912.23026261,17183.13203176,7912.94957600
3,684,0.179000,0.041000,28.63680574,20.46411621,0.00000000,0.00000000,3.79857719,0.00000000,45.40540435,52.89949913,49.10092195,923.87939950,16710.37583110,7912.94957600
3,685,0.194000,0.028000,31.03653806,13.97549399,0.00000000,0.00000000,3.69285818,0.00000000,41.59472239,48.70489023,45.01203206,854.32741822,16168.06764916,7912.94957600
3,686,0.185000,0.023000,29.59669867,11.47987007,0.00000000,0.00000000,2.40207083,0.00000000,36.84682300,43.47863956,39.91750131,767.66957627,15539.10162526,7912.94957600
3,687,0.140000,0.021000,22.39750170,10.48162050,0.00000000,0.00000000,3.36973027,0.00000000,30.31214912,36.24885246,32.87912219,641.74326885,14784.20929394,7912.94957600
3,688,0.083000,0.027000,13.27851886,13.47636921,0.00000000,0.00000000,3.20256952,0.00000000,24.62781170,29.95745759,26.75488807,531.76909203,13919.34278581,7912.94957600
3,689,0.026000,0.043000,4.15953603,21.46236578,0.00000000,0.00000000,3.17004326,0.00000000,23.58042087,28.79194506,25.62190181,510.37023411,13033.07741976,7912.94957600
3,690,0.000000,0.067000,0.00000000,33.44136063,0.00000000,0.00000000,3.38502028,0.00000000,30.83415067,36.82638091,33.44136063,651.80248977,12288.24430937,7912.94957600
3,691,0.000000,0.041000,0.00000000,20.46411621,0.00000000,0.00000000,3.02197130,0.00000000,18.81229832,23.48608750,20.46411621,412.95447126,11304.56318046,7912.94957600
3,692,0.000000,0.003000,0.00000000,1.49737436,0.00000000,0.00000000,0.89690614,0.00000000,0.00000000,2.39428050,0.00000000,0.00000000,9907.92758030,7912.94957600
3,693,0.000000,0.000000,0.00000000,0.00000000,0.00000000,0.00000000,2.39428050,0.00000000,0.00000000,2.39428050,0.00000000,0.00000000,8511.29198014,7912.94957600
3,694,0.000000,0.001000,0.00000000,0.49912479,0.00000000,0.00000000,1.89515571,0.00000000,0.00000000,2.39428050,0.00000000,0.00000000,7114.65637997,7912.94957600
3,695,0.000000,0.005000,0.00000000,2.39428050,0.00000000,0.10134343,0.00000000,0.00000000,0.00000000,2.39428050,0.00000000,0.00000000,5718.02077981,7912.94957600
3,696,0.000000,0.018000,0.00000000,2.39428050,0.00000000,6.58996564,0.00000000,0.00000000,0.00000000,2.39428050,0.00000000,0.00000000,4321.38517964,7912.94957600
3,697,0.000000,0.026000,0.00000000,2.39428050,0.00000000,10.58296392,0.00000000,0.00000000,0.00000000,2.39428050,0.00000000,0.00000000,2924.74957948,7912.94957600
3,698,0.000000,0.035000,0.00000000,17.46936749,0.00000000,0.00000000,2.93599674,0.00000000,16.04379843,20.40536424,17.46936749,356.39226549,1884.50624481,7912.94957600
3,699,0.000000,0.096000,0.00000000,47.91597941,0.00000000,0.00000000,3.76794028,0.00000000,44.30108526,51.68391969,47.91597941,903.72353733,1391.59418197,7912.94957600
3,700,0.000000,0.172000,0.00000000,85.84946311,0.00000000,0.00000000,0.00000000,0.00000000,75.50506578,85.84946311,81.26602001,1440.23855541,1435.19713722,7912.94957600
3,701,0.000000,0.225000,0.00000000,106.72863180,0.00000000,5.57444494,0.00000000,0.00000000,94.69756566,106.72863180,101.68074366,1745.79450000,1784.35603706,7912.94957600
3,702,0.000000,0.201000,0.00000000,100.32408189,0.00000000,0.00000000,0.00000000,0.00000000,88.80679565,100.32408189,95.41766937,1652.71843128,2040.43886817,7912.94957600
3,703,0.022000,0.214000,3.51960741,103.20902439,0.00000000,3.60367971,0.00000000,0.00000000,94.69756566,106.72863180,101.68074366,1745.79450000,2389.59776801,7912.94957600
3,704,0.104000,0.297000,16.63814412,90.09048768,0.00000000,58.14957362,0.00000000,0.00000000,94.69756566,106.72863180,101.68074366,1745.79450000,2738.75666784,7912.94957600
3,705,0.220000,0.421000,35.19607409,71.53255771,0.00000000,138.59897700,0.00000000,0.00000000,94.69756566,106.72863180,101.68074366,1745.79450000,3087.91556768,7912.94957600
3,706,0.332000,0.547000,53.11407545,53.61455635,0.00000000,219.40670133,0.00000000,0.00000000,94.69756566,106.72863180,101.68074366,1745.79450000,3437.07446751,7912.94957600
3,707,0.430000,0.618000,68.79232664,37.93630517,0.00000000,270.52281229,0.00000000,0.00000000,94.69756566,106.72863180,101.68074366,1745.79450000,3786.23336735,7912.94957600
3,708,0.477000,0.618000,76.31148792,30.41714388,0.00000000,278.04197357,0.00000000,0.00000000,94.69756566,106.72863180,101.68074366,1745.79450000,4135.39226719,7912.94957600
3,709,0.465000,0.513000,74.39170206,32.33692974,0.00000000,223.71408523,0.00000000,0.00000000,94.69756566,106.72863180,101.68074366,1745.79450000,4484.55116702,7912.94957600
3,710,0.407000,0.337000,65.11273707,41.61589473,0.00000000,126.58915799,0.00000000,0.00000000,94.69756566,106.72863180,101.68074366,1745.79450000,4833.71006686,7912.94957600
3,711,0.317000,0.212000,50.71434312,56.01428868,0.00000000,49.80016585,0.00000000,0.00000000,94.69756566,106.72863180,101.68074366,1745.79450000,5182.86896669,7912.94957600
3,712,0.193000,0.177000,30.87655591,75.85207589,0.00000000,12.49301115,0.00000000,0.00000000,94.69756566,106.72863180,101.68074366,1745.79450000,5532.02786653,7912.94957600
3,713,0.067000,0.186000,10.71880438,92.83721011,0.00000000,0.00000000,0.00000000,0.00000000,91.77945913,103.55601449,98.57820903,1699.68747437,5835.07974074,7912.94957600
3,714,0.000000,0.227000,0.00000000,106.72863180,0.00000000,6.57269451,0.00000000,0.00000000,94.69756566,106.72863180,101.68074366,1745.79450000,6184.23864057,7912.94957600
3,715,0.000000,0.270000,0.00000000,106.72863180,0.00000000,28.03506029,0.00000000,0.00000000,94.69756566,106.72863180,101.68074366,1745.79450000,6533.39754041,7912.94957600
3,716,0.000000,0.262000,0.00000000,106.72863180,0.00000000,24.04206201,0.00000000,0.00000000,94.69756566,106.72863180,101.68074366,1745.79450000,6882.55644025,7912.94957600
3,717,0.000000,0.251000,0.00000000,106.72863180,0.00000000,18.55168937,0.00000000,0.00000000,94.69756566,106.72863180,101.68074366,1745.79450000,7231.71534008,7912.94957600
3,718,0.000000,0.233000,0.00000000,106.72863180,0.00000000,9.56744323,0.00000000,0.00000000,94.69756566,106.72863180,101.68074366,1745.79450000,7580.87423992,7912.94957600
3,719,0.000000,0.205000,0.00000000,102.32058103,0.00000000,0.00000000,0.00000000,0.00000000,90.64313348,102.32058103,97.37006613,1681.73316205,7865.97180180,7912.94957600
3,720,0.000000,0.180000,0.00000000,89.84246139,0.00000000,0.00000000,0.00000000,0.00000000,79.16602205,89.84246139,85.16758643,1500.39109474,7969.72729638,7912.94957600
3,721,0.000000,0.169000,0.00000000,84.35208875,0.00000000,0.00000000,0.00000000,0.00000000,74.13290068,84.35208875,79.80312356,1417.55571942,7990.64741563,7912.94957600
3,722,0.000000,0.161000,0.00000000,80.35909047,0.00000000,0.00000000,0.00000000,0.00000000,70.47379374,80.35909047,75.90206637,1357.06815676,7951.07997223,7912.94957600
3,723,0.000000,0.159000,0.00000000,79.36084090,0.00000000,0.00000000,0.00000000,0.00000000,69.55901701,79.36084090,74.92680207,1341.94626609,7896.39063816,7912.94957600
3,724,0.000000,0.158000,0.00000000,78.86171611,0.00000000,0.00000000,0.00000000,0.00000000,69.10162864,78.86171611,74.43916992,1334.38532076,7834.14035875,7912.94957600
3,725,0.000000,0.159000,0.00000000,79.36084090,0.00000000,0.00000000,0.00000000,0.00000000,69.55901701,79.36084090,74.92680207,1341.94626609,7779.45102468,7912.94957600
3,726,0.000000,0.164000,0.00000000,81.85646483,0.00000000,0.00000000,0.00000000,0.00000000,71.84595885,81.85646483,77.36496282,1379.75099276,7762.56641728,7912.94957600
3,727,0.095000,0.177000,15.19830472,88.34508704,0.00000000,0.00000000,0.00000000,0.00000000,91.76784901,103.54339176,98.56586513,1699.50403070,8065.43484781,7912.94957600
3,728,0.266000,0.256000,42.55525322,64.17337858,0.00000000,63.60256651,0.00000000,0.00000000,94.69756566,106.72863180,101.68074366,1745.79450000,8414.59374765,7912.94957600
3,729,0.423000,0.258000,67.67245155,39.05618025,0.00000000,89.71801441,0.00000000,0.00000000,94.69756566,106.72863180,101.68074366,1745.79450000,8763.75264749,7912.94957600
3,730,0.538000,0.233000,86.07039937,20.65823243,0.00000000,95.63784260,0.00000000,0.00000000,94.69756566,106.72863180,101.68074366,1745.79450000,9112.91154732,7912.94957600
3,731,0.602000,0.218000,96.30925729,10.41937451,0.00000000,98.38982873,0.00000000,0.00000000,94.69756566,106.72863180,101.68074366,1745.79450000,9462.07044716,7912.94957600
3,732,0.622000,0.217000,99.50890039,7.21973141,0.00000000,101.09034705,0.00000000,0.00000000,94.69756566,106.72863180,101.68074366,1745.79450000,9811.22934699,7912.94957600
3,733,0.592000,0.241000,94.70943574,12.15490584,0.00000000,108.13416747,0.00000000,0.00000000,94.69756566,106.86434158,101.68074366,1745.79450000,10081.22579794,8361.46203429
3,734,0.521000,0.286000,83.35070274,23.37792906,0.00000000,119.37175960,0.00000000,0.00000000,94.69756566,106.72863180,101.68074366,1745.79450000,10430.38469778,7912.94957600
3,735,0.407000,0.334000,65.11273707,41.61589473,0.00000000,125.09178363,0.00000000,0.00000000,94.69756566,106.72863180,101.68074366,1745.79450000,10779.54359761,7912.94957600
3,736,0.250000,0.374000,39.99553874,66.73309306,0.00000000,119.93957673,0.00000000,0.00000000,94.69756566,106.72863180,101.68074366,1745.79450000,11128.70249745,7912.94957600
3,737,0.079000,0.385000,12.63859024,94.09004156,0.00000000,98.07300087,0.00000000,0.00000000,94.69756566,106.72863180,101.68074366,1745.79450000,11477.86139729,7912.94957600
3,738,0.000000,0.356000,0.00000000,106.72863180,0.00000000,70.95979185,0.00000000,0.00000000,94.69756566,106.72863180,101.68074366,1745.79450000,11827.02029712,7912.94957600
3,739,0.000000,0.311000,0.00000000,106.72863180,0.00000000,48.49917650,0.00000000,0.00000000,94.69756566,106.72863180,101.68074366,1745.79450000,12176.17919696,7912.94957600
3,740,0.000000,0.269000,0.00000000,106.72863180,0.00000000,27.53593550,0.00000000,0.00000000,94.69756566,106.72863180,101.68074366,1745.79450000,12525.33809679,7912.94957600
3,741,0.000000,0.243000,0.00000000,106.72863180,0.00000000,14.55869108,0.00000000,0.00000000,94.69756566,106.72863180,101.68074366,1745.79450000,12874.49699663,7912.94957600
3,742,0.000000,0.227000,0.00000000,106.72863180,0.00000000,6.57269451,0.00000000,0.00000000,94.69756566,106.72863180,101.68074366,1745.79450000,13223.65589647,7912.94957600
3,743,0.000000,0.221000,0.00000000,106.72863180,0.00000000,3.57794580,0.00000000,0.00000000,94.69756566,106.72863180,101.68074366,1745.79450000,13572.81479630,7912.94957600
3,744,0.000000,0.213000,0.00000000,106.31357932,0.00000000,0.00000000,0.00000000,0.00000000,94.31580913,106.31357932,101.27485963,1739.76262358,13915.94181972,7912.94957600
4,1,0.000000,0.388000,0.00000000,106.72863180,0.00000000,86.93178498,0.00000000,0.00000000,94.69756566,106.72863180,101.68074366,1745.79450000,14265.10071956,7912.94957600
4,2,0.000000,0.370000,0.00000000,106.72863180,0.00000000,77.94753884,0.00000000,0.00000000,94.69756566,106.72863180,101.68074366,1745.79450000,14614.25961939,7912.94957600
4,3,0.000000,0.360000,0.00000000,2.39428050,0.00000000,177.29064229,0.00000000,0.00000000,0.00000000,2.39428050,0.00000000,0.00000000,13217.62401923,7912.94957600
4,4,0.000000,0.352000,0.00000000,106.72863180,0.00000000,68.96329270,0.00000000,0.00000000,94.69756566,106.72863180,101.68074366,1745.79450000,13566.78291906,7912.94957600
4,5,0.000000,0.342000,0.00000000,2.39428050,0.00000000,168.30639615,0.00000000,0.00000000,0.00000000,2.39428050,0.00000000,0.00000000,12170.14731890,7912.94957600
4,6,0.000000,0.374000,0.00000000,2.39428050,0.00000000,184.27838928,0.00000000,0.00000000,0.00000000,2.39428050,0.00000000,0.00000000,10773.51171874,7912.94957600
4,7,0.098000,0.355000,2.39428050,0.00000000,13.28397069,177.18929886,0.00000000,0.00000000,0.00000000,2.39428050,0.00000000,0.00000000,9376.87611857,7912.94957600
4,8,0.265000,0.558000,42.39527107,64.33336073,0.00000000,214.17826959,0.00000000,0.00000000,94.69756566,106.72863180,101.68074366,1745.79450000,9726.03501841,7912.94957600
4,9,0.422000,0.586000,67.51246940,39.21616241,0.00000000,253.27096191,0.00000000,0.00000000,94.69756566,106.72863180,101.68074366,1745.79450000,10075.19391824,7912.94957600
4,10,0.536000,0.504000,85.75043506,20.97819674,0.00000000,230.58069516,0.00000000,0.00000000,94.69756566,106.72863180,101.68074366,1745.79450000,10424.35281808,7912.94957600
4,11,0.597000,0.395000,95.50934651,11.21928529,0.00000000,185.93500499,0.00000000,0.00000000,94.69756566,106.72863180,101.68074366,1745.79450000,10773.51171792,7912.94957600
4,12,0.613000,0.303000,98.06906099,8.65957081,0.00000000,142.57523921,0.00000000,0.00000000,94.69756566,106.72863180,101.68074366,1745.79450000,11122.67061775,7912.94957600
4,13,0.591000,0.237000,72.94337341,0.00000000,21.60608018,118.29257417,0.00000000,0.00000000,63.67817400,72.94337341,68.65710075,1244.73168631,10970.76670390,7912.94957600
4,14,0.507000,0.196000,81.11095257,25.61767923,0.00000000,72.21077873,0.00000000,0.00000000,94.69756566,106.72863180,101.68074366,1745.79450000,11319.92560374,7912.94957600
4,15,0.386000,0.181000,2.39428050,0.00000000,59.35883132,90.34158618,0.00000000,0.00000000,0.00000000,2.39428050,0.00000000,0.00000000,9923.29000357,7912.94957600
4,16,0.237000,0.191000,37.91577073,68.81286107,0.00000000,26.51997296,0.00000000,0.00000000,94.69756566,106.72863180,101.68074366,1745.79450000,10272.44890341,7912.94957600
4,17,0.078000,0.222000,2.39428050,0.00000000,10.08432759,110.80570239,0.00000000,0.00000000,0.00000000,2.39428050,0.00000000,0.00000000,8875.81330324,7912.94957600
4,18,0.000000,0.285000,0.00000000,106.72863180,0.00000000,35.52193207,0.00000000,0.00000000,94.69756566,106.72863180,101.68074366,1745.79450000,9224.97220308,7912.94957600
4,19,0.000000,0.361000,0.00000000,106.72863180,0.00000000,73.45541577,0.00000000,0.00000000,94.69756566,106.72863180,101.68074366,1745.79450000,9574.13110292,7912.94957600
4,20,0.000000,0.407000,0.00000000,72.94337341,0.00000000,130.20041430,0.00000000,0.00000000,63.67817400,72.94337341,68.65710075,1244.73168631,9422.22718906,7912.94957600
4,21,0.000000,0.432000,0.00000000,89.29817159,0.00000000,126.32373575,0.00000000,0.00000000,78.66539600,89.29817159,84.63531998,1492.48099468,9518.07258357,7912.94957600
4,22,0.000000,0.410000,0.00000000,89.29817159,0.00000000,115.34299047,0.00000000,0.00000000,78.66539600,89.29817159,84.63531998,1492.48099468,9613.91797809,7912.94957600
4,23,0.000000,0.381000,0.00000000,106.72863180,0.00000000,83.43791148,0.00000000,0.00000000,94.69756566,106.72863180,101.68074366,1745.79450000,9963.07687792,7912.94957600
4,24,0.000000,0.350000,0.00000000,106.72863180,0.00000000,67.96504313,0.00000000,0.00000000,94.69756566,106.72863180,101.68074366,1745.79450000,10312.23577776,7912.94957600
4,25,0.000000,0.328000,0.00000000,106.72863180,0.00000000,56.98429785,0.00000000,0.00000000,94.69756566,106.72863180,101.68074366,1745.79450000,10661.39467759,7912.94957600
4,26,0.000000,0.323000,0.00000000,106.72863180,0.00000000,54.48867392,0.00000000,0.00000000,94.69756566,106.72863180,101.68074366,1745.79450000,11010.55357743,7912.94957600
4,27,0.000000,0.324000,0.00000000,89.29817159,0.00000000,72.41825892,0.00000000,0.00000000,78.66539600,89.29817159,84.63531998,1492.48099468,11106.39897194,7912.94957600
4,28,0.000000,0.331000,0.00000000,89.29817159,0.00000000,75.91213242,0.00000000,0.00000000,78.66539600,89.29817159,84.63531998,1492.48099468,11202.24436645,7912.94957600
4,29,0.000000,0.334000,0.00000000,106.72863180,0.00000000,59.97904656,0.00000000,0.00000000,94.69756566,106.72863180,101.68074366,1745.79450000,11551.40326629,7912.94957600
4,30,0.000000,0.328000,0.00000000,89.29817159,0.00000000,74.41475806,0.00000000,0.00000000,78.66539600,89.29817159,84.63531998,1492.48099468,11647.24866080,7912.94957600
4,31,0.112000,0.289000,17.91800136,71.38017023,0.00000000,72.86689278,0.00000000,0.00000000,78.66539600,89.29817159,84.63531998,1492.48099468,11743.09405531,7912.94957600
4,32,0.297000,0.450000,47.51470002,59.21393178,0.00000000,165.39222171,0.00000000,0.00000000,94.69756566,106.72863180,101.68074366,1745.79450000,12092.25295515,7912.94957600
4,33,0.452000,0.432000,72.31193404,16.98623755,0.00000000,198.63566980,0.00000000,0.00000000,78.66539600,89.29817159,84.63531998,1492.48099468,12188.09834966,7912.94957600
4,34,0.560000,0.370000,89.59000678,17.13862502,0.00000000,167.53754562,0.00000000,0.00000000,94.69756566,106.72863180,101.68074366,1745.79450000,12537.25724950,7912.94957600
4,35,0.623000,0.311000,89.29817159,0.00000000,10.37071095,155.22780830,0.00000000,0.00000000,78.66539600,89.29817159,84.63531998,1492.48099468,12633.10264401,7912.94957600
4,36,0.636000,0.268000,101.74865056,4.97998124,0.00000000,128.78546128,0.00000000,0.00000000,94.69756566,106.72863180,101.68074366,1745.79450000,12982.26154384,7912.94957600
4,37,0.608000,0.259000,89.29817159,0.00000000,7.97097863,129.27331945,0.00000000,0.00000000,78.66539600,89.29817159,84.63531998,1492.48099468,13078.10693835,7912.94957600
4,38,0.537000,0.270000,0.00000000,89.29817159,85.91041722,45.46552050,0.00000000,0.00000000,78.66539600,89.29817159,84.63531998,1492.48099468,13173.95233287,7912.94957600
4,39,0.413000,0.291000,66.07263000,23.22554159,0.00000000,122.01977100,0.00000000,0.00000000,78.66539600,89.29817159,84.63531998,1492.48099468,13269.79772738,7912.94957600
4,40,0.237000,0.332000,37.91577073,68.81286107,0.00000000,96.89656772,0.00000000,0.00000000,94.69756566,106.72863180,101.68074366,1745.79450000,13618.95662721,7912.94957600
4,41,0.079000,0.370000,12.63859024,94.09004156,0.00000000,90.58612908,0.00000000,0.00000000,94.69756566,106.72863180,101.68074366,1745.79450000,13968.11552705,7912.94957600
4,42,0.000000,0.411000,0.00000000,89.29817159,0.00000000,115.84211526,0.00000000,0.00000000,78.66539600,89.29817159,84.63531998,1492.48099468,14063.96092156,7912.94957600
4,43,0.000000,0.462000,0.00000000,89.29817159,0.00000000,141.29747932,0.00000000,0.00000000,78.66539600,89.29817159,84.63531998,1492.48099468,14159.80631607,7912.94957600
4,44,0.000000,0.459000,0.00000000,89.29817159,0.00000000,139.80010496,0.00000000,0.00000000,78.66539600,89.29817159,84.63531998,1492.48099468,14255.65171058,7912.94957600
4,45,0.000000,0.407000,0.00000000,106.72863180,0.00000000,96.41515591,0.00000000,0.00000000,94.69756566,106.72863180,101.68074366,1745.79450000,14604.81061042,7912.94957600
4,46,0.000000,0.355000,0.00000000,89.29817159,0.00000000,87.89112727,0.00000000,0.00000000,78.66539600,89.29817159,84.63531998,1492.48099468,14700.65600493,7912.94957600
4,47,0.000000,0.301000,0.00000000,72.94337341,0.00000000,77.29318703,0.00000000,0.00000000,63.67817400,72.94337341,68.65710075,1244.73168631,14548.75209108,7912.94957600
4,48,0.000000,0.248000,0.00000000,89.29817159,0.00000000,34.48477522,0.00000000,0.00000000,78.66539600,89.29817159,84.63531998,1492.48099468,14644.59748559,7912.94957600
4,49,0.000000,0.220000,0.00000000,72.94337341,0.00000000,36.86407941,0.00000000,0.00000000,63.67817400,72.94337341,68.65710075,1244.73168631,14492.69357174,7912.94957600
4,50,0.000000,0.225000,0.00000000,106.72863180,0.00000000,5.57444494,0.00000000,0.00000000,94.69756566,106.72863180,101.68074366,1745.79450000,14841.85247157,7912.94957600
4,51,0.000000,0.253000,0.00000000,89.29817159,0.00000000,36.98039915,0.00000000,0.00000000,78.66539600,89.29817159,84.63531998,1492.48099468,14937.69786609,7912.94957600
4,52,0.000000,0.291000,0.00000000,72.94337341,0.00000000,72.30193918,0.00000000,0.00000000,63.67817400,72.94337341,68.65710075,1244.73168631,14785.79395223,7912.94957600
4,53,0.000000,0.300000,0.00000000,89.29817159,0.00000000,60.43926407,0.00000000,0.00000000,78.66539600,89.29817159,84.63531998,1492.48099468,14881.63934674,7912.94957600
4,54,0.000000,0.282000,0.00000000,106.72863180,0.00000000,34.02455772,0.00000000,0.00000000,94.69756566,106.72863180,101.68074366,1745.79450000,15230.79824658,7912.94957600
4,55,0.087000,0.207000,13.91844748,92.81018432,0.00000000,10.50864628,0.00000000,0.00000000,94.69756566,106.72863180,101.68074366,1745.79450000,15579.95714642,7912.94957600
4,56,0.247000,0.374000,39.51559228,67.21303952,0.00000000,119.45963026,0.00000000,0.00000000,94.69756566,106.72863180,101.68074366,1745.79450000,15929.11604625,7912.94957600
4,57,0.401000,0.505000,64.15284414,42.57578766,0.00000000,209.48222903,0.00000000,0.00000000,94.69756566,106.72863180,101.68074366,1745.79450000,16278.27494609,7912.94957600
4,58,0.515000,0.489000,43.47863956,0.00000000,38.91217025,244.07202012,0.00000000,0.00000000,36.84682300,43.47863956,39.91750131,767.66957627,15649.30892219,7912.94957600
4,59,0.572000,0.436000,89.29817159,0.00000000,2.21162105,217.61840649,0.00000000,0.00000000,78.66539600,89.29817159,84.63531998,1492.48099468,15745.15431671,7912.94957600
4,60,0.573000,0.401000,89.29817159,0.00000000,2.37160320,200.14903899,0.00000000,0.00000000,78.66539600,89.29817159,84.63531998,1492.48099468,15840.99971122,7912.94957600
4,61,0.533000,0.395000,85.27048860,21.45814320,0.00000000,175.69614708,0.00000000,0.00000000,94.69756566,106.72863180,101.68074366,1745.79450000,16190.15861105,7912.94957600
4,62,0.466000,0.418000,74.55168421,32.17694759,0.00000000,176.45721276,0.00000000,0.00000000,94.69756566,106.72863180,101.68074366,1745.79450000,16539.31751089,7912.94957600
4,63,0.342000,0.450000,54.71389700,52.01473480,0.00000000,172.59141868,0.00000000,0.00000000,94.69756566,106.72863180,101.68074366,1745.79450000,16888.47641072,7912.94957600
4,64,0.198000,0.468000,31.67646668,57.62170491,0.00000000,175.96869472,0.00000000,0.00000000,78.66539600,89.29817159,84.63531998,1492.48099468,16984.32180524,7912.94957600
4,65,0.058000,0.434000,9.27896499,80.01920660,0.00000000,136.60095031,0.00000000,0.00000000,78.66539600,89.29817159,84.63531998,1492.48099468,17080.16719975,7912.94957600
4,66,0.000000,0.416000,0.00000000,89.29817159,0.00000000,118.33773919,0.00000000,0.00000000,78.66539600,89.29817159,84.63531998,1492.48099468,17176.01259426,7912.94957600
4,67,0.000000,0.414000,0.00000000,106.72863180,0.00000000,99.90902941,0.00000000,0.00000000,94.69756566,106.72863180,101.68074366,1745.79450000,17525.17149410,7912.94957600
4,68,0.000000,0.421000,0.00000000,106.72863180,0.00000000,103.40290290,0.00000000,0.00000000,94.69756566,106.72863180,101.68074366,1745.79450000,17874.33039393,7912.94957600
4,69,0.000000,0.491000,0.00000000,89.29817159,0.00000000,155.77209810,0.00000000,0.00000000,78.66539600,89.29817159,84.63531998,1492.48099468,17970.17578844,7912.94957600
4,70,0.000000,0.514000,0.00000000,106.72863180,0.00000000,149.82150796,0.00000000,0.00000000,94.69756566,106.72863180,101.68074366,1745.79450000,18319.33468828,7912.94957600
4,71,0.000000,0.521000,0.00000000,106.72863180,0.00000000,153.31538146,0.00000000,0.00000000,94.69756566,106.72863180,101.68074366,1745.79450000,18668.49358811,7912.94957600
4,72,0.000000,0.510000,0.00000000,72.94337341,0.00000000,181.61026721,0.00000000,0.00000000,63.67817400,72.94337341,68.65710075,1244.73168631,18516.58967426,7912.94957600
4,73,0.000000,0.488000,0.00000000,106.72863180,0.00000000,136.84426353,0.00000000,0.00000000,94.69756566,106.72863180,101.68074366,1745.79450000,18865.74857410,7912.94957600
4,74,0.000000,0.459000,0.00000000,106.72863180,0.00000000,122.36964475,0.00000000,0.00000000,94.69756566,106.72863180,101.68074366,1745.79450000,19214.90747393,7912.94957600
4,75,0.000000,0.430000,0.00000000,106.72863180,0.00000000,107.89502597,0.00000000,0.00000000,94.69756566,106.72863180,101.68074366,1745.79450000,19564.06637377,7912.94957600
4,76,0.000000,0.402000,0.00000000,106.72863180,0.00000000,93.91953198,0.00000000,0.00000000,94.69756566,106.72863180,101.68074366,1745.79450000,19913.22527361,7912.94957600
4,77,0.000000,0.368000,0.00000000,72.94337341,0.00000000,110.73454766,0.00000000,0.00000000,63.67817400,72.94337341,68.65710075,1244.73168631,19761.32135975,7912.94957600
4,78,0.000000,0.325000,0.00000000,106.72863180,0.00000000,55.48692349,0.00000000,0.00000000,94.69756566,106.72863180,101.68074366,1745.79450000,20110.48025959,7912.94957600
4,79,0.061000,0.236000,9.75891145,96.96972035,0.00000000,20.82372904,0.00000000,0.00000000,94.69756566,106.72863180,101.68074366,1745.79450000,20459.63915943,7912.94957600
4,80,0.172000,0.433000,27.51693065,79.21170115,0.00000000,136.90933098,0.00000000,0.00000000,94.69756566,106.72863180,101.68074366,1745.79450000,20808.79805926,7912.94957600
4,81,0.262000,0.683000,41.91532460,64.81330720,0.00000000,276.08892131,0.00000000,0.00000000,94.69756566,106.72863180,101.68074366,1745.79450000,21157.95695910,7912.94957600
4,82,0.314000,0.720000,50.23439666,56.49423514,0.00000000,302.87561043,0.00000000,0.00000000,94.69756566,106.72863180,101.68074366,1745.79450000,21507.11585893,7912.94957600
4,83,0.334000,0.669000,2.39428050,0.00000000,51.03975926,333.91448151,0.00000000,0.00000000,0.00000000,2.39428050,0.00000000,0.00000000,20110.48025877,7912.94957600
4,84,0.328000,0.613000,52.47414683,54.25448497,0.00000000,251.70900855,0.00000000,0.00000000,94.69756566,106.72863180,101.68074366,1745.79450000,20459.63915861,7912.94957600
4,85,0.313000,0.592000,50.07441450,56.65421730,0.00000000,238.82765573,0.00000000,0.00000000,94.69756566,106.72863180,101.68074366,1745.79450000,20808.79805844,7912.94957600
4,86,0.267000,0.593000,42.71523538,64.01339642,0.00000000,231.96760139,0.00000000,0.00000000,94.69756566,106.72863180,101.68074366,1745.79450000,21157.95695828,7912.94957600
4,87,0.200000,0.604000,31.99643099,74.73220081,0.00000000,226.73916965,0.00000000,0.00000000,94.69756566,106.72863180,101.68074366,1745.79450000,21507.11585811,7912.94957600
4,88,0.114000,0.605000,18.23796567,88.49066613,0.00000000,213.47982911,0.00000000,0.00000000,94.69756566,106.72863180,101.68074366,1745.79450000,21856.27475795,7912.94957600
4,89,0.033000,0.568000,5.27941111,101.44922069,0.00000000,182.05365749,0.00000000,0.00000000,94.69756566,106.72863180,101.68074366,1745.79450000,22205.43365779,7912.94957600
4,90,0.000000,0.579000,0.00000000,106.72863180,0.00000000,182.26461902,0.00000000,0.00000000,94.69756566,106.72863180,101.68074366,1745.79450000,22554.59255762,7912.94957600
4,91,0.000000,0.605000,0.00000000,106.72863180,0.00000000,195.24186344,0.00000000,0.00000000,94.69756566,106.72863180,101.68074366,1745.79450000,22903.75145746,7912.94957600
4,92,0.000000,0.642000,0.00000000,72.94337341,0.00000000,247.49473890,0.00000000,0.00000000,63.67817400,72.94337341,68.65710075,1244.73168631,22751.84754360,7912.94957600
4,93,0.000000,0.650000,0.00000000,89.29817159,0.00000000,235.13293900,0.00000000,0.00000000,78.66539600,89.29817159,84.63531998,1492.48099468,22847.69293812,7912.94957600
4,94,0.000000,0.635000,0.00000000,106.72863180,0.00000000,210.21560701,0.00000000,0.00000000,94.69756566,106.72863180,101.68074366,1745.79450000,23196.85183795,7912.94957600
4,95,0.000000,0.615000,0.00000000,89.29817159,0.00000000,217.66357151,0.00000000,0.00000000,78.66539600,89.29817159,84.63531998,1492.48099468,23292.69723246,7912.94957600
4,96,0.000000,0.583000,0.00000000,72.94337341,0.00000000,218.04637655,0.00000000,0.00000000,63.67817400,72.94337341,68.65710075,1244.73168631,23140.79331861,7912.94957600
4,97,0.000000,0.529000,0.00000000,89.29817159,0.00000000,174.73883995,0.00000000,0.00000000,78.66539600,89.29817159,84.63531998,1492.48099468,23236.63871312,7912.94957600
4,98,0.000000,0.477000,0.00000000,106.72863180,0.00000000,131.35389089,0.00000000,0.00000000,94.69756566,106.72863180,101.68074366,1745.79450000,23585.79761296,7912.94957600
4,99,0.000000,0.467000,0.00000000,106.72863180,0.00000000,126.36264304,0.00000000,0.00000000,94.69756566,106.72863180,101.68074366,1745.79450000,23934.95651279,7912.94957600
4,100,0.000000,0.468000,0.00000000,106.72863180,0.00000000,126.86176782,0.00000000,0.00000000,94.69756566,106.72863180,101.68074366,1745.79450000,24284.11541263,7912.94957600
4,101,0.000000,0.476000,0.00000000,72.94337341,0.00000000,164.64002450,0.00000000,0.00000000,63.67817400,72.94337341,68.65710075,1244.73168631,24132.21149878,7912.94957600
4,102,0.000000,0.483000,0.00000000,89.29817159,0.00000000,151.77909982,0.00000000,0.00000000,78.66539600,89.29817159,84.63531998,1492.48099468,24228.05689329,7912.94957600
4,103,0.105000,0.504000,16.79812627,89.93050553,0.00000000,161.62838637,0.00000000,0.00000000,94.69756566,106.72863180,101.68074366,1745.79450000,24577.21579313,7912.94957600
4,104,0.285000,0.786000,45.59491417,61.13371764,0.00000000,331.17836378,0.00000000,0.00000000,94.69756566,106.72863180,101.68074366,1745.79450000,24926.37469296,7912.94957600
4,105,0.444000,0.806000,71.03207680,35.69655500,0.00000000,366.59802213,0.00000000,0.00000000,94.69756566,106.72863180,101.68074366,1745.79450000,25275.53359280,7912.94957600
4,106,0.559000,0.734000,89.43002463,17.29860717,0.00000000,349.05898540,0.00000000,0.00000000,94.69756566,106.72863180,101.68074366,1745.79450000,25624.69249263,7912.94957600
4,107,0.624000,0.613000,99.82886470,6.89976710,0.00000000,299.06372642,0.00000000,0.00000000,94.69756566,106.72863180,101.68074366,1745.79450000,25973.85139247,7912.94957600
4,108,0.644000,0.492000,57.67001469,0.00000000,45.35849311,245.56939448,0.00000000,0.00000000,49.73928100,57.67001469,53.75120360,1002.98064984,25580.19644214,7912.94957600
4,109,0.618000,0.398000,98.86897177,7.85966003,0.00000000,190.79200461,0.00000000,0.00000000,94.69756566,106.72863180,101.68074366,1745.79450000,25929.35534198,7912.94957600
4,110,0.549000,0.327000,87.83020308,18.89842872,0.00000000,144.31537614,0.00000000,0.00000000,94.69756566,106.72863180,101.68074366,1745.79450000,26278.51424181,7912.94957600
4,111,0.435000,0.291000,69.59223741,3.35113600,0.00000000,141.89417659,0.00000000,0.00000000,63.67817400,72.94337341,68.65710075,1244.73168631,26126.61032796,7912.94957600
4,112,0.277000,0.286000,44.31505693,28.62831648,0.00000000,114.12137218,0.00000000,0.00000000,63.67817400,72.94337341,68.65710075,1244.73168631,25974.70641411,7912.94957600
4,113,0.096000,0.308000,15.35828688,91.37034492,0.00000000,62.36008902,0.00000000,0.00000000,94.69756566,106.72863180,101.68074366,1745.79450000,26323.86531394,7912.94957600
4,114,0.000000,0.410000,0.00000000,106.72863180,0.00000000,97.91253026,0.00000000,0.00000000,94.69756566,106.72863180,101.68074366,1745.79450000,26673.02421378,7912.94957600
4,115,0.000000,0.521000,0.00000000,89.29817159,0.00000000,170.74584167,0.00000000,0.00000000,78.66539600,89.29817159,84.63531998,1492.48099468,26768.86960829,7912.94957600
4,116,0.000000,0.549000,0.00000000,106.72863180,0.00000000,167.29087545,0.00000000,0.00000000,94.69756566,106.72863180,101.68074366,1745.79450000,27118.02850813,7912.94957600
4,117,0.000000,0.519000,0.00000000,106.72863180,0.00000000,152.31713189,0.00000000,0.00000000,94.69756566,106.72863180,101.68074366,1745.79450000,27467.18740796,7912.94957600
4,118,0.000000,0.474000,0.00000000,72.94337341,0.00000000,163.64177493,0.00000000,0.00000000,63.67817400,72.94337341,68.65710075,1244.73168631,27315.28349411,7912.94957600
4,119,0.000000,0.433000,0.00000000,106.72863180,0.00000000,109.39240033,0.00000000,0.00000000,94.69756566,106.72863180,101.68074366,1745.79450000,27664.44239395,7912.94957600
4,120,0.000000,0.400000,0.00000000,73.54194353,0.00000000,126.10797067,0.00000000,0.00000000,63.67817400,73.54194353,68.65710075,1244.73168631,27163.37958005,9891.18697000
4,121,0.000000,0.374000,0.00000000,89.29817159,0.00000000,97.37449819,0.00000000,0.00000000,78.66539600,89.29817159,84.63531998,1492.48099468,27259.22497457,7912.94957600
4,122,0.000000,0.367000,0.00000000,106.72863180,0.00000000,76.45016449,0.00000000,0.00000000,94.69756566,106.72863180,101.68074366,1745.79450000,27608.38387440,7912.94957600
4,123,0.000000,0.364000,0.00000000,107.28220997,0.00000000,74.39921196,0.00000000,0.00000000,94.69756566,107.28220997,101.68074366,1745.79450000,27634.62865407,9742.49133331
4,124,0.000000,0.355000,0.00000000,107.32720193,0.00000000,69.86209693,0.00000000,0.00000000,94.69756566,107.32720193,101.68074366,1745.79450000,27634.62865387,9891.18697000
4,125,0.000000,0.342000,0.00000000,107.32720193,0.00000000,63.37347472,0.00000000,0.00000000,94.69756566,107.32720193,101.68074366,1745.79450000,27634.62865366,9891.18697000
4,126,0.000000,0.317000,0.00000000,72.94337341,0.00000000,85.27918360,0.00000000,0.00000000,63.67817400,72.94337341,68.65710075,1244.73168631,27482.72473981,7912.94957600
4,127,0.111000,0.282000,17.75801920,89.56918272,0.00000000,51.18400679,0.00000000,0.00000000,94.69756566,107.32720193,101.68074366,1745.79450000,27482.72473960,9891.18697000
4,128,0.298000,0.447000,47.67468218,59.05394962,0.00000000,164.05482951,0.00000000,0.00000000,94.69756566,106.72863180,101.68074366,1745.79450000,27831.88363944,7912.94957600
4,129,0.454000,0.409000,72.63189835,34.69530357,0.00000000,169.44673371,0.00000000,0.00000000,94.69756566,107.32720193,101.68074366,1745.79450000,27831.88363923,9891.18697000
4,130,0.563000,0.299000,90.06995325,17.25724868,0.00000000,131.98106219,0.00000000,0.00000000,94.69756566,107.32720193,101.68074366,1745.79450000,27831.88363903,9891.18697000
4,131,0.625000,0.206000,99.98884685,7.33835507,0.00000000,95.48135075,0.00000000,0.00000000,94.69756566,107.32720193,101.68074366,1745.79450000,27831.88363882,9891.18697000
4,132,0.642000,0.144000,102.70854349,4.61865844,0.00000000,67.25531068,0.00000000,0.00000000,94.69756566,107.32720192,101.68074366,1745.79450000,27831.88363944,9891.18696535
4,133,0.615000,0.114000,72.94337341,0.00000000,25.44565190,56.90022555,0.00000000,0.00000000,63.67817400,72.94337341,68.65710075,1244.73168631,27679.97972559,7912.94957600
4,134,0.543000,0.112000,86.87031015,20.19647984,0.00000000,35.70549613,0.00000000,0.00000000,94.69756566,107.06678999,101.68074366,1745.79450000,27831.88363944,9030.54156457
4,135,0.428000,0.138000,68.47236233,38.85483960,0.00000000,30.02438080,0.00000000,0.00000000,94.69756566,107.32720193,101.68074366,1745.79450000,27831.88363923,9891.18697000
4,136,0.264000,0.196000,42.23528891,31.30665462,0.00000000,66.52180334,0.00000000,0.00000000,63.67817400,73.54194353,68.65710075,1244.73168631,27330.82082534,9891.18697000
4,137,0.082000,0.309000,13.11853671,93.61009509,0.00000000,60.61946363,0.00000000,0.00000000,94.69756566,106.72863180,101.68074366,1745.79450000,27679.97972518,7912.94957600
4,138,0.000000,0.449000,0.00000000,73.54194353,0.00000000,150.56508517,0.00000000,0.00000000,63.67817400,73.54194353,68.65710075,1244.73168631,27178.91691128,9891.18697000
4,139,0.000000,0.505000,0.00000000,106.97068774,0.00000000,145.08732895,0.00000000,0.00000000,94.69756566,106.97068774,101.68074366,1745.79450000,27386.87934571,8712.92955001
4,140,0.000000,0.514000,0.00000000,107.32720193,0.00000000,149.22293783,0.00000000,0.00000000,94.69756566,107.32720193,101.68074366,1745.79450000,27386.87934550,9891.18697000
4,141,0.000000,0.502000,0.00000000,107.32720193,0.00000000,143.23344041,0.00000000,0.00000000,94.69756566,107.32720193,101.68074366,1745.79450000,27386.87934530,9891.18697000
4,142,0.000000,0.476000,0.00000000,89.29817159,0.00000000,148.28522632,0.00000000,0.00000000,78.66539600,89.29817159,84.63531998,1492.48099468,27482.72473981,7912.94957600
4,143,0.000000,0.438000,0.00000000,106.72863180,0.00000000,111.88802426,0.00000000,0.00000000,94.69756566,106.72863180,101.68074366,1745.79450000,27831.88363964,7912.94957600
4,144,0.000000,0.423000,0.00000000,107.32720193,0.00000000,103.80258235,0.00000000,0.00000000,94.69756566,107.32720193,101.68074366,1745.79450000,27831.88363944,9891.18697000
4,145,0.000000,0.410000,0.00000000,107.32720193,0.00000000,97.31396014,0.00000000,0.00000000,94.69756566,107.32720193,101.68074366,1745.79450000,27831.88363923,9891.18697000
4,146,0.000000,0.405000,0.00000000,2.95541700,0.00000000,199.19012114,0.00000000,0.00000000,0.00000000,2.95541700,0.00000000,0.00000000,26107.92498262,9767.47114229
4,147,0.000000,0.379000,0.00000000,89.29817159,0.00000000,99.87012212,0.00000000,0.00000000,78.66539600,89.29817159,84.63531998,1492.48099468,26203.77037713,7912.94957600
4,148,0.000000,0.373000,0.00000000,89.29817159,0.00000000,96.87537341,0.00000000,0.00000000,78.66539600,89.29817159,84.63531998,1492.48099468,26299.61577164,7912.94957600
4,149,0.000000,0.372000,0.00000000,106.72863180,0.00000000,78.94578841,0.00000000,0.00000000,94.69756566,106.72863180,101.68074366,1745.79450000,26648.77467148,7912.94957600
4,150,0.000000,0.364000,0.00000000,89.29817159,0.00000000,92.38325034,0.00000000,0.00000000,78.66539600,89.29817159,84.63531998,1492.48099468,26744.62006599,7912.94957600
4,151,0.103000,0.428000,16.47816196,90.25046984,0.00000000,123.37493836,0.00000000,0.00000000,94.69756566,106.72863180,101.68074366,1745.79450000,27093.77896583,7912.94957600
4,152,0.270000,0.669000,43.19518184,63.53344996,0.00000000,270.38103155,0.00000000,0.00000000,94.69756566,106.72863180,101.68074366,1745.79450000,27442.93786566,7912.94957600
4,153,0.416000,0.674000,66.55257647,40.77462546,0.00000000,295.63547998,0.00000000,0.00000000,94.69756566,107.32720193,101.68074366,1745.79450000,27442.93786546,9891.18697000
4,154,0.487000,0.620000,77.91130947,29.41589246,0.00000000,280.04147457,0.00000000,0.00000000,94.69756566,107.32720193,101.68074366,1745.79450000,27442.93786525,9891.18697000
4,155,0.512000,0.610000,81.91086334,25.41633858,0.00000000,279.04978059,0.00000000,0.00000000,94.69756566,107.32720193,101.68074366,1745.79450000,27442.93786505,9891.18697000
4,156,0.518000,0.634000,82.87075627,24.45644565,0.00000000,291.98866837,0.00000000,0.00000000,94.69756566,107.32720193,101.68074366,1745.79450000,27442.93786484,9891.18697000
4,157,0.484000,0.676000,77.43136300,29.29726880,0.00000000,308.11108622,0.00000000,0.00000000,94.69756566,106.72863180,101.68074366,1745.79450000,27792.09676468,7912.94957600
4,158,0.423000,0.711000,67.67245155,39.65475038,0.00000000,315.22297213,0.00000000,0.00000000,94.69756566,107.32720193,101.68074366,1745.79450000,27792.09676447,9891.18697000
4,159,0.343000,0.729000,0.00000000,73.54194353,54.87387915,290.32002511,0.00000000,0.00000000,63.67817400,73.54194353,68.65710075,1244.73168631,27291.03395058,9891.18697000
4,160,0.228000,0.700000,36.47593133,70.25270047,0.00000000,279.13464940,0.00000000,0.00000000,94.69756566,106.72863180,101.68074366,1745.79450000,27640.19285042,7912.94957600
4,161,0.085000,0.619000,13.59848317,75.69968842,0.00000000,233.25855382,0.00000000,0.00000000,78.66539600,89.29817159,84.63531998,1492.48099468,27736.03824493,7912.94957600
4,162,0.000000,0.601000,0.00000000,89.29817159,0.00000000,210.67582451,0.00000000,0.00000000,78.66539600,89.29817159,84.63531998,1492.48099468,27831.88363944,7912.94957600
4,163,0.000000,0.590000,0.00000000,107.32720193,0.00000000,187.15642153,0.00000000,0.00000000,94.69756566,107.32720193,101.68074366,1745.79450000,27831.88363923,9891.18697000
4,164,0.000000,0.513000,0.00000000,89.89674172,0.00000000,166.15427326,0.00000000,0.00000000,78.66539600,89.89674172,84.63531998,1492.48099468,27578.57013371,9891.18697000
4,165,0.000000,0.449000,0.00000000,107.32720193,0.00000000,116.77982677,0.00000000,0.00000000,94.69756566,107.32720193,101.68074366,1745.79450000,27578.57013350,9891.18697000
4,166,0.000000,0.394000,0.00000000,100.13352505,0.00000000,96.52164044,0.00000000,0.00000000,88.63152549,100.13352505,95.23132191,1649.94910610,27831.88363944,7912.94957600
4,167,0.000000,0.358000,0.00000000,89.89674172,0.00000000,88.78993150,0.00000000,0.00000000,78.66539600,89.89674172,84.63531998,1492.48099468,27578.57013391,9891.18697000
4,168,0.000000,0.337000,0.00000000,89.35684022,0.00000000,78.84821251,0.00000000,0.00000000,78.66539600,89.35684022,84.63531998,1492.48099468,27640.19285083,8106.84576634
4,169,0.000000,0.358000,0.00000000,89.89674172,0.00000000,88.78993150,0.00000000,0.00000000,78.66539600,89.89674172,84.63531998,1492.48099468,27386.87934530,9891.18697000
4,170,0.000000,0.352000,0.00000000,89.89674172,0.00000000,85.79518279,0.00000000,0.00000000,78.66539600,89.89674172,84.63531998,1492.48099468,27133.56583977,9891.18697000
4,171,0.000000,0.337000,0.00000000,106.72863180,0.00000000,61.47642092,0.00000000,0.00000000,94.69756566,106.72863180,101.68074366,1745.79450000,27482.72473960,7912.94957600
4,172,0.000000,0.334000,0.00000000,106.72863180,0.00000000,59.97904656,0.00000000,0.00000000,94.69756566,106.72863180,101.68074366,1745.79450000,27831.88363944,7912.94957600
4,173,0.000000,0.361000,0.00000000,89.89674172,0.00000000,90.28730586,0.00000000,0.00000000,78.66539600,89.89674172,84.63531998,1492.48099468,27578.57013391,9891.18697000
4,174,0.000000,0.414000,0.00000000,89.29817159,0.00000000,117.33948962,0.00000000,0.00000000,78.66539600,89.29817159,84.63531998,1492.48099468,27674.41552842,7912.94957600
4,175,0.081000,0.390000,12.95855455,94.09869662,0.00000000,100.55996973,0.00000000,0.00000000,94.69756566,107.05725118,101.68074366,1745.79450000,27831.88363944,8999.01636817
4,176,0.254000,0.447000,40.63546736,66.69173456,0.00000000,156.41704456,0.00000000,0.00000000,94.69756566,107.32720193,101.68074366,1745.79450000,27831.88363923,9891.18697000
4,177,0.420000,0.594000,67.19250509,5.75086832,0.00000000,290.72925428,0.00000000,0.00000000,63.67817400,72.94337341,68.65710075,1244.73168631,27679.97972538,7912.94957600
4,178,0.536000,0.602000,85.75043506,4.14630665,0.00000000,296.32681423,0.00000000,0.00000000,78.66539600,89.89674172,84.63531998,1492.48099468,27426.66621985,9891.18697000
4,179,0.599000,0.568000,95.82931082,11.49789110,0.00000000,272.00498708,0.00000000,0.00000000,94.69756566,107.32720193,101.68074366,1745.79450000,27426.66621965,9891.18697000
4,180,0.626000,0.537000,89.29817159,0.00000000,10.85065742,268.03000983,0.00000000,0.00000000,78.66539600,89.29817159,84.63531998,1492.48099468,27522.51161416,7912.94957600
4,181,0.604000,0.516000,89.29817159,0.00000000,7.33105001,257.54838933,0.00000000,0.00000000,78.66539600,89.29817159,84.63531998,1492.48099468,27618.35700867,7912.94957600
4,182,0.537000,0.509000,0.00000000,89.89674172,85.91041722,164.15777411,0.00000000,0.00000000,78.66539600,89.89674172,84.63531998,1492.48099468,27365.04350314,9891.18697000
4,183,0.422000,0.523000,67.51246940,39.81473253,0.00000000,221.22753030,0.00000000,0.00000000,94.69756566,107.32720193,101.68074366,1745.79450000,27365.04350294,9891.18697000
4,184,0.267000,0.547000,42.71523538,64.01339642,0.00000000,209.00786126,0.00000000,0.00000000,94.69756566,106.72863180,101.68074366,1745.79450000,27714.20240277,7912.94957600
4,185,0.081000,0.536000,12.95855455,94.36864737,0.00000000,173.16223767,0.00000000,0.00000000,94.69756566,107.32720193,101.68074366,1745.79450000,27714.20240257,9891.18697000
4,186,0.000000,0.533000,0.00000000,107.12545861,0.00000000,158.90805207,0.00000000,0.00000000,94.69756566,107.12545861,101.68074366,1745.79450000,27831.88363944,9224.43775143
4,187,0.000000,0.523000,0.00000000,57.67001469,0.00000000,203.37224814,0.00000000,0.00000000,49.73928100,57.67001469,53.75120360,1002.98064984,27438.22868911,7912.94957600
4,188,0.000000,0.478000,0.00000000,107.32720193,0.00000000,131.25444555,0.00000000,0.00000000,94.69756566,107.32720193,101.68074366,1745.79450000,27438.22868891,9891.18697000
4,189,0.000000,0.435000,0.00000000,106.72863180,0.00000000,110.39064990,0.00000000,0.00000000,94.69756566,106.72863180,101.68074366,1745.79450000,27787.38758874,7912.94957600
4,190,0.000000,0.395000,0.00000000,107.25092145,0.00000000,89.90336883,0.00000000,0.00000000,94.69756566,107.25092145,101.68074366,1745.79450000,27831.88363944,9639.08469860
4,191,0.000000,0.352000,0.00000000,107.32720193,0.00000000,68.36472258,0.00000000,0.00000000,94.69756566,107.32720193,101.68074366,1745.79450000,27831.88363923,9891.18697000
4,192,0.000000,0.328000,0.00000000,89.89674172,0.00000000,73.81618794,0.00000000,0.00000000,78.66539600,89.89674172,84.63531998,1492.48099468,27578.57013371,9891.18697000
4,193,0.000000,0.320000,0.00000000,89.89674172,0.00000000,69.82318965,0.00000000,0.00000000,78.66539600,89.89674172,84.63531998,1492.48099468,27325.25662818,9891.18697000
4,194,0.000000,0.337000,0.00000000,106.72863180,0.00000000,61.47642092,0.00000000,0.00000000,94.69756566,106.72863180,101.68074366,1745.79450000,27674.41552801,7912.94957600
4,195,0.000000,0.353000,0.00000000,89.29817159,0.00000000,86.89287770,0.00000000,0.00000000,78.66539600,89.29817159,84.63531998,1492.48099468,27770.26092252,7912.94957600
4,196,0.000000,0.347000,0.00000000,89.89674172,0.00000000,83.29955886,0.00000000,0.00000000,78.66539600,89.89674172,84.63531998,1492.48099468,27516.94741699,9891.18697000
4,197,0.000000,0.334000,0.00000000,89.89674197,0.00000000,76.81093639,0.00000000,0.00000000,78.66539600,89.89674197,84.63532017,1492.48104146,27263.63395824,9891.18697000
4,198,0.000000,0.302000,0.00000000,106.72863180,0.00000000,44.00705343,0.00000000,0.00000000,94.69756566,106.72863180,101.68074366,1745.79450000,27612.79285808,7912.94957600
4,199,0.105000,0.221000,16.79812627,80.98053839,0.00000000,29.32603921,0.00000000,0.00000000,86.46557453,97.77866466,92.92848006,1615.72638152,27831.88363944,7912.94957600
4,200,0.289000,0.396000,46.23484279,27.30710075,0.00000000,170.34631432,0.00000000,0.00000000,63.67817400,73.54194353,68.65710075,1244.73168631,27330.82082555,9891.18697000
4,201,0.444000,0.494000,71.03207680,36.29512512,0.00000000,210.27251893,0.00000000,0.00000000,94.69756566,107.32720193,101.68074366,1745.79450000,27330.82082534,9891.18697000
4,202,0.552000,0.466000,88.31014954,18.41848226,0.00000000,214.17366779,0.00000000,0.00000000,94.69756566,106.72863180,101.68074366,1745.79450000,27679.97972518,7912.94957600
4,203,0.623000,0.429000,99.66888254,7.65831938,0.00000000,206.46621361,0.00000000,0.00000000,94.69756566,107.32720193,101.68074366,1745.79450000,27679.97972497,9891.18697000
4,204,0.644000,0.408000,103.02850780,4.29869413,0.00000000,199.34421837,0.00000000,0.00000000,94.69756566,107.32720193,101.68074366,1745.79450000,27679.97972477,9891.18697000
4,205,0.620000,0.415000,0.00000000,89.89674172,99.18893608,117.24004428,0.00000000,0.00000000,78.66539600,89.89674172,84.63531998,1492.48099468,27426.66621924,9891.18697000
4,206,0.550000,0.439000,87.99018523,19.24091444,0.00000000,199.87486640,0.00000000,0.00000000,94.69756566,107.23109968,101.68074366,1745.79450000,27482.72473981,9573.57495427
4,207,0.434000,0.476000,69.43225526,37.29637655,0.00000000,200.28702136,0.00000000,0.00000000,94.69756566,106.72863180,101.68074366,1745.79450000,27831.88363964,7912.94957600
4,208,0.274000,0.528000,43.83511046,63.49209147,0.00000000,200.04579529,0.00000000,0.00000000,94.69756566,107.32720193,101.68074366,1745.79450000,27831.88363944,9891.18697000
4,209,0.087000,0.557000,13.91844748,93.40875444,0.00000000,184.60375109,0.00000000,0.00000000,94.69756566,107.32720193,101.68074366,1745.79450000,27831.88363923,9891.18697000
4,210,0.000000,0.594000,0.00000000,89.89674172,0.00000000,206.58338088,0.00000000,0.00000000,78.66539600,89.89674172,84.63531998,1492.48099468,27578.57013371,9891.18697000
4,211,0.000000,0.622000,0.00000000,107.32720193,0.00000000,203.12841467,0.00000000,0.00000000,94.69756566,107.32720193,101.68074366,1745.79450000,27578.57013350,9891.18697000
4,212,0.000000,0.588000,0.00000000,107.32720193,0.00000000,186.15817196,0.00000000,0.00000000,94.69756566,107.32720193,101.68074366,1745.79450000,27578.57013330,9891.18697000
4,213,0.000000,0.546000,0.00000000,106.89294149,0.00000000,165.62919141,0.00000000,0.00000000,94.69756566,106.89294149,101.68074366,1745.79450000,27831.88363964,8455.98296686
4,214,0.000000,0.516000,0.00000000,107.32720193,0.00000000,150.22118740,0.00000000,0.00000000,94.69756566,107.32720193,101.68074366,1745.79450000,27831.88363944,9891.18697000
4,215,0.000000,0.489000,0.00000000,72.94337341,0.00000000,171.12864671,0.00000000,0.00000000,63.67817400,72.94337341,68.65710075,1244.73168631,27679.97972559,7912.94957600
4,216,0.000000,0.470000,0.00000000,72.94337341,0.00000000,161.64527579,0.00000000,0.00000000,63.67817400,72.94337341,68.65710075,1244.73168631,27528.07581173,7912.94957600
4,217,0.000000,0.459000,0.00000000,107.32720193,0.00000000,121.77107463,0.00000000,0.00000000,94.69756566,107.32720193,101.68074366,1745.79450000,27528.07581153,9891.18697000
4,218,0.000000,0.448000,0.00000000,89.89674172,0.00000000,133.71116220,0.00000000,0.00000000,78.66539600,89.89674172,84.63531998,1492.48099468,27274.76230600,9891.18697000
4,219,0.000000,0.441000,0.00000000,89.89674172,0.00000000,130.21728870,0.00000000,0.00000000,78.66539600,89.89674172,84.63531998,1492.48099468,27021.44880047,9891.18697000
4,220,0.000000,0.429000,0.00000000,107.13499743,0.00000000,106.98953556,0.00000000,0.00000000,94.69756566,107.13499743,101.68074366,1745.79450000,27133.56583997,9255.96294900
4,221,0.000000,0.414000,0.00000000,106.72863180,0.00000000,99.90902941,0.00000000,0.00000000,94.69756566,106.72863180,101.68074366,1745.79450000,27482.72473981,7912.94957600
4,222,0.000000,0.391000,0.00000000,107.32720193,0.00000000,87.83058921,0.00000000,0.00000000,94.69756566,107.32720193,101.68074366,1745.79450000,27482.72473960,9891.18697000
4,223,0.111000,0.360000,17.75801920,88.97061260,0.00000000,90.71431019,0.00000000,0.00000000,94.69756566,106.72863180,101.68074366,1745.79450000,27831.88363944,7912.94957600
4,224,0.298000,0.651000,30.37356422,0.00000000,17.30111795,324.93023537,0.00000000,0.00000000,25.00174700,30.37356422,27.15938231,539.40882693,26974.65686620,7912.94957600
4,225,0.455000,0.701000,0.00000000,43.47863956,72.79188051,306.40783509,0.00000000,0.00000000,36.84682300,43.47863956,39.91750131,767.66957627,26345.69084231,7912.94957600
4,226,0.564000,0.644000,0.00000000,57.67001469,90.22993540,263.76634719,0.00000000,0.00000000,49.73928100,57.67001469,53.75120360,1002.98064984,25952.03589198,7912.94957600
4,227,0.626000,0.574000,100.14882901,6.57980279,0.00000000,279.91782410,0.00000000,0.00000000,94.69756566,106.72863180,101.68074366,1745.79450000,26301.19479181,7912.94957600
4,228,0.644000,0.522000,103.02850780,3.70012400,0.00000000,256.84301404,0.00000000,0.00000000,94.69756566,106.72863180,101.68074366,1745.79450000,26650.35369165,7912.94957600
4,229,0.612000,0.483000,72.94337341,0.00000000,24.96570543,241.07727141,0.00000000,0.00000000,63.67817400,72.94337341,68.65710075,1244.73168631,26498.44977780,7912.94957600
4,230,0.546000,0.454000,87.35025661,19.37837519,0.00000000,207.22427744,0.00000000,0.00000000,94.69756566,106.72863180,101.68074366,1745.79450000,26847.60867763,7912.94957600
4,231,0.423000,0.454000,67.67245155,39.05618025,0.00000000,187.54647238,0.00000000,0.00000000,94.69756566,106.72863180,101.68074366,1745.79450000,27196.76757747,7912.94957600
4,232,0.255000,0.484000,40.79544952,66.53175241,0.00000000,175.04464378,0.00000000,0.00000000,94.69756566,107.32720193,101.68074366,1745.79450000,27196.76757726,9891.18697000
4,233,0.086000,0.520000,2.39428050,0.00000000,11.36418483,259.54488847,0.00000000,0.00000000,0.00000000,2.39428050,0.00000000,0.00000000,25800.13197710,7912.94957600
4,234,0.000000,0.566000,0.00000000,72.94337341,0.00000000,209.56125520,0.00000000,0.00000000,63.67817400,72.94337341,68.65710075,1244.73168631,25648.22806325,7912.94957600
4,235,0.000000,0.590000,0.00000000,106.72863180,0.00000000,187.75499166,0.00000000,0.00000000,94.69756566,106.72863180,101.68074366,1745.79450000,25997.38696308,7912.94957600
4,236,0.000000,0.618000,0.00000000,107.32720193,0.00000000,201.13191553,0.00000000,0.00000000,94.69756566,107.32720193,101.68074366,1745.79450000,25997.38696288,9891.18697000
4,237,0.000000,0.610000,0.00000000,107.32720193,0.00000000,197.13891724,0.00000000,0.00000000,94.69756566,107.32720193,101.68074366,1745.79450000,25997.38696267,9891.18697000
4,238,0.000000,0.586000,0.00000000,106.72863180,0.00000000,185.75849252,0.00000000,0.00000000,94.69756566,106.72863180,101.68074366,1745.79450000,26346.54586251,7912.94957600
4,239,0.000000,0.555000,0.00000000,106.72863180,0.00000000,170.28562416,0.00000000,0.00000000,94.69756566,106.72863180,101.68074366,1745.79450000,26695.70476235,7912.94957600
4,240,0.000000,0.516000,0.00000000,106.72863180,0.00000000,150.81975753,0.00000000,0.00000000,94.69756566,106.72863180,101.68074366,1745.79450000,27044.86366218,7912.94957600
4,241,0.000000,0.488000,0.00000000,89.29817159,0.00000000,154.27472374,0.00000000,0.00000000,78.66539600,89.29817159,84.63531998,1492.48099468,27140.70905669,7912.94957600
4,242,0.000000,0.466000,0.00000000,2.99285063,0.00000000,229.59929943,0.00000000,0.00000000,0.00000000,2.99285063,0.00000000,0.00000000,25394.91455649,9891.18697000
4,243,0.000000,0.451000,0.00000000,106.72863180,0.00000000,118.37664647,0.00000000,0.00000000,94.69756566,106.72863180,101.68074366,1745.79450000,25744.07345632,7912.94957600
4,244,0.000000,0.443000,0.00000000,72.94337341,0.00000000,148.16890658,0.00000000,0.00000000,63.67817400,72.94337341,68.65710075,1244.73168631,25592.16954247,7912.94957600
4,245,0.000000,0.434000,0.00000000,106.72863180,0.00000000,109.89152512,0.00000000,0.00000000,94.69756566,106.72863180,101.68074366,1745.79450000,25941.32844231,7912.94957600
4,246,0.000000,0.412000,0.00000000,107.32720193,0.00000000,98.31220971,0.00000000,0.00000000,94.69756566,107.32720193,101.68074366,1745.79450000,25941.32844210,9891.18697000
4,247,0.110000,0.291000,17.59803705,89.13059475,0.00000000,56.11471783,0.00000000,0.00000000,94.69756566,106.72863180,101.68074366,1745.79450000,26290.48734194,7912.94957600
4,248,0.298000,0.583000,47.67468218,59.65251975,0.00000000,231.33723021,0.00000000,0.00000000,94.69756566,107.32720193,101.68074366,1745.79450000,26290.48734173,9891.18697000
4,249,0.455000,0.686000,72.79188051,33.93675129,0.00000000,308.46285158,0.00000000,0.00000000,94.69756566,106.72863180,101.68074366,1745.79450000,26639.64624157,7912.94957600
4,250,0.566000,0.650000,90.54989971,16.17873209,0.00000000,308.25237850,0.00000000,0.00000000,94.69756566,106.72863180,101.68074366,1745.79450000,26988.80514141,7912.94957600
4,251,0.631000,0.575000,100.94873978,5.77989202,0.00000000,281.21685966,0.00000000,0.00000000,94.69756566,106.72863180,101.68074366,1745.79450000,27337.96404124,7912.94957600
4,252,0.649000,0.499000,30.37356422,0.00000000,73.45485435,249.06326798,0.00000000,0.00000000,25.00174700,30.37356422,27.15938231,539.40882693,26480.73726800,7912.94957600
4,253,0.624000,0.454000,99.82886470,7.49833723,0.00000000,219.10431540,0.00000000,0.00000000,94.69756566,107.32720193,101.68074366,1745.79450000,26480.73726780,9891.18697000
4,254,0.553000,0.444000,88.47013170,18.25850010,0.00000000,203.35290467,0.00000000,0.00000000,94.69756566,106.72863180,101.68074366,1745.79450000,26829.89616763,7912.94957600
4,255,0.438000,0.467000,70.07218387,37.25501805,0.00000000,195.83625679,0.00000000,0.00000000,94.69756566,107.32720193,101.68074366,1745.79450000,26829.89616743,9891.18697000
4,256,0.279000,0.516000,44.63502124,62.09361057,0.00000000,195.45477876,0.00000000,0.00000000,94.69756566,106.72863180,101.68074366,1745.79450000,27179.05506726,7912.94957600
4,257,0.094000,0.559000,15.03832257,92.28887936,0.00000000,186.72187575,0.00000000,0.00000000,94.69756566,107.32720193,101.68074366,1745.79450000,27179.05506706,9891.18697000
4,258,0.000000,0.607000,0.00000000,89.89674172,0.00000000,213.07200310,0.00000000,0.00000000,78.66539600,89.89674172,84.63531998,1492.48099468,26925.74156153,9891.18697000
4,259,0.000000,0.630000,0.00000000,89.29817159,0.00000000,225.15044329,0.00000000,0.00000000,78.66539600,89.29817159,84.63531998,1492.48099468,27021.58695604,7912.94957600
4,260,0.000000,0.595000,0.00000000,106.72863180,0.00000000,190.25061558,0.00000000,0.00000000,94.69756566,106.72863180,101.68074366,1745.79450000,27370.74585588,7912.94957600
4,261,0.000000,0.551000,0.00000000,107.32720193,0.00000000,167.69055490,0.00000000,0.00000000,94.69756566,107.32720193,101.68074366,1745.79450000,27370.74585567,9891.18697000
4,262,0.000000,0.527000,0.00000000,107.32720193,0.00000000,155.71156004,0.00000000,0.00000000,94.69756566,107.32720193,101.68074366,1745.79450000,27370.74585547,9891.18697000
4,263,0.000000,0.513000,0.00000000,107.32720193,0.00000000,148.72381305,0.00000000,0.00000000,94.69756566,107.32720193,101.68074366,1745.79450000,27370.74585526,9891.18697000
4,264,0.000000,0.502000,0.00000000,107.32720193,0.00000000,143.23344041,0.00000000,0.00000000,94.69756566,107.32720193,101.68074366,1745.79450000,27370.74585506,9891.18697000
4,265,0.000000,0.505000,0.00000000,106.72863180,0.00000000,145.32938489,0.00000000,0.00000000,94.69756566,106.72863180,101.68074366,1745.79450000,27719.90475489,7912.94957600
4,266,0.000000,0.508000,0.00000000,73.54194353,0.00000000,180.01344751,0.00000000,0.00000000,63.67817400,73.54194353,68.65710075,1244.73168631,27218.84194100,9891.18697000
4,267,0.000000,0.510000,0.00000000,107.32720193,0.00000000,147.22643869,0.00000000,0.00000000,94.69756566,107.32720193,101.68074366,1745.79450000,27218.84194080,9891.18697000
4,268,0.000000,0.502000,0.00000000,107.32720193,0.00000000,143.23344041,0.00000000,0.00000000,94.69756566,107.32720193,101.68074366,1745.79450000,27218.84194059,9891.18697000
4,269,0.000000,0.496000,0.00000000,106.72863180,0.00000000,140.83726182,0.00000000,0.00000000,94.69756566,106.72863180,101.68074366,1745.79450000,27568.00084043,7912.94957600
4,270,0.000000,0.487000,0.00000000,107.32720193,0.00000000,135.74656862,0.00000000,0.00000000,94.69756566,107.32720193,101.68074366,1745.79450000,27568.00084022,9891.18697000
4,271,0.110000,0.368000,17.59803705,89.72916488,0.00000000,93.94875619,0.00000000,0.00000000,94.69756566,107.32720193,101.68074366,1745.79450000,27568.00084002,9891.18697000
4,272,0.297000,0.672000,47.51470002,59.36012231,0.00000000,276.05173356,0.00000000,0.00000000,94.69756566,106.87482233,101.68074366,1745.79450000,27831.88363985,8396.10028423
4,273,0.454000,0.746000,72.63189835,34.69530357,0.00000000,337.65178643,0.00000000,0.00000000,94.69756566,107.32720193,101.68074366,1745.79450000,27831.88363964,9891.18697000
4,274,0.565000,0.672000,90.38991756,16.93728437,0.00000000,318.47457150,0.00000000,0.00000000,94.69756566,107.32720193,101.68074366,1745.79450000,27831.88363944,9891.18697000
4,275,0.628000,0.605000,100.46879332,6.85840861,0.00000000,295.11208663,0.00000000,0.00000000,94.69756566,107.32720193,101.68074366,1745.79450000,27831.88363923,9891.18697000
4,276,0.645000,0.568000,57.67001469,0.00000000,45.51847527,283.50287818,0.00000000,0.00000000,49.73928100,57.67001469,53.75120360,1002.98064984,27438.22868891,7912.94957600
4,277,0.617000,0.556000,89.89674172,0.00000000,8.81224790,277.51338075,0.00000000,0.00000000,78.66539600,89.89674172,84.63531998,1492.48099468,27184.91518338,9891.18697000
4,278,0.546000,0.559000,87.35025661,19.46640440,0.00000000,259.54435070,0.00000000,0.00000000,94.69756566,106.81666101,101.68074366,1745.79450000,27482.72473960,8203.88070126
4,279,0.430000,0.591000,68.79232664,37.93630517,0.00000000,257.04644308,0.00000000,0.00000000,94.69756566,106.72863180,101.68074366,1745.79450000,27831.88363944,7912.94957600
4,280,0.270000,0.638000,0.00000000,30.97213435,43.19518184,287.46947881,0.00000000,0.00000000,25.00174700,30.97213435,27.15938231,539.40882693,26625.49796616,9891.18697000
4,281,0.089000,0.678000,14.23841179,92.81636928,0.00000000,245.59023530,0.00000000,0.00000000,94.69756566,107.05478108,101.68074366,1745.79450000,26784.40694014,8990.85283866
4,282,0.000000,0.702000,0.00000000,106.72863180,0.00000000,243.65696764,0.00000000,0.00000000,94.69756566,106.72863180,101.68074366,1745.79450000,27133.56583997,7912.94957600
4,283,0.000000,0.713000,0.00000000,107.32720193,0.00000000,248.54877015,0.00000000,0.00000000,94.69756566,107.32720193,101.68074366,1745.79450000,27133.56583977,9891.18697000
4,284,0.000000,0.707000,0.00000000,106.72863180,0.00000000,246.15259156,0.00000000,0.00000000,94.69756566,106.72863180,101.68074366,1745.79450000,27482.72473960,7912.94957600
4,285,0.000000,0.698000,0.00000000,106.72863180,0.00000000,241.66046849,0.00000000,0.00000000,94.69756566,106.72863180,101.68074366,1745.79450000,27831.88363944,7912.94957600
4,286,0.000000,0.697000,0.00000000,73.54194353,0.00000000,274.34803197,0.00000000,0.00000000,63.67817400,73.54194353,68.65710075,1244.73168631,27330.82082555,9891.18697000
4,287,0.000000,0.692000,0.00000000,106.72863180,0.00000000,238.66571978,0.00000000,0.00000000,94.69756566,106.72863180,101.68074366,1745.79450000,27679.97972538,7912.94957600
4,288,0.000000,0.663000,0.00000000,107.32720193,0.00000000,223.59253088,0.00000000,0.00000000,94.69756566,107.32720193,101.68074366,1745.79450000,27679.97972518,9891.18697000
4,289,0.000000,0.610000,0.00000000,107.32720193,0.00000000,197.13891724,0.00000000,0.00000000,94.69756566,107.32720193,101.68074366,1745.79450000,27679.97972497,9891.18697000
4,290,0.000000,0.538000,0.00000000,73.54194353,0.00000000,194.98719108,0.00000000,0.00000000,63.67817400,73.54194353,68.65710075,1244.73168631,27178.91691108,9891.18697000
4,291,0.000000,0.501000,0.00000000,107.32720193,0.00000000,142.73431562,0.00000000,0.00000000,94.69756566,107.32720193,101.68074366,1745.79450000,27178.91691087,9891.18697000
4,292,0.000000,0.476000,0.00000000,106.80637805,0.00000000,130.77701985,0.00000000,0.00000000,94.69756566,106.80637805,101.68074366,1745.79450000,27482.72473960,8169.89615450
4,293,0.000000,0.454000,0.00000000,106.72863180,0.00000000,119.87402083,0.00000000,0.00000000,94.69756566,106.72863180,101.68074366,1745.79450000,27831.88363944,7912.94957600
4,294,0.000000,0.429000,0.00000000,107.32720193,0.00000000,106.79733106,0.00000000,0.00000000,94.69756566,107.32720193,101.68074366,1745.79450000,27831.88363923,9891.18697000
4,295,0.106000,0.376000,16.95810843,90.36909350,0.00000000,97.30182586,0.00000000,0.00000000,94.69756566,107.32720193,101.68074366,1745.79450000,27831.88363903,9891.18697000
4,296,0.291000,0.679000,46.55480710,26.38856631,0.00000000,312.51716306,0.00000000,0.00000000,63.67817400,72.94337341,68.65710075,1244.73168631,27679.97972518,7912.94957600
4,297,0.448000,0.737000,71.67200542,35.65519650,0.00000000,332.19977043,0.00000000,0.00000000,94.69756566,107.32720193,101.68074366,1745.79450000,27679.97972497,9891.18697000
4,298,0.560000,0.669000,73.40593756,0.00000000,16.18406922,333.91448151,0.00000000,0.00000000,63.67817400,73.40593756,68.65710075,1244.73168631,27258.25213758,9441.69560169
4,299,0.622000,0.586000,99.50890039,7.81830154,0.00000000,284.66882278,0.00000000,0.00000000,94.69756566,107.32720193,101.68074366,1745.79450000,27258.25213738,9891.18697000
4,300,0.636000,0.527000,101.74865056,5.57855137,0.00000000,257.46021060,0.00000000,0.00000000,94.69756566,107.32720193,101.68074366,1745.79450000,27258.25213717,9891.18697000
4,301,0.613000,0.487000,98.06906099,8.65957081,0.00000000,234.41419974,0.00000000,0.00000000,94.69756566,106.72863180,101.68074366,1745.79450000,27607.41103701,7912.94957600
4,302,0.535000,0.469000,85.59045291,21.73674902,0.00000000,212.35277539,0.00000000,0.00000000,94.69756566,107.32720193,101.68074366,1745.79450000,27607.41103681,9891.18697000
4,303,0.425000,0.496000,67.99241586,39.33478607,0.00000000,208.23110755,0.00000000,0.00000000,94.69756566,107.32720193,101.68074366,1745.79450000,27607.41103660,9891.18697000
4,304,0.249000,0.564000,39.83555659,67.49164534,0.00000000,214.01473370,0.00000000,0.00000000,94.69756566,107.32720193,101.68074366,1745.79450000,27607.41103640,9891.18697000
4,305,0.079000,0.641000,0.00000000,30.97213435,12.63859024,288.96685317,0.00000000,0.00000000,25.00174700,30.97213435,27.15938231,539.40882693,26401.02536312,9891.18697000
4,306,0.000000,0.701000,0.00000000,106.72863180,0.00000000,243.15784285,0.00000000,0.00000000,94.69756566,106.72863180,101.68074366,1745.79450000,26750.18426295,7912.94957600
4,307,0.000000,0.722000,0.00000000,89.89674172,0.00000000,270.47135343,0.00000000,0.00000000,78.66539600,89.89674172,84.63531998,1492.48099468,26496.87075742,9891.18697000
4,308,0.000000,0.725000,0.00000000,106.72863180,0.00000000,255.13683770,0.00000000,0.00000000,94.69756566,106.72863180,101.68074366,1745.79450000,26846.02965726,7912.94957600
4,309,0.000000,0.697000,0.00000000,106.72863180,0.00000000,241.16134371,0.00000000,0.00000000,94.69756566,106.72863180,101.68074366,1745.79450000,27195.18855709,7912.94957600
4,310,0.000000,0.644000,0.00000000,107.32720193,0.00000000,214.10915995,0.00000000,0.00000000,94.69756566,107.32720193,101.68074366,1745.79450000,27195.18855689,9891.18697000
4,311,0.000000,0.597000,0.00000000,89.89674172,0.00000000,208.08075524,0.00000000,0.00000000,78.66539600,89.89674172,84.63531998,1492.48099468,26941.87505136,9891.18697000
4,312,0.000000,0.512000,0.00000000,89.29817159,0.00000000,166.25371860,0.00000000,0.00000000,78.66539600,89.29817159,84.63531998,1492.48099468,27037.72044587,7912.94957600
4,313,0.000000,0.447000,0.00000000,106.72863180,0.00000000,116.38014733,0.00000000,0.00000000,94.69756566,106.72863180,101.68074366,1745.79450000,27386.87934571,7912.94957600
4,314,0.000000,0.432000,0.00000000,107.32720193,0.00000000,108.29470542,0.00000000,0.00000000,94.69756566,107.32720193,101.68074366,1745.79450000,27386.87934550,9891.18697000
4,315,0.000000,0.383000,0.00000000,89.89674172,0.00000000,101.26805114,0.00000000,0.00000000,78.66539600,89.89674172,84.63531998,1492.48099468,27133.56583997,9891.18697000
4,316,0.000000,0.341000,0.00000000,106.72863180,0.00000000,63.47292006,0.00000000,0.00000000,94.69756566,106.72863180,101.68074366,1745.79450000,27482.72473981,7912.94957600
4,317,0.000000,0.305000,0.00000000,107.32720193,0.00000000,44.90585766,0.00000000,0.00000000,94.69756566,107.32720193,101.68074366,1745.79450000,27482.72473960,9891.18697000
4,318,0.000000,0.282000,0.00000000,106.72863180,0.00000000,34.02455772,0.00000000,0.00000000,94.69756566,106.72863180,101.68074366,1745.79450000,27831.88363944,7912.94957600
4,319,0.105000,0.266000,16.79812627,90.52907565,0.00000000,42.23811729,0.00000000,0.00000000,94.69756566,107.32720193,101.68074366,1745.79450000,27831.88363944,9891.18696884
4,320,0.289000,0.495000,46.23484279,61.09235914,0.00000000,185.97440969,0.00000000,0.00000000,94.69756566,107.32720193,101.68074366,1745.79450000,27831.88363944,9891.18696884
4,321,0.442000,0.558000,30.37356422,0.00000000,40.33854827,278.51163032,0.00000000,0.00000000,25.00174700,30.37356422,27.15938231,539.40882693,26974.65686620,7912.94957600
4,322,0.547000,0.531000,87.51023877,19.81696316,0.00000000,245.21829795,0.00000000,0.00000000,94.69756566,107.32720193,101.68074366,1745.79450000,26974.65686600,9891.18697000
4,323,0.606000,0.495000,72.94337341,0.00000000,24.00581250,247.06676883,0.00000000,0.00000000,63.67817400,72.94337341,68.65710075,1244.73168631,26822.75295214,7912.94957600
4,324,0.600000,0.463000,95.98929298,11.33790895,0.00000000,219.75686675,0.00000000,0.00000000,94.69756566,107.32720193,101.68074366,1745.79450000,26822.75295194,9891.18697000
4,325,0.595000,0.410000,95.18938220,12.13781972,0.00000000,192.50334234,0.00000000,0.00000000,94.69756566,107.32720193,101.68074366,1745.79450000,26822.75295173,9891.18697000
4,326,0.503000,0.371000,43.47863956,0.00000000,36.99238439,185.17529543,0.00000000,0.00000000,36.84682300,43.47863956,39.91750131,767.66957627,26193.78692784,7912.94957600
4,327,0.397000,0.375000,63.51291552,25.78525607,0.00000000,161.38653850,0.00000000,0.00000000,78.66539600,89.29817159,84.63531998,1492.48099468,26289.63232235,7912.94957600
4,328,0.223000,0.414000,35.67602056,71.05261124,0.00000000,135.58504996,0.00000000,0.00000000,94.69756566,106.72863180,101.68074366,1745.79450000,26638.79122219,7912.94957600
4,329,0.065000,0.478000,10.39884007,79.20129725,0.00000000,159.38035023,0.00000000,0.00000000,78.66539600,89.60013732,84.63531998,1492.48099468,26558.49347393,8910.92772200
4,330,0.000000,0.539000,0.00000000,89.29817159,0.00000000,179.73008781,0.00000000,0.00000000,78.66539600,89.29817159,84.63531998,1492.48099468,26654.33886844,7912.94957600
4,331,0.000000,0.610000,0.00000000,89.29817159,0.00000000,215.16794758,0.00000000,0.00000000,78.66539600,89.29817159,84.63531998,1492.48099468,26750.18426295,7912.94957600
4,332,0.000000,0.623000,0.00000000,106.72863180,0.00000000,204.22610958,0.00000000,0.00000000,94.69756566,106.72863180,101.68074366,1745.79450000,27099.34316279,7912.94957600
4,333,0.000000,0.609000,0.00000000,107.32720193,0.00000000,196.63979246,0.00000000,0.00000000,94.69756566,107.32720193,101.68074366,1745.79450000,27099.34316258,9891.18697000
4,334,0.000000,0.543000,0.00000000,106.72863180,0.00000000,164.29612674,0.00000000,0.00000000,94.69756566,106.72863180,101.68074366,1745.79450000,27448.50206242,7912.94957600
4,335,0.000000,0.464000,0.00000000,107.32720193,0.00000000,124.26669856,0.00000000,0.00000000,94.69756566,107.32720193,101.68074366,1745.79450000,27448.50206221,9891.18697000
4,336,0.000000,0.422000,0.00000000,89.29817159,0.00000000,121.33248790,0.00000000,0.00000000,78.66539600,89.29817159,84.63531998,1492.48099468,27544.34745673,7912.94957600
4,337,0.000000,0.371000,0.00000000,89.29817159,0.00000000,95.87712384,0.00000000,0.00000000,78.66539600,89.29817159,84.63531998,1492.48099468,27640.19285124,7912.94957600
4,338,0.000000,0.332000,0.00000000,107.32720193,0.00000000,58.38222687,0.00000000,0.00000000,94.69756566,107.32720193,101.68074366,1745.79450000,27640.19285103,9891.18697000
4,339,0.000000,0.321000,0.00000000,107.32720193,0.00000000,52.89185423,0.00000000,0.00000000,94.69756566,107.32720193,101.68074366,1745.79450000,27640.19285083,9891.18697000
4,340,0.000000,0.321000,0.00000000,89.29817159,0.00000000,70.92088456,0.00000000,0.00000000,78.66539600,89.29817159,84.63531998,1492.48099468,27736.03824534,7912.94957600
4,341,0.000000,0.324000,0.00000000,89.89674172,0.00000000,71.81968879,0.00000000,0.00000000,78.66539600,89.89674172,84.63531998,1492.48099468,27482.72473981,9891.18697000
4,342,0.000000,0.318000,0.00000000,107.32720193,0.00000000,51.39447987,0.00000000,0.00000000,94.69756566,107.32720193,101.68074366,1745.79450000,27482.72473960,9891.18697000
4,343,0.106000,0.264000,16.95810843,89.77052337,0.00000000,41.99842000,0.00000000,0.00000000,94.69756566,106.72863180,101.68074366,1745.79450000,27831.88363944,7912.94957600
4,344,0.287000,0.523000,45.91487848,61.41232345,0.00000000,199.62993938,0.00000000,0.00000000,94.69756566,107.32720193,101.68074366,1745.79450000,27831.88363923,9891.18697000
4,345,0.439000,0.525000,0.00000000,89.62679097,70.23216603,172.41372143,0.00000000,0.00000000,78.66539600,89.62679097,84.63531998,1492.48099468,27736.03824493,8999.01636817
4,346,0.545000,0.439000,87.19027446,2.10789713,0.00000000,217.00788371,0.00000000,0.00000000,78.66539600,89.29817159,84.63531998,1492.48099468,27831.88363944,7912.94957600
4,347,0.605000,0.362000,73.54194353,0.00000000,23.24726022,180.68317236,0.00000000,0.00000000,63.67817400,73.54194353,68.65710075,1244.73168631,27330.82082555,9891.18697000
4,348,0.621000,0.310000,99.34891823,7.37971357,0.00000000,147.34896994,0.00000000,0.00000000,94.69756566,106.72863180,101.68074366,1745.79450000,27679.97972538,7912.94957600
4,349,0.584000,0.278000,89.89674172,0.00000000,3.53283678,138.75669038,0.00000000,0.00000000,78.66539600,89.89674172,84.63531998,1492.48099468,27426.66621985,9891.18697000
4,350,0.513000,0.277000,82.07084550,25.16025418,0.00000000,113.09731141,0.00000000,0.00000000,94.69756566,107.23109968,101.68074366,1745.79450000,27482.72473960,9573.57495892
4,351,0.389000,0.310000,62.23305828,44.49557352,0.00000000,110.23310999,0.00000000,0.00000000,94.69756566,106.72863180,101.68074366,1745.79450000,27831.88363944,7912.94957600
4,352,0.252000,0.364000,2.39428050,0.00000000,37.92122255,181.68142193,0.00000000,0.00000000,0.00000000,2.39428050,0.00000000,0.00000000,26435.24803928,7912.94957600
4,353,0.075000,0.423000,11.99866162,77.29950997,0.00000000,133.83027431,0.00000000,0.00000000,78.66539600,89.29817159,84.63531998,1492.48099468,26531.09343379,7912.94957600
4,354,0.000000,0.465000,0.00000000,106.72863180,0.00000000,125.36439347,0.00000000,0.00000000,94.69756566,106.72863180,101.68074366,1745.79450000,26880.25233362,7912.94957600
4,355,0.000000,0.515000,0.00000000,89.29817159,0.00000000,167.75109295,0.00000000,0.00000000,78.66539600,89.29817159,84.63531998,1492.48099468,26976.09772813,7912.94957600
4,356,0.000000,0.535000,0.00000000,89.29817159,0.00000000,177.73358866,0.00000000,0.00000000,78.66539600,89.29817159,84.63531998,1492.48099468,27071.94312265,7912.94957600
4,357,0.000000,0.568000,0.00000000,89.29817159,0.00000000,194.20470659,0.00000000,0.00000000,78.66539600,89.29817159,84.63531998,1492.48099468,27167.78851716,7912.94957600
4,358,0.000000,0.586000,0.00000000,106.72863180,0.00000000,185.75849252,0.00000000,0.00000000,94.69756566,106.72863180,101.68074366,1745.79450000,27516.94741699,7912.94957600
4,359,0.000000,0.578000,0.00000000,107.32720193,0.00000000,181.16692411,0.00000000,0.00000000,94.69756566,107.32720193,101.68074366,1745.79450000,27516.94741679,9891.18697000
4,360,0.000000,0.556000,0.00000000,107.32720193,0.00000000,170.18617882,0.00000000,0.00000000,94.69756566,107.32720193,101.68074366,1745.79450000,27516.94741658,9891.18697000
4,361,0.000000,0.521000,0.00000000,89.89674172,0.00000000,170.14727154,0.00000000,0.00000000,78.66539600,89.89674172,84.63531998,1492.48099468,27263.63391105,9891.18697000
4,362,0.000000,0.478000,0.00000000,73.07024947,0.00000000,165.51139801,0.00000000,0.00000000,63.67817400,73.07024947,68.65710075,1244.73168631,27037.72044546,8332.26714960
4,363,0.000000,0.442000,0.00000000,106.72863180,0.00000000,113.88452340,0.00000000,0.00000000,94.69756566,106.72863180,101.68074366,1745.79450000,27386.87934530,7912.94957600
4,364,0.000000,0.422000,0.00000000,89.89674172,0.00000000,120.73391777,0.00000000,0.00000000,78.66539600,89.89674172,84.63531998,1492.48099468,27133.56583977,9891.18697000
4,365,0.000000,0.410000,0.00000000,106.72863180,0.00000000,97.91253026,0.00000000,0.00000000,94.69756566,106.72863180,101.68074366,1745.79450000,27482.72473960,7912.94957600
4,366,0.000000,0.405000,0.00000000,106.72863180,0.00000000,95.41690634,0.00000000,0.00000000,94.69756566,106.72863180,101.68074366,1745.79450000,27831.88363944,7912.94957600
4,367,0.107000,0.463000,17.11809058,72.50870038,0.00000000,158.58607531,0.00000000,0.00000000,78.66539600,89.62679097,84.63531998,1492.48099468,27736.03824513,8999.01636817
4,368,0.285000,0.739000,45.59491417,61.73228776,0.00000000,307.12092874,0.00000000,0.00000000,94.69756566,107.32720193,101.68074366,1745.79450000,27736.03824493,9891.18697000
4,369,0.427000,0.763000,68.31238017,20.98579142,0.00000000,359.84641993,0.00000000,0.00000000,78.66539600,89.29817159,84.63531998,1492.48099468,27831.88363944,7912.94957600
4,370,0.518000,0.695000,82.87075627,6.59172501,0.00000000,340.30000093,0.00000000,0.00000000,78.66539600,89.46248128,84.63531998,1492.48099468,27831.88363944,8455.98297267
4,371,0.517000,0.601000,73.54194353,0.00000000,9.16883058,299.97399610,0.00000000,0.00000000,63.67817400,73.54194353,68.65710075,1244.73168631,27330.82082555,9891.18697000
4,372,0.445000,0.525000,71.19205896,35.53657284,0.00000000,226.50393956,0.00000000,0.00000000,94.69756566,106.72863180,101.68074366,1745.79450000,27679.97972538,7912.94957600
4,373,0.352000,0.472000,56.31371855,50.94970884,0.00000000,184.63718993,0.00000000,0.00000000,94.69756566,107.26342738,101.68074366,1745.79450000,27717.18079420,9680.41604071
4,374,0.272000,0.442000,43.51514615,29.42822726,0.00000000,191.18492794,0.00000000,0.00000000,63.67817400,72.94337341,68.65710075,1244.73168631,27565.27688034,7912.94957600
4,375,0.195000,0.442000,31.19652022,12.88068947,0.00000000,207.73246573,0.00000000,0.00000000,36.84682300,44.07720969,39.91750131,767.66957627,26587.15195641,9891.18697000
4,376,0.113000,0.454000,2.99285063,0.00000000,15.08513289,226.60265263,0.00000000,0.00000000,0.00000000,2.99285063,0.00000000,0.00000000,24841.35745620,9891.18697000
4,377,0.038000,0.456000,6.07932189,100.64930991,0.00000000,126.95159229,0.00000000,0.00000000,94.69756566,106.72863180,101.68074366,1745.79450000,25190.51635604,7912.94957600
4,378,0.000000,0.481000,0.00000000,107.32720193,0.00000000,132.75181991,0.00000000,0.00000000,94.69756566,107.32720193,101.68074366,1745.79450000,25190.51635583,9891.18697000
4,379,0.000000,0.513000,0.00000000,107.32720193,0.00000000,148.72381305,0.00000000,0.00000000,94.69756566,107.32720193,101.68074366,1745.79450000,25190.51635563,9891.18697000
4,380,0.000000,0.590000,0.00000000,107.32720193,0.00000000,187.15642153,0.00000000,0.00000000,94.69756566,107.32720193,101.68074366,1745.79450000,25190.51635542,9891.18697000
4,381,0.000000,0.580000,0.00000000,106.72863180,0.00000000,182.76374380,0.00000000,0.00000000,94.69756566,106.72863180,101.68074366,1745.79450000,25539.67525526,7912.94957600
4,382,0.000000,0.566000,0.00000000,106.72863180,0.00000000,175.77599680,0.00000000,0.00000000,94.69756566,106.72863180,101.68074366,1745.79450000,25888.83415510,7912.94957600
4,383,0.000000,0.525000,0.00000000,107.32720193,0.00000000,154.71331047,0.00000000,0.00000000,94.69756566,107.32720193,101.68074366,1745.79450000,25888.83415489,9891.18697000
4,384,0.000000,0.485000,0.00000000,106.72863180,0.00000000,135.34688918,0.00000000,0.00000000,94.69756566,106.72863180,101.68074366,1745.79450000,26237.99305473,7912.94957600
4,385,0.000000,0.473000,0.00000000,72.94337341,0.00000000,163.14265014,0.00000000,0.00000000,63.67817400,72.94337341,68.65710075,1244.73168631,26086.08914087,7912.94957600
4,386,0.000000,0.421000,0.00000000,106.72863180,0.00000000,103.40290290,0.00000000,0.00000000,94.69756566,106.72863180,101.68074366,1745.79450000,26435.24804071,7912.94957600
4,387,0.000000,0.392000,0.00000000,106.72863180,0.00000000,88.92828412,0.00000000,0.00000000,94.69756566,106.72863180,101.68074366,1745.79450000,26784.40694055,7912.94957600
4,388,0.000000,0.364000,0.00000000,107.32720193,0.00000000,74.35422000,0.00000000,0.00000000,94.69756566,107.32720193,101.68074366,1745.79450000,26784.40694034,9891.18697000
4,389,0.000000,0.343000,0.00000000,107.32720193,0.00000000,63.87259951,0.00000000,0.00000000,94.69756566,107.32720193,101.68074366,1745.79450000,26784.40694014,9891.18697000
4,390,0.000000,0.325000,0.00000000,106.72863180,0.00000000,55.48692349,0.00000000,0.00000000,94.69756566,106.72863180,101.68074366,1745.79450000,27133.56583997,7912.94957600
4,391,0.101000,0.319000,16.15819765,90.57043415,0.00000000,68.65037243,0.00000000,0.00000000,94.69756566,106.72863180,101.68074366,1745.79450000,27482.72473981,7912.94957600
4,392,0.275000,0.523000,43.99509262,62.73353919,0.00000000,198.30872364,0.00000000,0.00000000,94.69756566,106.72863180,101.68074366,1745.79450000,27831.88363964,7912.94957600
4,393,0.418000,0.486000,66.87254078,40.45466115,0.00000000,202.11998461,0.00000000,0.00000000,94.69756566,107.32720193,101.68074366,1745.79450000,27831.88363944,9891.18697000
4,394,0.520000,0.379000,72.94337341,0.00000000,10.24734717,189.16829371,0.00000000,0.00000000,63.67817400,72.94337341,68.65710075,1244.73168631,27679.97972559,7912.94957600
4,395,0.596000,0.291000,95.34936436,11.97783757,0.00000000,133.26747502,0.00000000,0.00000000,94.69756566,107.32720193,101.68074366,1745.79450000,27679.97972538,9891.18697000
4,396,0.613000,0.237000,98.06906099,9.25814093,0.00000000,109.03443324,0.00000000,0.00000000,94.69756566,107.32720193,101.68074366,1745.79450000,27679.97972518,9891.18697000
4,397,0.568000,0.220000,2.99285063,0.00000000,87.87701340,109.80745281,0.00000000,0.00000000,0.00000000,2.99285063,0.00000000,0.00000000,25934.18522497,9891.18697000
4,398,0.457000,0.222000,73.11184482,34.21535711,0.00000000,76.59034528,0.00000000,0.00000000,94.69756566,107.32720193,101.68074366,1745.79450000,25934.18522477,9891.18697000
4,399,0.345000,0.237000,55.19384346,51.53478834,0.00000000,66.75778583,0.00000000,0.00000000,94.69756566,106.72863180,101.68074366,1745.79450000,26283.34412460,7912.94957600
4,400,0.204000,0.270000,32.63635961,74.09227219,0.00000000,60.67141990,0.00000000,0.00000000,94.69756566,106.72863180,101.68074366,1745.79450000,26632.50302444,7912.94957600
4,401,0.062000,0.305000,9.91889361,96.80973819,0.00000000,55.42332139,0.00000000,0.00000000,94.69756566,106.72863180,101.68074366,1745.79450000,26981.66192428,7912.94957600
4,402,0.000000,0.334000,0.00000000,106.72863180,0.00000000,59.97904656,0.00000000,0.00000000,94.69756566,106.72863180,101.68074366,1745.79450000,27330.82082411,7912.94957600
4,403,0.000000,0.373000,0.00000000,106.72863180,0.00000000,79.44491320,0.00000000,0.00000000,94.69756566,106.72863180,101.68074366,1745.79450000,27679.97972395,7912.94957600
4,404,0.000000,0.379000,0.00000000,107.06678999,0.00000000,82.10150372,0.00000000,0.00000000,94.69756566,107.06678999,101.68074366,1745.79450000,27831.88363944,9030.54155528
4,405,0.000000,0.438000,0.00000000,107.32720193,0.00000000,111.28945413,0.00000000,0.00000000,94.69756566,107.32720193,101.68074366,1745.79450000,27831.88363923,9891.18697000
4,406,0.000000,0.496000,0.00000000,89.89674172,0.00000000,157.66915190,0.00000000,0.00000000,78.66539600,89.89674172,84.63531998,1492.48099468,27578.57013371,9891.18697000
4,407,0.000000,0.459000,0.00000000,107.32720193,0.00000000,121.77107463,0.00000000,0.00000000,94.69756566,107.32720193,101.68074366,1745.79450000,27578.57013350,9891.18697000
4,408,0.000000,0.406000,0.00000000,107.32720193,0.00000000,95.31746100,0.00000000,0.00000000,94.69756566,107.32720193,101.68074366,1745.79450000,27578.57013330,9891.18697000
4,409,0.000000,0.373000,0.00000000,89.89674172,0.00000000,96.27680328,0.00000000,0.00000000,78.66539600,89.89674172,84.63531998,1492.48099468,27325.25662777,9891.18697000
4,410,0.000000,0.389000,0.00000000,107.32720193,0.00000000,86.83233964,0.00000000,0.00000000,94.69756566,107.32720193,101.68074366,1745.79450000,27325.25662756,9891.18697000
4,411,0.000000,0.403000,0.00000000,107.32720193,0.00000000,93.82008664,0.00000000,0.00000000,94.69756566,107.32720193,101.68074366,1745.79450000,27325.25662736,9891.18697000
4,412,0.000000,0.392000,0.00000000,106.72863180,0.00000000,88.92828412,0.00000000,0.00000000,94.69756566,106.72863180,101.68074366,1745.79450000,27674.41552719,7912.94957600
4,413,0.000000,0.352000,0.00000000,107.05725117,0.00000000,68.63467333,0.00000000,0.00000000,94.69756566,107.05725117,101.68074366,1745.79450000,27831.88363944,8999.01636120
4,414,0.000000,0.332000,0.00000000,89.46248128,0.00000000,76.24694751,0.00000000,0.00000000,78.66539600,89.46248128,84.63531998,1492.48099468,27831.88363944,8455.98297267
4,415,0.080000,0.334000,12.79857240,77.09816932,0.00000000,89.60950905,0.00000000,0.00000000,78.66539600,89.89674172,84.63531998,1492.48099468,27578.57013391,9891.18697000
4,416,0.234000,0.481000,37.43582426,52.46091745,0.00000000,187.61810438,0.00000000,0.00000000,78.66539600,89.89674172,84.63531998,1492.48099468,27325.25662838,9891.18697000
4,417,0.368000,0.513000,58.87343303,47.85519877,0.00000000,208.19581620,0.00000000,0.00000000,94.69756566,106.72863180,101.68074366,1745.79450000,27674.41552822,7912.94957600
4,418,0.493000,0.473000,78.87120240,28.45599953,0.00000000,207.63002402,0.00000000,0.00000000,94.69756566,107.32720193,101.68074366,1745.79450000,27674.41552801,9891.18697000
4,419,0.568000,0.426000,90.86986402,16.18738715,0.00000000,196.43977148,0.00000000,0.00000000,94.69756566,107.05725117,101.68074366,1745.79450000,27831.88363944,8999.01636585
4,420,0.585000,0.376000,93.58956065,13.73764127,0.00000000,173.93327809,0.00000000,0.00000000,94.69756566,107.32720193,101.68074366,1745.79450000,27831.88363923,9891.18697000
4,421,0.516000,0.351000,73.54194353,0.00000000,9.00884843,175.19279972,0.00000000,0.00000000,63.67817400,73.54194353,68.65710075,1244.73168631,27330.82082534,9891.18697000
4,422,0.444000,0.357000,71.03207680,35.69655500,0.00000000,142.49099344,0.00000000,0.00000000,94.69756566,106.72863180,101.68074366,1745.79450000,27679.97972518,7912.94957600
4,423,0.341000,0.379000,54.55391484,34.74425675,0.00000000,154.42403697,0.00000000,0.00000000,78.66539600,89.29817159,84.63531998,1492.48099468,27775.82511969,7912.94957600
4,424,0.206000,0.428000,32.95632392,74.27477575,0.00000000,139.35063245,0.00000000,0.00000000,94.69756566,107.23109968,101.68074366,1745.79450000,27831.88363944,9573.57495892
4,425,0.067000,0.494000,10.71880438,79.17793733,0.00000000,167.38970671,0.00000000,0.00000000,78.66539600,89.89674172,84.63531998,1492.48099468,27578.57013391,9891.18697000
4,426,0.000000,0.500000,0.00000000,107.32720193,0.00000000,142.23519084,0.00000000,0.00000000,94.69756566,107.32720193,101.68074366,1745.79450000,27578.57013371,9891.18697000
4,427,0.000000,0.485000,0.00000000,89.89674172,0.00000000,152.17877926,0.00000000,0.00000000,78.66539600,89.89674172,84.63531998,1492.48099468,27325.25662818,9891.18697000
4,428,0.000000,0.498000,0.00000000,89.89674172,0.00000000,158.66740147,0.00000000,0.00000000,78.66539600,89.89674172,84.63531998,1492.48099468,27071.94312265,9891.18697000
4,429,0.000000,0.460000,0.00000000,106.72863180,0.00000000,122.86876954,0.00000000,0.00000000,94.69756566,106.72863180,101.68074366,1745.79450000,27421.10202248,7912.94957600
4,430,0.000000,0.444000,0.00000000,106.78730042,0.00000000,114.82410435,0.00000000,0.00000000,94.69756566,106.78730042,101.68074366,1745.79450000,27736.03824493,8106.84576518
4,431,0.000000,0.432000,0.00000000,89.29817159,0.00000000,126.32373575,0.00000000,0.00000000,78.66539600,89.29817159,84.63531998,1492.48099468,27831.88363944,7912.94957600
4,432,0.000000,0.400000,0.00000000,73.54194353,0.00000000,126.10797067,0.00000000,0.00000000,63.67817400,73.54194353,68.65710075,1244.73168631,27330.82082555,9891.18697000
4,433,0.000000,0.381000,0.00000000,106.72863180,0.00000000,83.43791148,0.00000000,0.00000000,94.69756566,106.72863180,101.68074366,1745.79450000,27679.97972538,7912.94957600
4,434,0.000000,0.367000,0.00000000,89.89674197,0.00000000,93.28205431,0.00000000,0.00000000,78.66539600,89.89674197,84.63532017,1492.48104146,27426.66626663,9891.18697000
4,435,0.000000,0.356000,0.00000000,89.89674172,0.00000000,87.79168193,0.00000000,0.00000000,78.66539600,89.89674172,84.63531998,1492.48099468,27173.35276110,9891.18697000
4,436,0.000000,0.331000,0.00000000,106.79683932,0.00000000,58.41346469,0.00000000,0.00000000,94.69756566,106.79683932,101.68074366,1745.79450000,27482.72473981,8138.37122547
4,437,0.000000,0.323000,0.00000000,107.32720193,0.00000000,53.89010380,0.00000000,0.00000000,94.69756566,107.32720193,101.68074366,1745.79450000,27482.72473960,9891.18697000
4,438,0.000000,0.320000,0.00000000,106.72863180,0.00000000,52.99129957,0.00000000,0.00000000,94.69756566,106.72863180,101.68074366,1745.79450000,27831.88363944,7912.94957600
4,439,0.093000,0.368000,14.87834041,92.44886151,0.00000000,91.22905956,0.00000000,0.00000000,94.69756566,107.32720193,101.68074366,1745.79450000,27831.88363923,9891.18697000
4,440,0.259000,0.604000,41.43537814,65.89182379,0.00000000,235.57954667,0.00000000,0.00000000,94.69756566,107.32720193,101.68074366,1745.79450000,27831.88363903,9891.18697000
4,441,0.408000,0.625000,65.27271923,42.05448270,0.00000000,269.89850825,0.00000000,0.00000000,94.69756566,107.32720193,101.68074366,1745.79450000,27831.88363882,9891.18697000
4,442,0.520000,0.575000,83.19072058,17.54137139,0.00000000,269.45538028,0.00000000,0.00000000,88.63152254,100.73209197,95.23131878,1649.94905953,27736.03819815,9891.18697000
4,443,0.589000,0.510000,89.29817185,0.00000000,4.93131743,254.55364062,0.00000000,0.00000000,78.66539600,89.29817185,84.63532017,1492.48104146,27831.88363944,7912.94957600
4,444,0.610000,0.454000,97.58911453,9.73808740,0.00000000,216.86456523,0.00000000,0.00000000,94.69756566,107.32720193,101.68074366,1745.79450000,27831.88363923,9891.18697000
4,445,0.555000,0.418000,88.79009601,18.53710592,0.00000000,190.09705443,0.00000000,0.00000000,94.69756566,107.32720193,101.68074366,1745.79450000,27831.88363944,9891.18696768
4,446,0.460000,0.410000,73.59179128,16.30495043,0.00000000,188.33621163,0.00000000,0.00000000,78.66539600,89.89674172,84.63531998,1492.48099468,27578.57013391,9891.18697000
4,447,0.353000,0.431000,44.07720969,0.00000000,12.39649102,215.12278256,0.00000000,0.00000000,36.84682300,44.07720969,39.91750131,767.66957627,26600.44520997,9891.18697000
4,448,0.222000,0.476000,35.51603840,71.81116352,0.00000000,165.77223439,0.00000000,0.00000000,94.69756566,107.32720193,101.68074366,1745.79450000,26600.44520977,9891.18697000
4,449,0.075000,0.533000,11.99866162,94.74322026,0.00000000,171.29029043,0.00000000,0.00000000,94.69756566,106.74188188,101.68074366,1745.79450000,26941.87505197,7956.74027079
4,450,0.000000,0.556000,0.00000000,89.89674172,0.00000000,187.61663903,0.00000000,0.00000000,78.66539600,89.89674172,84.63531998,1492.48099468,26688.56154645,9891.18697000
4,451,0.000000,0.547000,0.00000000,106.72863180,0.00000000,166.29262588,0.00000000,0.00000000,94.69756566,106.72863180,101.68074366,1745.79450000,27037.72044628,7912.94957600
4,452,0.000000,0.574000,0.00000000,107.32720193,0.00000000,179.17042496,0.00000000,0.00000000,94.69756566,107.32720193,101.68074366,1745.79450000,27037.72044608,9891.18697000
4,453,0.000000,0.579000,0.00000000,106.72863180,0.00000000,182.26461902,0.00000000,0.00000000,94.69756566,106.72863180,101.68074366,1745.79450000,27386.87934591,7912.94957600
4,454,0.000000,0.556000,0.00000000,89.89674172,0.00000000,187.61663903,0.00000000,0.00000000,78.66539600,89.89674172,84.63531998,1492.48099468,27133.56584038,9891.18697000
4,455,0.000000,0.532000,0.00000000,107.32720193,0.00000000,158.20718397,0.00000000,0.00000000,94.69756566,107.32720193,101.68074366,1745.79450000,27133.56584018,9891.18697000
4,456,0.000000,0.532000,0.00000000,106.72863180,0.00000000,158.80575410,0.00000000,0.00000000,94.69756566,106.72863180,101.68074366,1745.79450000,27482.72474001,7912.94957600
4,457,0.000000,0.509000,0.00000000,107.32720193,0.00000000,146.72731390,0.00000000,0.00000000,94.69756566,107.32720193,101.68074366,1745.79450000,27482.72473981,9891.18697000
4,458,0.000000,0.513000,0.00000000,107.32720193,0.00000000,148.72381305,0.00000000,0.00000000,94.69756566,107.32720193,101.68074366,1745.79450000,27482.72473960,9891.18697000
4,459,0.000000,0.496000,0.00000000,106.72863180,0.00000000,140.83726182,0.00000000,0.00000000,94.69756566,106.72863180,101.68074366,1745.79450000,27831.88363944,7912.94957600
4,460,0.000000,0.476000,0.00000000,89.89674172,0.00000000,147.68665619,0.00000000,0.00000000,78.66539600,89.89674172,84.63531998,1492.48099468,27578.57013391,9891.18697000
4,461,0.000000,0.468000,0.00000000,107.32720193,0.00000000,126.26319770,0.00000000,0.00000000,94.69756566,107.32720193,101.68074366,1745.79450000,27578.57013371,9891.18697000
4,462,0.000000,0.476000,0.00000000,107.32720193,0.00000000,130.25619598,0.00000000,0.00000000,94.69756566,107.32720193,101.68074366,1745.79450000,27578.57013350,9891.18697000
4,463,0.104000,0.474000,16.63814412,90.25479737,0.00000000,146.33035097,0.00000000,0.00000000,94.69756566,106.89294149,101.68074366,1745.79450000,27831.88363944,8455.98296918
4,464,0.288000,0.715000,46.07486063,11.59515406,0.00000000,345.27906759,0.00000000,0.00000000,49.73928100,57.67001469,53.75120360,1002.98064984,27438.22868911,7912.94957600
4,465,0.443000,0.763000,70.87209465,36.35874485,0.00000000,344.47346650,0.00000000,0.00000000,94.69756566,107.23083950,101.68074366,1745.79450000,27494.43897526,9572.71509267
4,466,0.554000,0.703000,88.63011385,18.69708807,0.00000000,332.18763615,0.00000000,0.00000000,94.69756566,107.32720193,101.68074366,1745.79450000,27494.43897505,9891.18697000
4,467,0.617000,0.622000,30.97213435,0.00000000,67.73685526,310.45561659,0.00000000,0.00000000,25.00174700,30.97213435,27.15938231,539.40882693,26288.05330177,9891.18697000
4,468,0.635000,0.540000,89.29817159,0.00000000,12.29049681,269.52738418,0.00000000,0.00000000,78.66539600,89.29817159,84.63531998,1492.48099468,26383.89869628,7912.94957600
4,469,0.607000,0.468000,0.00000000,89.29817159,97.10916806,144.29222803,0.00000000,0.00000000,78.66539600,89.29817159,84.63531998,1492.48099468,26479.74409079,7912.94957600
4,470,0.526000,0.428000,84.15061351,22.57801829,0.00000000,191.04738991,0.00000000,0.00000000,94.69756566,106.72863180,101.68074366,1745.79450000,26828.90299063,7912.94957600
4,471,0.409000,0.428000,65.43270138,41.29593042,0.00000000,172.32947778,0.00000000,0.00000000,94.69756566,106.72863180,101.68074366,1745.79450000,27178.06189047,7912.94957600
4,472,0.249000,0.466000,39.83555659,66.89307521,0.00000000,165.69907484,0.00000000,0.00000000,94.69756566,106.72863180,101.68074366,1745.79450000,27527.22079030,7912.94957600
4,473,0.079000,0.535000,0.00000000,58.26858481,12.63859024,208.76317544,0.00000000,0.00000000,49.73928100,58.26858481,53.75120360,1002.98064984,26784.40693993,9891.18697000
4,474,0.000000,0.619000,0.00000000,106.72863180,0.00000000,202.22961044,0.00000000,0.00000000,94.69756566,106.72863180,101.68074366,1745.79450000,27133.56583977,7912.94957600
4,475,0.000000,0.664000,0.00000000,106.72863180,0.00000000,224.69022579,0.00000000,0.00000000,94.69756566,106.72863180,101.68074366,1745.79450000,27482.72473960,7912.94957600
4,476,0.000000,0.684000,0.00000000,106.72863180,0.00000000,234.67272150,0.00000000,0.00000000,94.69756566,106.72863180,101.68074366,1745.79450000,27831.88363944,7912.94957600
4,477,0.000000,0.668000,0.00000000,58.26858481,0.00000000,275.14677192,0.00000000,0.00000000,49.73928100,58.26858481,53.75120360,1002.98064984,27089.06978907,9891.18697000
4,478,0.000000,0.646000,0.00000000,107.25092145,0.00000000,215.18369000,0.00000000,0.00000000,94.69756566,107.25092145,101.68074366,1745.79450000,27133.56583977,9639.08469860
4,479,0.000000,0.618000,0.00000000,106.72863180,0.00000000,201.73048565,0.00000000,0.00000000,94.69756566,106.72863180,101.68074366,1745.79450000,27482.72473960,7912.94957600
4,480,0.000000,0.583000,0.00000000,106.72863180,0.00000000,184.26111816,0.00000000,0.00000000,94.69756566,106.72863180,101.68074366,1745.79450000,27831.88363944,7912.94957600
4,481,0.000000,0.533000,0.00000000,57.67001469,0.00000000,208.36349600,0.00000000,0.00000000,49.73928100,57.67001469,53.75120360,1002.98064984,27438.22868911,7912.94957600
4,482,0.000000,0.481000,0.00000000,107.32720193,0.00000000,132.75181991,0.00000000,0.00000000,94.69756566,107.32720193,101.68074366,1745.79450000,27438.22868891,9891.18697000
4,483,0.000000,0.433000,0.00000000,106.72863180,0.00000000,109.39240033,0.00000000,0.00000000,94.69756566,106.72863180,101.68074366,1745.79450000,27787.38758874,7912.94957600
4,484,0.000000,0.398000,0.00000000,107.32720193,0.00000000,91.32446271,0.00000000,0.00000000,94.69756566,107.32720193,101.68074366,1745.79450000,27787.38758854,9891.18697000
4,485,0.000000,0.369000,0.00000000,107.32720193,0.00000000,76.84984393,0.00000000,0.00000000,94.69756566,107.32720193,101.68074366,1745.79450000,27787.38758833,9891.18697000
4,486,0.000000,0.346000,0.00000000,107.32720193,0.00000000,65.36997386,0.00000000,0.00000000,94.69756566,107.32720193,101.68074366,1745.79450000,27787.38758813,9891.18697000
4,487,0.105000,0.320000,16.79812627,90.52907565,0.00000000,69.19085571,0.00000000,0.00000000,94.69756566,107.32720193,101.68074366,1745.79450000,27787.38758792,9891.18697000
4,488,0.287000,0.670000,45.91487848,61.41232345,0.00000000,273.00128285,0.00000000,0.00000000,94.69756566,107.32720193,101.68074366,1745.79450000,27787.38758772,9891.18697000
4,489,0.443000,0.699000,70.87209465,18.51410615,0.00000000,330.37411893,0.00000000,0.00000000,78.66539600,89.38620080,84.63531998,1492.48099468,27831.88363944,8203.88069662
4,490,0.552000,0.604000,88.31014954,1.58659217,0.00000000,299.88477828,0.00000000,0.00000000,78.66539600,89.89674172,84.63531998,1492.48099468,27578.57013391,9891.18697000
4,491,0.614000,0.502000,89.89674172,0.00000000,8.33230143,250.56064233,0.00000000,0.00000000,78.66539600,89.89674172,84.63531998,1492.48099468,27325.25662838,9891.18697000
4,492,0.632000,0.422000,101.10872194,5.61990986,0.00000000,205.01074963,0.00000000,0.00000000,94.69756566,106.72863180,101.68074366,1745.79450000,27674.41552822,7912.94957600
4,493,0.605000,0.372000,96.78920375,10.43235711,0.00000000,175.24206311,0.00000000,0.00000000,94.69756566,107.22156086,101.68074366,1745.79450000,27736.03824493,9542.04976367
4,494,0.534000,0.358000,85.43047075,3.86770084,0.00000000,174.81897238,0.00000000,0.00000000,78.66539600,89.29817159,84.63531998,1492.48099468,27831.88363944,7912.94957600
4,495,0.418000,0.383000,0.00000000,44.07720969,66.87254078,147.08758317,0.00000000,0.00000000,36.84682300,44.07720969,39.91750131,767.66957627,26853.75871550,9891.18697000
4,496,0.225000,0.454000,35.99598487,53.30218672,0.00000000,173.30046590,0.00000000,0.00000000,78.66539600,89.29817159,84.63531998,1492.48099468,26949.60411002,7912.94957600
4,497,0.074000,0.550000,11.83867947,94.88995233,0.00000000,179.62867970,0.00000000,0.00000000,94.69756566,106.72863180,101.68074366,1745.79450000,27298.76300985,7912.94957600
4,498,0.000000,0.616000,0.00000000,73.54194353,0.00000000,233.91892435,0.00000000,0.00000000,63.67817400,73.54194353,68.65710075,1244.73168631,26797.70019596,9891.18697000
4,499,0.000000,0.613000,0.00000000,106.72863180,0.00000000,199.23486172,0.00000000,0.00000000,94.69756566,106.72863180,101.68074366,1745.79450000,27146.85909579,7912.94957600
4,500,0.000000,0.649000,0.00000000,89.89674172,0.00000000,234.03524409,0.00000000,0.00000000,78.66539600,89.89674172,84.63531998,1492.48099468,26893.54559026,9891.18697000
4,501,0.000000,0.658000,0.00000000,106.72863180,0.00000000,221.69547707,0.00000000,0.00000000,94.69756566,106.72863180,101.68074366,1745.79450000,27242.70449010,7912.94957600
4,502,0.000000,0.647000,0.00000000,72.94337341,0.00000000,249.99036282,0.00000000,0.00000000,63.67817400,72.94337341,68.65710075,1244.73168631,27090.80057625,7912.94957600
4,503,0.000000,0.635000,0.00000000,89.89674172,0.00000000,227.04749709,0.00000000,0.00000000,78.66539600,89.89674172,84.63531998,1492.48099468,26837.48707072,9891.18697000
4,504,0.000000,0.621000,0.00000000,106.72863180,0.00000000,203.22786001,0.00000000,0.00000000,94.69756566,106.72863180,101.68074366,1745.79450000,27186.64597055,7912.94957600
4,505,0.000000,0.606000,0.00000000,107.32720193,0.00000000,195.14241810,0.00000000,0.00000000,94.69756566,107.32720193,101.68074366,1745.79450000,27186.64597035,9891.18697000
4,506,0.000000,0.543000,0.00000000,106.72863180,0.00000000,164.29612674,0.00000000,0.00000000,94.69756566,106.72863180,101.68074366,1745.79450000,27535.80487019,7912.94957600
4,507,0.000000,0.498000,0.00000000,89.89674172,0.00000000,158.66740147,0.00000000,0.00000000,78.66539600,89.89674172,84.63531998,1492.48099468,27282.49136466,9891.18697000
4,508,0.000000,0.474000,0.00000000,107.32720193,0.00000000,129.25794641,0.00000000,0.00000000,94.69756566,107.32720193,101.68074366,1745.79450000,27282.49136445,9891.18697000
4,509,0.000000,0.449000,0.00000000,106.72863180,0.00000000,117.37839690,0.00000000,0.00000000,94.69756566,106.72863180,101.68074366,1745.79450000,27631.65026429,7912.94957600
4,510,0.000000,0.402000,0.00000000,106.98393782,0.00000000,93.66422596,0.00000000,0.00000000,94.69756566,106.98393782,101.68074366,1745.79450000,27831.88364005,8756.72025061
4,511,0.089000,0.437000,14.23841179,93.08879013,0.00000000,125.02874114,0.00000000,0.00000000,94.69756566,107.32720193,101.68074366,1745.79450000,27831.88363985,9891.18697000
4,512,0.262000,0.720000,41.91532460,65.41187732,0.00000000,293.95796825,0.00000000,0.00000000,94.69756566,107.32720193,101.68074366,1745.79450000,27831.88363964,9891.18697000
4,513,0.426000,0.744000,68.15239802,39.17480391,0.00000000,332.17403652,0.00000000,0.00000000,94.69756566,107.32720193,101.68074366,1745.79450000,27831.88363944,9891.18697000
4,514,0.539000,0.669000,44.07720969,0.00000000,42.15317184,333.91448151,0.00000000,0.00000000,36.84682300,44.07720969,39.91750131,767.66957627,26853.75871550,9891.18697000
4,515,0.605000,0.595000,0.00000000,89.29817159,96.78920375,207.68107579,0.00000000,0.00000000,78.66539600,89.29817159,84.63531998,1492.48099468,26949.60411002,7912.94957600
4,516,0.620000,0.548000,0.00000000,89.43031282,99.18893608,184.09006965,0.00000000,0.00000000,78.66539600,89.43031282,84.63531998,1492.48099468,26968.36867009,8349.66818468
4,517,0.592000,0.529000,43.47863956,0.00000000,51.23079618,264.03701154,0.00000000,0.00000000,36.84682300,43.47863956,39.91750131,767.66957627,26339.40264620,7912.94957600
4,518,0.525000,0.528000,83.99063136,22.73800044,0.00000000,240.79988631,0.00000000,0.00000000,94.69756566,106.72863180,101.68074366,1745.79450000,26688.56154604,7912.94957600
4,519,0.406000,0.557000,64.95275492,42.37444701,0.00000000,235.63805853,0.00000000,0.00000000,94.69756566,107.32720193,101.68074366,1745.79450000,26688.56154583,9891.18697000
4,520,0.215000,0.612000,34.39616332,55.50057840,0.00000000,249.96379034,0.00000000,0.00000000,78.66539600,89.89674172,84.63531998,1492.48099468,26435.24804030,9891.18697000
4,521,0.072000,0.666000,11.51871516,95.80848677,0.00000000,236.60862039,0.00000000,0.00000000,94.69756566,107.32720193,101.68074366,1745.79450000,26435.24804010,9891.18697000
4,522,0.000000,0.692000,0.00000000,106.72863180,0.00000000,238.66571978,0.00000000,0.00000000,94.69756566,106.72863180,101.68074366,1745.79450000,26784.40693993,7912.94957600
4,523,0.000000,0.702000,0.00000000,106.72863180,0.00000000,243.65696764,0.00000000,0.00000000,94.69756566,106.72863180,101.68074366,1745.79450000,27133.56583977,7912.94957600
4,524,0.000000,0.741000,0.00000000,106.72863180,0.00000000,263.12283427,0.00000000,0.00000000,94.69756566,106.72863180,101.68074366,1745.79450000,27482.72473960,7912.94957600
4,525,0.000000,0.741000,0.00000000,106.72863180,0.00000000,263.12283427,0.00000000,0.00000000,94.69756566,106.72863180,101.68074366,1745.79450000,27831.88363944,7912.94957600
4,526,0.000000,0.735000,0.00000000,89.89674172,0.00000000,276.95997564,0.00000000,0.00000000,78.66539600,89.89674172,84.63531998,1492.48099468,27578.57013391,9891.18697000
4,527,0.000000,0.699000,0.00000000,89.29817159,0.00000000,259.59005349,0.00000000,0.00000000,78.66539600,89.29817159,84.63531998,1492.48099468,27674.41552842,7912.94957600
4,528,0.000000,0.637000,0.00000000,107.22156086,0.00000000,210.72092752,0.00000000,0.00000000,94.69756566,107.22156086,101.68074366,1745.79450000,27736.03824554,9542.04976135
4,529,0.000000,0.580000,0.00000000,107.32720193,0.00000000,182.16517368,0.00000000,0.00000000,94.69756566,107.32720193,101.68074366,1745.79450000,27736.03824534,9891.18697000
4,530,0.000000,0.501000,0.00000000,107.32720193,0.00000000,142.73431562,0.00000000,0.00000000,94.69756566,107.32720193,101.68074366,1745.79450000,27736.03824513,9891.18697000
4,531,0.000000,0.462000,0.00000000,89.29817159,0.00000000,141.29747932,0.00000000,0.00000000,78.66539600,89.29817159,84.63531998,1492.48099468,27831.88363964,7912.94957600
4,532,0.000000,0.437000,0.00000000,107.32720193,0.00000000,110.79032935,0.00000000,0.00000000,94.69756566,107.32720193,101.68074366,1745.79450000,27831.88363944,9891.18697000
4,533,0.000000,0.410000,0.00000000,107.32720193,0.00000000,97.31396014,0.00000000,0.00000000,94.69756566,107.32720193,101.68074366,1745.79450000,27831.88363944,9891.18696884
4,534,0.000000,0.382000,0.00000000,107.32720193,0.00000000,83.33846614,0.00000000,0.00000000,94.69756566,107.32720193,101.68074366,1745.79450000,27831.88363923,9891.18697000
4,535,0.105000,0.294000,16.79812627,90.52907565,0.00000000,56.21361129,0.00000000,0.00000000,94.69756566,107.32720193,101.68074366,1745.79450000,27831.88363903,9891.18697000
4,536,0.290000,0.700000,46.39482494,27.14711859,0.00000000,322.24023127,0.00000000,0.00000000,63.67817400,73.54194353,68.65710075,1244.73168631,27330.82082514,9891.18697000
4,537,0.445000,0.829000,71.19205896,35.53657284,0.00000000,378.23787436,0.00000000,0.00000000,94.69756566,106.72863180,101.68074366,1745.79450000,27679.97972497,7912.94957600
4,538,0.555000,0.804000,88.79009601,18.53710592,0.00000000,382.75922164,0.00000000,0.00000000,94.69756566,107.32720193,101.68074366,1745.79450000,27679.97972477,9891.18697000
4,539,0.619000,0.766000,0.00000000,89.89674172,99.02895392,292.43284399,0.00000000,0.00000000,78.66539600,89.89674172,84.63531998,1492.48099468,27426.66621924,9891.18697000
4,540,0.636000,0.737000,89.89674197,0.00000000,11.85190858,367.85496693,0.00000000,0.00000000,78.66539600,89.89674197,84.63532017,1492.48104146,27173.35276049,9891.18697000
4,541,0.609000,0.715000,97.42913237,9.29949943,0.00000000,347.57472222,0.00000000,0.00000000,94.69756566,106.72863180,101.68074366,1745.79450000,27522.51166032,7912.94957600
4,542,0.540000,0.711000,86.39036368,3.50637829,0.00000000,351.37134421,0.00000000,0.00000000,78.66539600,89.89674197,84.63532017,1492.48104146,27269.19820158,9891.18697000
4,543,0.425000,0.728000,67.99241586,21.90432611,0.00000000,341.45851775,0.00000000,0.00000000,78.66539600,89.89674197,84.63532017,1492.48104146,27015.88474283,9891.18697000
4,544,0.266000,0.760000,42.55525322,64.77194870,0.00000000,314.56288829,0.00000000,0.00000000,94.69756566,107.32720193,101.68074366,1745.79450000,27015.88474262,9891.18697000
4,545,0.075000,0.785000,11.99866162,95.32854030,0.00000000,296.48441633,0.00000000,0.00000000,94.69756566,107.32720193,101.68074366,1745.79450000,27015.88474242,9891.18697000
4,546,0.000000,0.778000,0.00000000,98.28037797,0.00000000,290.03870517,0.00000000,0.00000000,86.37648768,98.28037797,92.83376280,1614.31878038,26884.40902259,9891.18697000
4,547,0.000000,0.735000,0.00000000,106.72863180,0.00000000,260.12808556,0.00000000,0.00000000,94.69756566,106.72863180,101.68074366,1745.79450000,27233.56792243,7912.94957600
4,548,0.000000,0.762000,0.00000000,107.32720193,0.00000000,273.00588464,0.00000000,0.00000000,94.69756566,107.32720193,101.68074366,1745.79450000,27233.56792222,9891.18697000
4,549,0.000000,0.768000,0.00000000,107.32720193,0.00000000,276.00063336,0.00000000,0.00000000,94.69756566,107.32720193,101.68074366,1745.79450000,27233.56792202,9891.18697000
4,550,0.000000,0.762000,0.00000000,106.90006738,0.00000000,273.43301919,0.00000000,0.00000000,94.69756566,106.90006738,101.68074366,1745.79450000,27482.72473981,8479.53361024
4,551,0.000000,0.756000,0.00000000,106.72863180,0.00000000,270.60970605,0.00000000,0.00000000,94.69756566,106.72863180,101.68074366,1745.79450000,27831.88363964,7912.94957600
4,552,0.000000,0.727000,0.00000000,107.32720193,0.00000000,255.53651715,0.00000000,0.00000000,94.69756566,107.32720193,101.68074366,1745.79450000,27831.88363944,9891.18697000
4,553,0.000000,0.682000,0.00000000,107.32720193,0.00000000,233.07590180,0.00000000,0.00000000,94.69756566,107.32720193,101.68074366,1745.79450000,27831.88363944,9891.18696884
4,554,0.000000,0.649000,0.00000000,73.36956081,0.00000000,250.56242499,0.00000000,0.00000000,63.67817400,73.36956081,68.65710075,1244.73168631,27431.37539620,9321.47268868
4,555,0.000000,0.586000,0.00000000,107.32720193,0.00000000,185.15992239,0.00000000,0.00000000,94.69756566,107.32720193,101.68074366,1745.79450000,27431.37539599,9891.18697000
4,556,0.000000,0.506000,0.00000000,106.72863180,0.00000000,145.82850967,0.00000000,0.00000000,94.69756566,106.72863180,101.68074366,1745.79450000,27780.53429583,7912.94957600
4,557,0.000000,0.437000,0.00000000,58.26858481,0.00000000,159.84894646,0.00000000,0.00000000,49.73928100,58.26858481,53.75120360,1002.98064984,27037.72044546,9891.18697000
4,558,0.000000,0.376000,0.00000000,89.89674172,0.00000000,97.77417764,0.00000000,0.00000000,78.66539600,89.89674172,84.63531998,1492.48099468,26784.40693993,9891.18697000
4,559,0.104000,0.369000,16.63814412,90.09048768,0.00000000,94.08655817,0.00000000,0.00000000,94.69756566,106.72863180,101.68074366,1745.79450000,27133.56583977,7912.94957600
4,560,0.287000,0.599000,45.91487848,60.81375333,0.00000000,238.16199320,0.00000000,0.00000000,94.69756566,106.72863180,101.68074366,1745.79450000,27482.72473960,7912.94957600
4,561,0.440000,0.733000,70.39214818,36.33648362,0.00000000,329.52198417,0.00000000,0.00000000,94.69756566,106.72863180,101.68074366,1745.79450000,27831.88363944,7912.94957600
4,562,0.546000,0.739000,57.67001469,0.00000000,29.68024192,368.85321650,0.00000000,0.00000000,49.73928100,57.67001469,53.75120360,1002.98064984,27438.22868911,7912.94957600
4,563,0.608000,0.710000,97.26915022,10.05805171,0.00000000,344.32054601,0.00000000,0.00000000,94.69756566,107.32720193,101.68074366,1745.79450000,27438.22868891,9891.18697000
4,564,0.625000,0.690000,99.98884685,7.33835507,0.00000000,337.05774694,0.00000000,0.00000000,94.69756566,107.32720193,101.68074366,1745.79450000,27438.22868870,9891.18697000
4,565,0.604000,0.687000,96.62922160,10.69798033,0.00000000,332.20074733,0.00000000,0.00000000,94.69756566,107.32720193,101.68074366,1745.79450000,27438.22868850,9891.18697000
4,566,0.534000,0.706000,85.43047075,21.29816105,0.00000000,331.08393753,0.00000000,0.00000000,94.69756566,106.72863180,101.68074366,1745.79450000,27787.38758833,7912.94957600
4,567,0.419000,0.733000,67.03252293,40.29467900,0.00000000,325.56378879,0.00000000,0.00000000,94.69756566,107.32720193,101.68074366,1745.79450000,27787.38758813,9891.18697000
4,568,0.264000,0.762000,42.23528891,47.66145281,0.00000000,332.67163376,0.00000000,0.00000000,78.66539600,89.89674172,84.63531998,1492.48099468,27534.07408260,9891.18697000
4,569,0.084000,0.770000,13.43850102,93.37816000,0.00000000,290.94792486,0.00000000,0.00000000,94.69756566,106.81666101,101.68074366,1745.79450000,27831.88363944,8203.88069778
4,570,0.000000,0.721000,0.00000000,89.89674172,0.00000000,269.97222865,0.00000000,0.00000000,78.66539600,89.89674172,84.63531998,1492.48099468,27578.57013391,9891.18697000
4,571,0.000000,0.636000,0.00000000,107.32720193,0.00000000,210.11616167,0.00000000,0.00000000,94.69756566,107.32720193,101.68074366,1745.79450000,27578.57013371,9891.18697000
4,572,0.000000,0.629000,0.00000000,107.32720193,0.00000000,206.62228817,0.00000000,0.00000000,94.69756566,107.32720193,101.68074366,1745.79450000,27578.57013350,9891.18697000
4,573,0.000000,0.658000,0.00000000,107.32720193,0.00000000,221.09690695,0.00000000,0.00000000,94.69756566,107.32720193,101.68074366,1745.79450000,27578.57013330,9891.18697000
4,574,0.000000,0.668000,0.00000000,73.54194353,0.00000000,259.87341319,0.00000000,0.00000000,63.67817400,73.54194353,68.65710075,1244.73168631,27077.50731940,9891.18697000
4,575,0.000000,0.663000,0.00000000,89.29817159,0.00000000,241.62156121,0.00000000,0.00000000,78.66539600,89.29817159,84.63531998,1492.48099468,27173.35271391,7912.94957600
4,576,0.000000,0.653000,0.00000000,107.32720193,0.00000000,218.60128302,0.00000000,0.00000000,94.69756566,107.32720193,101.68074366,1745.79450000,27173.35271371,9891.18697000
4,577,0.000000,0.635000,0.00000000,107.32720193,0.00000000,209.61703688,0.00000000,0.00000000,94.69756566,107.32720193,101.68074366,1745.79450000,27173.35271350,9891.18697000
4,578,0.000000,0.614000,0.00000000,107.32720193,0.00000000,199.13541638,0.00000000,0.00000000,94.69756566,107.32720193,101.68074366,1745.79450000,27173.35271330,9891.18697000
4,579,0.000000,0.597000,0.00000000,106.79683924,0.00000000,191.18065772,0.00000000,0.00000000,94.69756566,106.79683924,101.68074366,1745.79450000,27482.72473960,8138.37095578
4,580,0.000000,0.516000,0.00000000,106.72863180,0.00000000,150.81975753,0.00000000,0.00000000,94.69756566,106.72863180,101.68074366,1745.79450000,27831.88363944,7912.94957600
4,581,0.000000,0.480000,0.00000000,107.32720193,0.00000000,132.25269513,0.00000000,0.00000000,94.69756566,107.32720193,101.68074366,1745.79450000,27831.88363944,9891.18696884
4,582,0.000000,0.476000,0.00000000,89.89674172,0.00000000,147.68665619,0.00000000,0.00000000,78.66539600,89.89674172,84.63531998,1492.48099468,27578.57013391,9891.18697000
4,583,0.106000,0.510000,16.95810843,72.34006316,0.00000000,182.21357745,0.00000000,0.00000000,78.66539600,89.29817159,84.63531998,1492.48099468,27674.41552842,7912.94957600
4,584,0.292000,0.825000,46.71478925,60.61241268,0.00000000,351.16553538,0.00000000,0.00000000,94.69756566,107.32720193,101.68074366,1745.79450000,27674.41552822,9891.18697000
4,585,0.449000,0.856000,71.83198758,35.22526360,0.00000000,392.02555281,0.00000000,0.00000000,94.69756566,107.05725118,101.68074366,1745.79450000,27831.88363944,8999.01636701
4,586,0.560000,0.783000,89.59000678,17.73719515,0.00000000,373.07751192,0.00000000,0.00000000,94.69756566,107.32720193,101.68074366,1745.79450000,27831.88363923,9891.18697000
4,587,0.624000,0.678000,89.89674172,0.00000000,9.93212298,338.40660458,0.00000000,0.00000000,78.66539600,89.89674172,84.63531998,1492.48099468,27578.57013371,9891.18697000
4,588,0.642000,0.575000,102.70854349,4.18439800,0.00000000,282.81235368,0.00000000,0.00000000,94.69756566,106.89294149,101.68074366,1745.79450000,27831.88363944,8455.98297034
4,589,0.615000,0.516000,98.38902530,8.93817662,0.00000000,248.61021271,0.00000000,0.00000000,94.69756566,107.32720193,101.68074366,1745.79450000,27831.88363923,9891.18697000
4,590,0.539000,0.491000,86.23038153,3.23209975,0.00000000,241.83816994,0.00000000,0.00000000,78.66539600,89.46248128,84.63531998,1492.48099468,27831.88363944,8455.98297150
4,591,0.416000,0.506000,66.55257647,23.34416525,0.00000000,229.21297622,0.00000000,0.00000000,78.66539600,89.89674172,84.63531998,1492.48099468,27578.57013391,9891.18697000
4,592,0.249000,0.550000,39.83555659,67.49164534,0.00000000,207.02698670,0.00000000,0.00000000,94.69756566,107.32720193,101.68074366,1745.79450000,27578.57013371,9891.18697000
4,593,0.070000,0.589000,11.19875085,96.12845108,0.00000000,197.85604759,0.00000000,0.00000000,94.69756566,107.32720193,101.68074366,1745.79450000,27578.57013350,9891.18697000
4,594,0.000000,0.618000,0.00000000,89.29817159,0.00000000,219.16094586,0.00000000,0.00000000,78.66539600,89.29817159,84.63531998,1492.48099468,27674.41552801,7912.94957600
4,595,0.000000,0.615000,0.00000000,107.32720193,0.00000000,199.63454117,0.00000000,0.00000000,94.69756566,107.32720193,101.68074366,1745.79450000,27674.41552781,9891.18697000
4,596,0.000000,0.621000,0.00000000,107.32720193,0.00000000,202.62928988,0.00000000,0.00000000,94.69756566,107.32720193,101.68074366,1745.79450000,27674.41552760,9891.18697000
4,597,0.000000,0.590000,0.00000000,107.05725117,0.00000000,187.42637228,0.00000000,0.00000000,94.69756566,107.05725117,101.68074366,1745.79450000,27831.88363944,8999.01636352
4,598,0.000000,0.564000,0.00000000,72.94337341,0.00000000,208.56300563,0.00000000,0.00000000,63.67817400,72.94337341,68.65710075,1244.73168631,27679.97972559,7912.94957600
4,599,0.000000,0.548000,0.00000000,89.29817159,0.00000000,184.22221088,0.00000000,0.00000000,78.66539600,89.29817159,84.63531998,1492.48099468,27775.82512010,7912.94957600
4,600,0.000000,0.536000,0.00000000,107.32720193,0.00000000,160.20368311,0.00000000,0.00000000,94.69756566,107.32720193,101.68074366,1745.79450000,27775.82511989,9891.18697000
4,601,0.000000,0.556000,0.00000000,57.82625134,0.00000000,219.68712941,0.00000000,0.00000000,49.73928100,57.82625134,53.75120360,1002.98064984,27291.03395058,8429.30209149
4,602,0.000000,0.535000,0.00000000,89.29817159,0.00000000,177.73358866,0.00000000,0.00000000,78.66539600,89.29817159,84.63531998,1492.48099468,27386.87934509,7912.94957600
4,603,0.000000,0.506000,0.00000000,89.29817159,0.00000000,163.25896988,0.00000000,0.00000000,78.66539600,89.29817159,84.63531998,1492.48099468,27482.72473960,7912.94957600
4,604,0.000000,0.469000,0.00000000,106.72863180,0.00000000,127.36089261,0.00000000,0.00000000,94.69756566,106.72863180,101.68074366,1745.79450000,27831.88363944,7912.94957600
4,605,0.000000,0.441000,0.00000000,73.34973904,0.00000000,146.76429138,0.00000000,0.00000000,63.67817400,73.34973904,68.65710075,1244.73168631,27442.93786628,9255.96294319
4,606,0.000000,0.422000,0.00000000,89.89674172,0.00000000,120.73391777,0.00000000,0.00000000,78.66539600,89.89674172,84.63531998,1492.48099468,27189.62436075,9891.18697000
4,607,0.105000,0.380000,16.79812627,90.52907565,0.00000000,99.13834284,0.00000000,0.00000000,94.69756566,107.32720193,101.68074366,1745.79450000,27189.62436054,9891.18697000
4,608,0.289000,0.724000,46.23484279,26.70853062,0.00000000,334.65781409,0.00000000,0.00000000,63.67817400,72.94337341,68.65710075,1244.73168631,27037.72044669,7912.94957600
4,609,0.443000,0.708000,70.87209465,36.45510728,0.00000000,316.92524087,0.00000000,0.00000000,94.69756566,107.32720193,101.68074366,1745.79450000,27037.72044649,9891.18697000
4,610,0.551000,0.589000,88.15016739,19.17703454,0.00000000,274.80746413,0.00000000,0.00000000,94.69756566,107.32720193,101.68074366,1745.79450000,27037.72044628,9891.18697000
4,611,0.614000,0.474000,98.22904315,9.09815878,0.00000000,227.48698956,0.00000000,0.00000000,94.69756566,107.32720193,101.68074366,1745.79450000,27037.72044608,9891.18697000
4,612,0.632000,0.386000,101.10872194,5.61990986,0.00000000,187.04225735,0.00000000,0.00000000,94.69756566,106.72863180,101.68074366,1745.79450000,27386.87934591,7912.94957600
4,613,0.598000,0.326000,95.66932867,11.05930313,0.00000000,151.65537695,0.00000000,0.00000000,94.69756566,106.72863180,101.68074366,1745.79450000,27736.03824575,7912.94957600
4,614,0.495000,0.295000,79.19116671,28.13603522,0.00000000,119.10577651,0.00000000,0.00000000,94.69756566,107.32720193,101.68074366,1745.79450000,27736.03824554,9891.18697000
4,615,0.396000,0.294000,63.35293337,43.97426856,0.00000000,102.76841838,0.00000000,0.00000000,94.69756566,107.32720193,101.68074366,1745.79450000,27736.03824534,9891.18697000
4,616,0.226000,0.325000,36.15596702,71.17123490,0.00000000,91.04432039,0.00000000,0.00000000,94.69756566,107.32720193,101.68074366,1745.79450000,27736.03824513,9891.18697000
4,617,0.077000,0.393000,12.31862593,95.00857599,0.00000000,101.14746472,0.00000000,0.00000000,94.69756566,107.32720193,101.68074366,1745.79450000,27736.03824493,9891.18697000
4,618,0.000000,0.506000,0.00000000,89.29817159,0.00000000,163.25896988,0.00000000,0.00000000,78.66539600,89.29817159,84.63531998,1492.48099468,27831.88363944,7912.94957600
4,619,0.000000,0.565000,0.00000000,89.89674172,0.00000000,192.10876210,0.00000000,0.00000000,78.66539600,89.89674172,84.63531998,1492.48099468,27578.57013391,9891.18697000
4,620,0.000000,0.596000,0.00000000,107.32720193,0.00000000,190.15117025,0.00000000,0.00000000,94.69756566,107.32720193,101.68074366,1745.79450000,27578.57013371,9891.18697000
4,621,0.000000,0.632000,0.00000000,89.89674172,0.00000000,225.55012273,0.00000000,0.00000000,78.66539600,89.89674172,84.63531998,1492.48099468,27325.25662818,9891.18697000
4,622,0.000000,0.622000,0.00000000,107.32720193,0.00000000,203.12841467,0.00000000,0.00000000,94.69756566,107.32720193,101.68074366,1745.79450000,27325.25662797,9891.18697000
4,623,0.000000,0.620000,0.00000000,106.72863180,0.00000000,202.72873522,0.00000000,0.00000000,94.69756566,106.72863180,101.68074366,1745.79450000,27674.41552781,7912.94957600
4,624,0.000000,0.591000,0.00000000,107.05725117,0.00000000,187.92549707,0.00000000,0.00000000,94.69756566,107.05725117,101.68074366,1745.79450000,27831.88363944,8999.01636469
4,625,0.000000,0.566000,0.00000000,89.89674172,0.00000000,192.60788689,0.00000000,0.00000000,78.66539600,89.89674172,84.63531998,1492.48099468,27578.57013391,9891.18697000
4,626,0.000000,0.533000,0.00000000,107.32720193,0.00000000,158.70630876,0.00000000,0.00000000,94.69756566,107.32720193,101.68074366,1745.79450000,27578.57013371,9891.18697000
4,627,0.000000,0.498000,0.00000000,89.29817159,0.00000000,159.26597160,0.00000000,0.00000000,78.66539600,89.29817159,84.63531998,1492.48099468,27674.41552822,7912.94957600
4,628,0.000000,0.452000,0.00000000,89.79110065,0.00000000,135.81330240,0.00000000,0.00000000,78.66539600,89.79110065,84.63531998,1492.48099468,27482.72474001,9542.04976135
4,629,0.000000,0.394000,0.00000000,106.72863180,0.00000000,89.92653369,0.00000000,0.00000000,94.69756566,106.72863180,101.68074366,1745.79450000,27831.88363985,7912.94957600
4,630,0.000000,0.364000,0.00000000,107.32720193,0.00000000,74.35422000,0.00000000,0.00000000,94.69756566,107.32720193,101.68074366,1745.79450000,27831.88363964,9891.18697000
4,631,0.106000,0.428000,16.95810843,90.36909350,0.00000000,123.25631470,0.00000000,0.00000000,94.69756566,107.32720193,101.68074366,1745.79450000,27831.88363944,9891.18697000
4,632,0.292000,0.676000,46.71478925,26.82715428,0.00000000,310.58120073,0.00000000,0.00000000,63.67817400,73.54194353,68.65710075,1244.73168631,27330.82082555,9891.18697000
4,633,0.447000,0.674000,71.51202327,17.78614832,0.00000000,318.62395712,0.00000000,0.00000000,78.66539600,89.29817159,84.63531998,1492.48099468,27426.66622006,7912.94957600
4,634,0.556000,0.592000,88.95007816,0.94666356,0.00000000,294.53520947,0.00000000,0.00000000,78.66539600,89.89674172,84.63531998,1492.48099468,27173.35271453,9891.18697000
4,635,0.617000,0.503000,98.70898961,8.01964219,0.00000000,243.04012493,0.00000000,0.00000000,94.69756566,106.72863180,101.68074366,1745.79450000,27522.51161436,7912.94957600
4,636,0.633000,0.437000,101.26870409,6.05849783,0.00000000,212.05903344,0.00000000,0.00000000,94.69756566,107.32720193,101.68074366,1745.79450000,27522.51161416,9891.18697000
4,637,0.608000,0.395000,89.89674172,0.00000000,7.37240850,197.15429028,0.00000000,0.00000000,78.66539600,89.89674172,84.63531998,1492.48099468,27269.19810863,9891.18697000
4,638,0.539000,0.383000,86.23038153,3.06779006,0.00000000,188.09700279,0.00000000,0.00000000,78.66539600,89.29817159,84.63531998,1492.48099468,27365.04350314,7912.94957600
4,639,0.424000,0.414000,67.83243371,38.89619810,0.00000000,167.74146311,0.00000000,0.00000000,94.69756566,106.72863180,101.68074366,1745.79450000,27714.20240298,7912.94957600
4,640,0.260000,0.485000,41.59536029,65.53009832,0.00000000,176.54542265,0.00000000,0.00000000,94.69756566,107.12545861,101.68074366,1745.79450000,27831.88363944,9224.43775375
4,641,0.084000,0.571000,13.43850102,93.88870091,0.00000000,191.11155162,0.00000000,0.00000000,94.69756566,107.32720193,101.68074366,1745.79450000,27831.88363923,9891.18697000
4,642,0.000000,0.656000,0.00000000,73.44584129,0.00000000,253.98001802,0.00000000,0.00000000,63.67817400,73.44584129,68.65710075,1244.73168631,27386.87934530,9573.57495892
4,643,0.000000,0.718000,0.00000000,89.29817159,0.00000000,269.07342441,0.00000000,0.00000000,78.66539600,89.29817159,84.63531998,1492.48099468,27482.72473981,7912.94957600
4,644,0.000000,0.750000,0.00000000,106.72863180,0.00000000,267.61495734,0.00000000,0.00000000,94.69756566,106.72863180,101.68074366,1745.79450000,27831.88363964,7912.94957600
4,645,0.000000,0.768000,0.00000000,107.32720193,0.00000000,276.00063336,0.00000000,0.00000000,94.69756566,107.32720193,101.68074366,1745.79450000,27831.88363944,9891.18697000
4,646,0.000000,0.736000,0.00000000,89.79110065,0.00000000,277.56474149,0.00000000,0.00000000,78.66539600,89.79110065,84.63531998,1492.48099468,27640.19285062,9542.04976484
4,647,0.000000,0.740000,0.00000000,107.32720193,0.00000000,262.02513936,0.00000000,0.00000000,94.69756566,107.32720193,101.68074366,1745.79450000,27640.19285042,9891.18697000
4,648,0.000000,0.747000,0.00000000,89.29817159,0.00000000,283.54804319,0.00000000,0.00000000,78.66539600,89.29817159,84.63531998,1492.48099468,27736.03824493,7912.94957600
4,649,0.000000,0.714000,0.00000000,89.29817159,0.00000000,267.07692527,0.00000000,0.00000000,78.66539600,89.29817159,84.63531998,1492.48099468,27831.88363944,7912.94957600
4,650,0.000000,0.672000,0.00000000,89.89674172,0.00000000,245.51511415,0.00000000,0.00000000,78.66539600,89.89674172,84.63531998,1492.48099468,27578.57013391,9891.18697000
4,651,0.000000,0.574000,0.00000000,107.32720193,0.00000000,179.17042496,0.00000000,0.00000000,94.69756566,107.32720193,101.68074366,1745.79450000,27578.57013371,9891.18697000
4,652,0.000000,0.525000,0.00000000,107.32720193,0.00000000,154.71331047,0.00000000,0.00000000,94.69756566,107.32720193,101.68074366,1745.79450000,27578.57013350,9891.18697000
4,653,0.000000,0.457000,0.00000000,89.29817159,0.00000000,138.80185539,0.00000000,0.00000000,78.66539600,89.29817159,84.63531998,1492.48099468,27674.41552801,7912.94957600
4,654,0.000000,0.410000,0.00000000,73.54194353,0.00000000,131.09921853,0.00000000,0.00000000,63.67817400,73.54194353,68.65710075,1244.73168631,27173.35271412,9891.18697000
4,655,0.107000,0.491000,17.11809058,90.20911134,0.00000000,154.86115835,0.00000000,0.00000000,94.69756566,107.32720193,101.68074366,1745.79450000,27173.35271391,9891.18697000
4,656,0.293000,0.778000,46.87477140,59.85386040,0.00000000,328.46522274,0.00000000,0.00000000,94.69756566,106.72863180,101.68074366,1745.79450000,27522.51161375,7912.94957600
4,657,0.449000,0.801000,71.83198758,35.49521435,0.00000000,364.30373886,0.00000000,0.00000000,94.69756566,107.32720193,101.68074366,1745.79450000,27522.51161354,9891.18697000
4,658,0.557000,0.746000,89.11006032,18.21714161,0.00000000,354.12994839,0.00000000,0.00000000,94.69756566,107.32720193,101.68074366,1745.79450000,27522.51161334,9891.18697000
4,659,0.619000,0.663000,99.02895392,8.29824800,0.00000000,322.62148480,0.00000000,0.00000000,94.69756566,107.32720193,101.68074366,1745.79450000,27522.51161313,9891.18697000
4,660,0.637000,0.579000,101.90863271,5.41856921,0.00000000,283.57468160,0.00000000,0.00000000,94.69756566,107.32720193,101.68074366,1745.79450000,27522.51161293,9891.18697000
4,661,0.610000,0.507000,89.29817159,0.00000000,8.29094294,253.05626626,0.00000000,0.00000000,78.66539600,89.29817159,84.63531998,1492.48099468,27618.35700744,7912.94957600
4,662,0.539000,0.464000,86.23038153,11.16541488,0.00000000,220.42848561,0.00000000,0.00000000,86.11342038,97.39579640,92.55406931,1610.16223216,27831.88363944,7912.94957600
4,663,0.423000,0.465000,67.67245155,39.65475038,0.00000000,192.43827489,0.00000000,0.00000000,94.69756566,107.32720193,101.68074366,1745.79450000,27831.88363923,9891.18697000
4,664,0.265000,0.510000,42.39527107,64.93193086,0.00000000,189.62170976,0.00000000,0.00000000,94.69756566,107.32720193,101.68074366,1745.79450000,27831.88363903,9891.18697000
4,665,0.075000,0.595000,11.99866162,95.32854030,0.00000000,201.65070708,0.00000000,0.00000000,94.69756566,107.32720193,101.68074366,1745.79450000,27831.88363882,9891.18697000
4,666,0.000000,0.704000,0.00000000,89.46248128,0.00000000,261.92136773,0.00000000,0.00000000,78.66539600,89.46248128,84.63531998,1492.48099468,27831.88363964,8455.98296802
4,667,0.000000,0.734000,0.00000000,107.32720193,0.00000000,259.03039065,0.00000000,0.00000000,94.69756566,107.32720193,101.68074366,1745.79450000,27831.88363944,9891.18697000
4,668,0.000000,0.781000,0.00000000,107.32720193,0.00000000,282.48925557,0.00000000,0.00000000,94.69756566,107.32720193,101.68074366,1745.79450000,27831.88363923,9891.18697000
4,669,0.000000,0.792000,0.00000000,89.89674172,0.00000000,305.41008842,0.00000000,0.00000000,78.66539600,89.89674172,84.63531998,1492.48099468,27578.57013371,9891.18697000
4,670,0.000000,0.752000,0.00000000,100.73209518,0.00000000,274.60974353,0.00000000,0.00000000,88.63152549,100.73209518,95.23132191,1649.94910610,27482.72473960,9891.18697000
4,671,0.000000,0.699000,0.00000000,106.72863180,0.00000000,242.15959328,0.00000000,0.00000000,94.69756566,106.72863180,101.68074366,1745.79450000,27831.88363944,7912.94957600
4,672,0.000000,0.656000,0.00000000,89.89674172,0.00000000,237.52911759,0.00000000,0.00000000,78.66539600,89.89674172,84.63531998,1492.48099468,27578.57013391,9891.18697000
4,673,0.000000,0.622000,0.00000000,106.89294149,0.00000000,203.56267511,0.00000000,0.00000000,94.69756566,106.89294149,101.68074366,1745.79450000,27831.88363944,8455.98297150
4,674,0.000000,0.593000,0.00000000,89.89674172,0.00000000,206.08425610,0.00000000,0.00000000,78.66539600,89.89674172,84.63531998,1492.48099468,27578.57013391,9891.18697000
4,675,0.000000,0.568000,0.00000000,89.89674172,0.00000000,193.60613646,0.00000000,0.00000000,78.66539600,89.89674172,84.63531998,1492.48099468,27325.25662838,9891.18697000
4,676,0.000000,0.544000,0.00000000,89.89674172,0.00000000,181.62714161,0.00000000,0.00000000,78.66539600,89.89674172,84.63531998,1492.48099468,27071.94312285,9891.18697000
4,677,0.000000,0.500000,0.00000000,106.72863180,0.00000000,142.83376096,0.00000000,0.00000000,94.69756566,106.72863180,101.68074366,1745.79450000,27421.10202269,7912.94957600
4,678,0.000000,0.476000,0.00000000,107.32720193,0.00000000,130.25619598,0.00000000,0.00000000,94.69756566,107.32720193,101.68074366,1745.79450000,27421.10202248,9891.18697000
4,679,0.107000,0.545000,17.11809058,90.20911134,0.00000000,181.81389676,0.00000000,0.00000000,94.69756566,107.32720193,101.68074366,1745.79450000,27421.10202228,9891.18697000
4,680,0.293000,0.756000,46.87477140,43.02197031,0.00000000,334.31636754,0.00000000,0.00000000,78.66539600,89.89674172,84.63531998,1492.48099468,27167.78851675,9891.18697000
4,681,0.448000,0.724000,71.67200542,1.86993811,0.00000000,359.49640661,0.00000000,0.00000000,63.67817400,73.54194353,68.65710075,1244.73168631,26666.72570285,9891.18697000
4,682,0.557000,0.605000,89.11006032,18.21714161,0.00000000,283.75335363,0.00000000,0.00000000,94.69756566,107.32720193,101.68074366,1745.79450000,26666.72570265,9891.18697000
4,683,0.617000,0.479000,89.89674197,0.00000000,8.81224764,239.08077227,0.00000000,0.00000000,78.66539600,89.89674197,84.63532017,1492.48104146,26413.41224390,9891.18697000
4,684,0.634000,0.384000,101.42868625,5.89851568,0.00000000,185.76540196,0.00000000,0.00000000,94.69756566,107.32720193,101.68074366,1745.79450000,26413.41224370,9891.18697000
4,685,0.608000,0.329000,89.89674197,0.00000000,7.37240824,164.21205444,0.00000000,0.00000000,78.66539600,89.89674197,84.63532017,1492.48104146,26160.09878495,9891.18697000
4,686,0.538000,0.308000,72.35994419,0.00000000,13.71045518,153.73043394,0.00000000,0.00000000,62.59944860,72.35994419,67.50353915,1226.02263780,25640.32692254,9891.18697000
4,687,0.425000,0.327000,67.99241586,21.90432611,0.00000000,141.30947875,0.00000000,0.00000000,78.66539600,89.89674197,84.63532017,1492.48104146,25387.01346379,9891.18697000
4,688,0.262000,0.386000,41.91532460,47.98141737,0.00000000,144.68074984,0.00000000,0.00000000,78.66539600,89.89674197,84.63532017,1492.48104146,25133.70000504,9891.18697000
4,689,0.071000,0.499000,11.35873300,78.53800897,0.00000000,170.52525900,0.00000000,0.00000000,78.66539600,89.89674197,84.63532017,1492.48104146,24880.38654629,9891.18697000
4,690,0.000000,0.658000,0.00000000,89.89674197,0.00000000,238.52736690,0.00000000,0.00000000,78.66539600,89.89674197,84.63532017,1492.48104146,24627.07308754,9891.18697000
4,691,0.000000,0.705000,0.00000000,89.89674197,0.00000000,261.98623182,0.00000000,0.00000000,78.66539600,89.89674197,84.63532017,1492.48104146,24373.75962879,9891.18697000
4,692,0.000000,0.746000,0.00000000,58.26858255,0.00000000,314.07850745,0.00000000,0.00000000,49.73928100,58.26858255,53.75120196,1002.98023956,23630.94536814,9891.18697000
4,693,0.000000,0.750000,0.00000000,89.89674197,0.00000000,284.44684717,0.00000000,0.00000000,78.66539600,89.89674197,84.63532017,1492.48104146,23377.63190940,9891.18697000
4,694,0.000000,0.679000,0.00000000,89.89674197,0.00000000,249.00898740,0.00000000,0.00000000,78.66539600,89.89674197,84.63532017,1492.48104146,23124.31845065,9891.18697000
4,695,0.000000,0.603000,0.00000000,89.89674197,0.00000000,211.07550370,0.00000000,0.00000000,78.66539600,89.89674197,84.63532017,1492.48104146,22871.00499190,9891.18697000
4,696,0.000000,0.542000,0.00000000,89.89674197,0.00000000,180.62889178,0.00000000,0.00000000,78.66539600,89.89674197,84.63532017,1492.48104146,22617.69153315,9891.18697000
4,697,0.000000,0.489000,0.00000000,89.89674197,0.00000000,154.17527815,0.00000000,0.00000000,78.66539600,89.89674197,84.63532017,1492.48104146,22364.37807440,9891.18697000
4,698,0.000000,0.436000,0.00000000,89.89674197,0.00000000,127.72166451,0.00000000,0.00000000,78.66539600,89.89674197,84.63532017,1492.48104146,22111.06461565,9891.18697000
4,699,0.000000,0.374000,0.00000000,30.97213678,0.00000000,155.70053301,0.00000000,0.00000000,25.00174700,30.97213678,27.15938407,539.40926699,20904.67938244,9891.18697000
4,700,0.000000,0.361000,0.00000000,89.89674197,0.00000000,90.28730560,0.00000000,0.00000000,78.66539600,89.89674197,84.63532017,1492.48104146,20651.36592369,9891.18697000
4,701,0.000000,0.367000,0.00000000,89.89674197,0.00000000,93.28205431,0.00000000,0.00000000,78.66539600,89.89674197,84.63532017,1492.48104146,20398.05246494,9891.18697000
4,702,0.000000,0.375000,0.00000000,89.89674197,0.00000000,97.27505260,0.00000000,0.00000000,78.66539600,89.89674197,84.63532017,1492.48104146,20144.73900619,9891.18697000
4,703,0.108000,0.433000,17.27807274,72.61866924,0.00000000,143.50236289,0.00000000,0.00000000,78.66539600,89.89674197,84.63532017,1492.48104146,19891.42554744,9891.18697000
4,704,0.295000,0.619000,47.19473571,42.70200626,0.00000000,266.25623598,0.00000000,0.00000000,78.66539600,89.89674197,84.63532017,1492.48104146,19638.11208869,9891.18697000
4,705,0.452000,0.549000,72.31193404,17.58480793,0.00000000,256.43469932,0.00000000,0.00000000,78.66539600,89.89674197,84.63532017,1492.48104146,19384.79862994,9891.18697000
4,706,0.562000,0.415000,89.89674197,0.00000000,0.01322912,207.13678599,0.00000000,0.00000000,78.66539600,89.89674197,84.63532017,1492.48104146,19131.48517119,9891.18697000
4,707,0.624000,0.295000,18.95776159,0.00000000,80.87110311,147.24181173,0.00000000,0.00000000,14.20500000,18.95776159,15.48029780,318.82444922,17704.51512020,9891.18697000
4,708,0.641000,0.194000,89.89674197,0.00000000,12.65181936,96.83020839,0.00000000,0.00000000,78.66539600,89.89674197,84.63532017,1492.48104146,17451.20166145,9891.18697000
4,709,0.613000,0.125000,89.89674197,0.00000000,8.17231902,62.39059819,0.00000000,0.00000000,78.66539600,89.89674197,84.63532017,1492.48104146,17197.88820271,9891.18697000
4,710,0.545000,0.089000,87.19027446,2.70646752,0.00000000,41.71563839,0.00000000,0.00000000,78.66539600,89.89674197,84.63532017,1492.48104146,16944.57474396,9891.18697000
4,711,0.430000,0.084000,68.79232664,21.10441534,0.00000000,20.82206664,0.00000000,0.00000000,78.66539600,89.89674197,84.63532017,1492.48104146,16691.26128521,9891.18697000
4,712,0.270000,0.105000,43.19518184,46.70156013,0.00000000,5.70654235,0.00000000,0.00000000,78.66539600,89.89674197,84.63532017,1492.48104146,16437.94782646,9891.18697000
4,713,0.078000,0.171000,12.47860809,61.06333648,0.00000000,24.28700185,0.00000000,0.00000000,63.67817400,73.54194456,68.65710149,1244.73187308,15936.88519934,9891.18697000
4,714,0.000000,0.387000,0.00000000,73.54194456,0.00000000,119.61934743,0.00000000,0.00000000,63.67817400,73.54194456,68.65710149,1244.73187308,15435.82257221,9891.18697000
4,715,0.000000,0.587000,0.00000000,89.89674197,0.00000000,203.08950713,0.00000000,0.00000000,78.66539600,89.89674197,84.63532017,1492.48104146,15182.50911347,9891.18697000
4,716,0.000000,0.641000,0.00000000,89.89674197,0.00000000,230.04224555,0.00000000,0.00000000,78.66539600,89.89674197,84.63532017,1492.48104146,14929.19565472,9891.18697000
4,717,0.000000,0.703000,0.00000000,89.89674197,0.00000000,260.98798225,0.00000000,0.00000000,78.66539600,89.89674197,84.63532017,1492.48104146,14675.88219597,9891.18697000
4,718,0.000000,0.681000,0.00000000,89.89674197,0.00000000,250.00723697,0.00000000,0.00000000,78.66539600,89.89674197,84.63532017,1492.48104146,14422.56873722,9891.18697000
4,719,0.000000,0.611000,0.00000000,89.89674197,0.00000000,215.06850198,0.00000000,0.00000000,78.66539600,89.89674197,84.63532017,1492.48104146,14169.25527847,9891.18697000
4,720,0.000000,0.538000,0.00000000,89.89674197,0.00000000,178.63239264,0.00000000,0.00000000,78.66539600,89.89674197,84.63532017,1492.48104146,13915.94181972,9891.18697000
5,1,0.000000,0.713000,0.00000000,89.29817159,0.00000000,266.57780049,0.00000000,0.00000000,78.66539600,89.29817159,84.63531998,1492.48099468,14011.78721423,7912.94957600
5,2,0.000000,0.623000,0.00000000,106.72863180,0.00000000,204.22610958,0.00000000,0.00000000,94.69756566,106.72863180,101.68074366,1745.79450000,14360.94611407,7912.94957600
5,3,0.000000,0.550000,0.00000000,2.39428050,0.00000000,272.12435154,0.00000000,0.00000000,0.00000000,2.39428050,0.00000000,0.00000000,12964.31051390,7912.94957600
5,4,0.000000,0.470000,0.00000000,2.39428050,0.00000000,232.19436869,0.00000000,0.00000000,0.00000000,2.39428050,0.00000000,0.00000000,11567.67491374,7912.94957600
5,5,0.000000,0.403000,0.00000000,106.72863180,0.00000000,94.41865676,0.00000000,0.00000000,94.69756566,106.72863180,101.68074366,1745.79450000,11916.83381358,7912.94957600
5,6,0.000000,0.362000,0.00000000,106.72863180,0.00000000,73.95454056,0.00000000,0.00000000,94.69756566,106.72863180,101.68074366,1745.79450000,12265.99271341,7912.94957600
5,7,0.154000,0.562000,24.63725186,82.09137994,0.00000000,198.41674953,0.00000000,0.00000000,94.69756566,106.72863180,101.68074366,1745.79450000,12615.15161325,7912.94957600
5,8,0.360000,0.664000,57.59357579,49.13505601,0.00000000,282.28380157,0.00000000,0.00000000,94.69756566,106.72863180,101.68074366,1745.79450000,12964.31051308,7912.94957600
5,9,0.526000,0.586000,2.39428050,0.00000000,81.75633301,292.48712432,0.00000000,0.00000000,0.00000000,2.39428050,0.00000000,0.00000000,11567.67491292,7912.94957600
5,10,0.639000,0.468000,2.39428050,0.00000000,99.83431652,233.59039962,0.00000000,0.00000000,0.00000000,2.39428050,0.00000000,0.00000000,10171.03931276,7912.94957600
5,11,0.702000,0.364000,106.72863180,0.00000000,5.57884099,181.68142193,0.00000000,0.00000000,94.69756566,106.72863180,101.68074366,1745.79450000,10520.19821259,7912.94957600
5,12,0.718000,0.296000,106.72863180,0.00000000,8.13855546,147.74093651,0.00000000,0.00000000,94.69756566,106.72863180,101.68074366,1745.79450000,10869.35711243,7912.94957600
5,13,0.691000,0.278000,2.39428050,0.00000000,108.15338858,138.75669038,0.00000000,0.00000000,0.00000000,2.39428050,0.00000000,0.00000000,9472.72151226,7912.94957600
5,14,0.619000,0.302000,2.39428050,0.00000000,96.63467342,150.73568523,0.00000000,0.00000000,0.00000000,2.39428050,0.00000000,0.00000000,8076.08591210,7912.94957600
5,15,0.500000,0.367000,79.99107748,26.73755432,0.00000000,156.44124197,0.00000000,0.00000000,94.69756566,106.72863180,101.68074366,1745.79450000,8425.24481194,7912.94957600
5,16,0.332000,0.484000,0.00000000,89.29817159,53.11407545,152.27822460,0.00000000,0.00000000,78.66539600,89.29817159,84.63531998,1492.48099468,8521.09020645,7912.94957600
5,17,0.120000,0.644000,19.19785860,87.53077320,0.00000000,233.90558867,0.00000000,0.00000000,94.69756566,106.72863180,101.68074366,1745.79450000,8870.24910628,7912.94957600
5,18,0.000000,0.766000,0.00000000,106.72863180,0.00000000,275.60095391,0.00000000,0.00000000,94.69756566,106.72863180,101.68074366,1745.79450000,9219.40800612,7912.94957600
5,19,0.000000,0.844000,0.00000000,106.72863180,0.00000000,314.53268718,0.00000000,0.00000000,94.69756566,106.72863180,101.68074366,1745.79450000,9568.56690595,7912.94957600
5,20,0.000000,0.879000,0.00000000,106.72863180,0.00000000,332.00205467,0.00000000,0.00000000,94.69756566,106.72863180,101.68074366,1745.79450000,9917.72580579,7912.94957600
5,21,0.000000,0.851000,0.00000000,106.72863180,0.00000000,318.02656068,0.00000000,0.00000000,94.69756566,106.72863180,101.68074366,1745.79450000,10266.88470563,7912.94957600
5,22,0.000000,0.816000,0.00000000,106.72863180,0.00000000,300.55719319,0.00000000,0.00000000,94.69756566,106.72863180,101.68074366,1745.79450000,10616.04360546,7912.94957600
5,23,0.000000,0.765000,0.00000000,106.72863180,0.00000000,275.10182912,0.00000000,0.00000000,94.69756566,106.72863180,101.68074366,1745.79450000,10965.20250530,7912.94957600
5,24,0.000000,0.700000,0.00000000,106.72863180,0.00000000,242.65871806,0.00000000,0.00000000,94.69756566,106.72863180,101.68074366,1745.79450000,11314.36140513,7912.94957600
5,25,0.000000,0.637000,0.00000000,72.94337341,0.00000000,244.99911497,0.00000000,0.00000000,63.67817400,72.94337341,68.65710075,1244.73168631,11162.45749128,7912.94957600
5,26,0.000000,0.584000,0.00000000,106.72863180,0.00000000,184.76024294,0.00000000,0.00000000,94.69756566,106.72863180,101.68074366,1745.79450000,11511.61639112,7912.94957600
5,27,0.000000,0.571000,0.00000000,106.72863180,0.00000000,178.27162073,0.00000000,0.00000000,94.69756566,106.72863180,101.68074366,1745.79450000,11860.77529095,7912.94957600
5,28,0.000000,0.573000,0.00000000,106.72863180,0.00000000,179.26987030,0.00000000,0.00000000,94.69756566,106.72863180,101.68074366,1745.79450000,12209.93419079,7912.94957600
5,29,0.000000,0.565000,0.00000000,72.94337341,0.00000000,209.06213041,0.00000000,0.00000000,63.67817400,72.94337341,68.65710075,1244.73168631,12058.03027694,7912.94957600
5,30,0.000000,0.549000,0.00000000,106.72863180,0.00000000,167.29087545,0.00000000,0.00000000,94.69756566,106.72863180,101.68074366,1745.79450000,12407.18917677,7912.94957600
5,31,0.150000,0.718000,23.99732324,48.94605016,0.00000000,309.42554584,0.00000000,0.00000000,63.67817400,72.94337341,68.65710075,1244.73168631,12255.28526292,7912.94957600
5,32,0.351000,0.850000,56.15373639,50.57489541,0.00000000,373.68117229,0.00000000,0.00000000,94.69756566,106.72863180,101.68074366,1745.79450000,12604.44416276,7912.94957600
5,33,0.514000,0.847000,82.23082765,24.49780415,0.00000000,398.26088919,0.00000000,0.00000000,94.69756566,106.72863180,101.68074366,1745.79450000,12953.60306259,7912.94957600
5,34,0.625000,0.804000,99.98884685,6.73978495,0.00000000,394.55654261,0.00000000,0.00000000,94.69756566,106.72863180,101.68074366,1745.79450000,13302.76196243,7912.94957600
5,35,0.686000,0.756000,106.72863180,0.00000000,3.01912651,377.33833785,0.00000000,0.00000000,94.69756566,106.72863180,101.68074366,1745.79450000,13651.92086227,7912.94957600
5,36,0.702000,0.710000,72.94337341,0.00000000,39.36409938,354.37859772,0.00000000,0.00000000,63.67817400,72.94337341,68.65710075,1244.73168631,13500.01694841,7912.94957600
5,37,0.672000,0.680000,106.72863180,0.00000000,0.77937634,339.40485415,0.00000000,0.00000000,94.69756566,106.72863180,101.68074366,1745.79450000,13849.17584825,7912.94957600
5,38,0.602000,0.674000,96.30925729,10.41937451,0.00000000,325.99073093,0.00000000,0.00000000,94.69756566,106.72863180,101.68074366,1745.79450000,14198.33474808,7912.94957600
5,39,0.484000,0.690000,77.43136300,29.29726880,0.00000000,315.09883321,0.00000000,0.00000000,94.69756566,106.72863180,101.68074366,1745.79450000,14547.49364792,7912.94957600
5,40,0.317000,0.729000,50.71434312,56.01428868,0.00000000,307.84767997,0.00000000,0.00000000,94.69756566,106.72863180,101.68074366,1745.79450000,14896.65254776,7912.94957600
5,41,0.116000,0.781000,2.39428050,0.00000000,16.16364948,389.81645749,0.00000000,0.00000000,0.00000000,2.39428050,0.00000000,0.00000000,13500.01694759,7912.94957600
5,42,0.000000,0.806000,0.00000000,106.72863180,0.00000000,295.56594533,0.00000000,0.00000000,94.69756566,106.72863180,101.68074366,1745.79450000,13849.17584743,7912.94957600
5,43,0.000000,0.835000,0.00000000,106.72863180,0.00000000,310.04056411,0.00000000,0.00000000,94.69756566,106.72863180,101.68074366,1745.79450000,14198.33474726,7912.94957600
5,44,0.000000,0.857000,0.00000000,106.72863180,0.00000000,321.02130939,0.00000000,0.00000000,94.69756566,106.72863180,101.68074366,1745.79450000,14547.49364710,7912.94957600
5,45,0.000000,0.854000,0.00000000,106.72863180,0.00000000,319.52393504,0.00000000,0.00000000,94.69756566,106.72863180,101.68074366,1745.79450000,14896.65254694,7912.94957600
5,46,0.000000,0.804000,0.00000000,106.72863180,0.00000000,294.56769576,0.00000000,0.00000000,94.69756566,106.72863180,101.68074366,1745.79450000,15245.81144677,7912.94957600
5,47,0.000000,0.727000,0.00000000,106.72863180,0.00000000,256.13508727,0.00000000,0.00000000,94.69756566,106.72863180,101.68074366,1745.79450000,15594.97034661,7912.94957600
5,48,0.000000,0.655000,0.00000000,106.72863180,0.00000000,220.19810272,0.00000000,0.00000000,94.69756566,106.72863180,101.68074366,1745.79450000,15944.12924644,7912.94957600
5,49,0.000000,0.599000,0.00000000,106.72863180,0.00000000,192.24711473,0.00000000,0.00000000,94.69756566,106.72863180,101.68074366,1745.79450000,16293.28814628,7912.94957600
5,50,0.000000,0.527000,0.00000000,72.94337341,0.00000000,190.09538856,0.00000000,0.00000000,63.67817400,72.94337341,68.65710075,1244.73168631,16141.38423243,7912.94957600
5,51,0.000000,0.481000,0.00000000,106.72863180,0.00000000,133.35039004,0.00000000,0.00000000,94.69756566,106.72863180,101.68074366,1745.79450000,16490.54313226,7912.94957600
5,52,0.000000,0.444000,0.00000000,72.94337341,0.00000000,148.66803136,0.00000000,0.00000000,63.67817400,72.94337341,68.65710075,1244.73168631,16338.63921841,7912.94957600
5,53,0.000000,0.416000,0.00000000,106.72863180,0.00000000,100.90727898,0.00000000,0.00000000,94.69756566,106.72863180,101.68074366,1745.79450000,16687.79811825,7912.94957600
5,54,0.000000,0.403000,0.00000000,106.72863180,0.00000000,94.41865676,0.00000000,0.00000000,94.69756566,106.72863180,101.68074366,1745.79450000,17036.95701808,7912.94957600
5,55,0.148000,0.618000,23.67735893,83.05127287,0.00000000,225.40784459,0.00000000,0.00000000,94.69756566,106.72863180,101.68074366,1745.79450000,17386.11591792,7912.94957600
5,56,0.353000,0.750000,56.47370070,50.25493110,0.00000000,324.08865804,0.00000000,0.00000000,94.69756566,106.72863180,101.68074366,1745.79450000,17735.27481776,7912.94957600
5,57,0.518000,0.723000,82.87075627,23.85787553,0.00000000,337.00934440,0.00000000,0.00000000,94.69756566,106.72863180,101.68074366,1745.79450000,18084.43371759,7912.94957600
5,58,0.634000,0.658000,89.29817159,0.00000000,12.13051466,328.42410887,0.00000000,0.00000000,78.66539600,89.29817159,84.63531998,1492.48099468,18180.27911210,7912.94957600
5,59,0.699000,0.584000,106.72863180,0.00000000,5.09889452,291.48887474,0.00000000,0.00000000,94.69756566,106.72863180,101.68074366,1745.79450000,18529.43801194,7912.94957600
5,60,0.717000,0.500000,106.72863180,0.00000000,7.97857331,249.56239276,0.00000000,0.00000000,94.69756566,106.72863180,101.68074366,1745.79450000,18878.59691178,7912.94957600
5,61,0.691000,0.439000,72.94337341,0.00000000,37.60429567,219.11578084,0.00000000,0.00000000,63.67817400,72.94337341,68.65710075,1244.73168631,18726.69299792,7912.94957600
5,62,0.620000,0.417000,99.18893608,7.53969572,0.00000000,200.59533984,0.00000000,0.00000000,94.69756566,106.72863180,101.68074366,1745.79450000,19075.85189776,7912.94957600
5,63,0.503000,0.436000,80.47102395,26.25760785,0.00000000,191.36079863,0.00000000,0.00000000,94.69756566,106.72863180,101.68074366,1745.79450000,19425.01079759,7912.94957600
5,64,0.335000,0.492000,53.59402191,53.13460989,0.00000000,192.43478459,0.00000000,0.00000000,94.69756566,106.72863180,101.68074366,1745.79450000,19774.16969743,7912.94957600
5,65,0.126000,0.593000,20.15775153,86.57088028,0.00000000,209.41011754,0.00000000,0.00000000,94.69756566,106.72863180,101.68074366,1745.79450000,20123.32859727,7912.94957600
5,66,0.000000,0.713000,0.00000000,106.72863180,0.00000000,249.14734028,0.00000000,0.00000000,94.69756566,106.72863180,101.68074366,1745.79450000,20472.48749710,7912.94957600
5,67,0.000000,0.796000,0.00000000,106.72863180,0.00000000,290.57469747,0.00000000,0.00000000,94.69756566,106.72863180,101.68074366,1745.79450000,20821.64639694,7912.94957600
5,68,0.000000,0.834000,0.00000000,43.47863956,0.00000000,372.79143156,0.00000000,0.00000000,36.84682300,43.47863956,39.91750131,767.66957627,20192.68037304,7912.94957600
5,69,0.000000,0.917000,0.00000000,2.39428050,0.00000000,455.30314782,0.00000000,0.00000000,0.00000000,2.39428050,0.00000000,0.00000000,18796.04477288,7912.94957600
5,70,0.000000,0.912000,0.00000000,106.72863180,0.00000000,348.47317260,0.00000000,0.00000000,94.69756566,106.72863180,101.68074366,1745.79450000,19145.20367272,7912.94957600
5,71,0.000000,0.889000,0.00000000,106.72863180,0.00000000,336.99330253,0.00000000,0.00000000,94.69756566,106.72863180,101.68074366,1745.79450000,19494.36257255,7912.94957600
5,72,0.000000,0.857000,0.00000000,106.72863180,0.00000000,321.02130939,0.00000000,0.00000000,94.69756566,106.72863180,101.68074366,1745.79450000,19843.52147239,7912.94957600
5,73,0.000000,0.812000,0.00000000,106.72863180,0.00000000,298.56069404,0.00000000,0.00000000,94.69756566,106.72863180,101.68074366,1745.79450000,20192.68037222,7912.94957600
5,74,0.000000,0.751000,0.00000000,106.72863180,0.00000000,268.11408213,0.00000000,0.00000000,94.69756566,106.72863180,101.68074366,1745.79450000,20541.83927206,7912.94957600
5,75,0.000000,0.686000,0.00000000,106.72863180,0.00000000,235.67097107,0.00000000,0.00000000,94.69756566,106.72863180,101.68074366,1745.79450000,20890.99817190,7912.94957600
5,76,0.000000,0.606000,0.00000000,106.72863180,0.00000000,195.74098823,0.00000000,0.00000000,94.69756566,106.72863180,101.68074366,1745.79450000,21240.15707173,7912.94957600
5,77,0.000000,0.527000,0.00000000,106.72863180,0.00000000,156.31013017,0.00000000,0.00000000,94.69756566,106.72863180,101.68074366,1745.79450000,21589.31597157,7912.94957600
5,78,0.000000,0.498000,0.00000000,106.72863180,0.00000000,141.83551139,0.00000000,0.00000000,94.69756566,106.72863180,101.68074366,1745.79450000,21938.47487140,7912.94957600
5,79,0.156000,0.645000,24.95721617,81.77141563,0.00000000,240.16407104,0.00000000,0.00000000,94.69756566,106.72863180,101.68074366,1745.79450000,22287.63377124,7912.94957600
5,80,0.365000,0.771000,58.39348656,48.33514524,0.00000000,336.49006440,0.00000000,0.00000000,94.69756566,106.72863180,101.68074366,1745.79450000,22636.79267108,7912.94957600
5,81,0.531000,0.715000,84.95052429,21.77810751,0.00000000,335.09611413,0.00000000,0.00000000,94.69756566,106.72863180,101.68074366,1745.79450000,22985.95157091,7912.94957600
5,82,0.643000,0.588000,102.86852564,3.86010616,0.00000000,289.62526773,0.00000000,0.00000000,94.69756566,106.72863180,101.68074366,1745.79450000,23335.11047075,7912.94957600
5,83,0.705000,0.433000,106.72863180,0.00000000,6.05878745,216.12103213,0.00000000,0.00000000,94.69756566,106.72863180,101.68074366,1745.79450000,23684.26937058,7912.94957600
5,84,0.721000,0.309000,106.72863180,0.00000000,8.61850193,154.22955873,0.00000000,0.00000000,94.69756566,106.72863180,101.68074366,1745.79450000,24033.42827042,7912.94957600
5,85,0.694000,0.257000,72.94337341,0.00000000,38.08424214,128.27506988,0.00000000,0.00000000,63.67817400,72.94337341,68.65710075,1244.73168631,23881.52435657,7912.94957600
5,86,0.622000,0.277000,99.50890039,7.21973141,0.00000000,131.03783418,0.00000000,0.00000000,94.69756566,106.72863180,101.68074366,1745.79450000,24230.68325640,7912.94957600
5,87,0.502000,0.361000,80.31104179,26.41759001,0.00000000,153.76645757,0.00000000,0.00000000,94.69756566,106.72863180,101.68074366,1745.79450000,24579.84215624,7912.94957600
5,88,0.334000,0.507000,53.43403976,53.29459204,0.00000000,199.76167422,0.00000000,0.00000000,94.69756566,106.72863180,101.68074366,1745.79450000,24929.00105608,7912.94957600
5,89,0.133000,0.697000,21.27762661,85.45100519,0.00000000,262.43897032,0.00000000,0.00000000,94.69756566,106.72863180,101.68074366,1745.79450000,25278.15995591,7912.94957600
5,90,0.000000,0.812000,0.00000000,106.72863180,0.00000000,298.56069404,0.00000000,0.00000000,94.69756566,106.72863180,101.68074366,1745.79450000,25627.31885575,7912.94957600
5,91,0.000000,0.834000,0.00000000,106.72863180,0.00000000,309.54143932,0.00000000,0.00000000,94.69756566,106.72863180,101.68074366,1745.79450000,25976.47775558,7912.94957600
5,92,0.000000,0.851000,0.00000000,106.72863180,0.00000000,318.02656068,0.00000000,0.00000000,94.69756566,106.72863180,101.68074366,1745.79450000,26325.63665542,7912.94957600
5,93,0.000000,0.891000,0.00000000,2.39428050,0.00000000,442.32590340,0.00000000,0.00000000,0.00000000,2.39428050,0.00000000,0.00000000,24929.00105526,7912.94957600
5,94,0.000000,0.853000,0.00000000,106.72863180,0.00000000,319.02481025,0.00000000,0.00000000,94.69756566,106.72863180,101.68074366,1745.79450000,25278.15995509,7912.94957600
5,95,0.000000,0.785000,0.00000000,106.72863180,0.00000000,285.08432483,0.00000000,0.00000000,94.69756566,106.72863180,101.68074366,1745.79450000,25627.31885493,7912.94957600
5,96,0.000000,0.707000,0.00000000,106.72863180,0.00000000,246.15259156,0.00000000,0.00000000,94.69756566,106.72863180,101.68074366,1745.79450000,25976.47775476,7912.94957600
5,97,0.000000,0.618000,0.00000000,106.72863180,0.00000000,201.73048565,0.00000000,0.00000000,94.69756566,106.72863180,101.68074366,1745.79450000,26325.63665460,7912.94957600
5,98,0.000000,0.503000,0.00000000,89.29817159,0.00000000,161.76159553,0.00000000,0.00000000,78.66539600,89.29817159,84.63531998,1492.48099468,26421.48204911,7912.94957600
5,99,0.000000,0.442000,0.00000000,2.39428050,0.00000000,218.21887470,0.00000000,0.00000000,0.00000000,2.39428050,0.00000000,0.00000000,25024.84644895,7912.94957600
5,100,0.000000,0.392000,0.00000000,106.72863180,0.00000000,88.92828412,0.00000000,0.00000000,94.69756566,106.72863180,101.68074366,1745.79450000,25374.00534878,7912.94957600
5,101,0.000000,0.323000,0.00000000,106.72863180,0.00000000,54.48867392,0.00000000,0.00000000,94.69756566,106.72863180,101.68074366,1745.79450000,25723.16424862,7912.94957600
5,102,0.000000,0.316000,0.00000000,106.72863180,0.00000000,50.99480042,0.00000000,0.00000000,94.69756566,106.72863180,101.68074366,1745.79450000,26072.32314845,7912.94957600
5,103,0.118000,0.479000,0.00000000,43.47863956,18.87789429,195.60213270,0.00000000,0.00000000,36.84682300,43.47863956,39.91750131,767.66957627,25443.35712456,7912.94957600
5,104,0.335000,0.559000,53.59402191,53.13460989,0.00000000,225.87614522,0.00000000,0.00000000,94.69756566,106.72863180,101.68074366,1745.79450000,25792.51602440,7912.94957600
5,105,0.508000,0.519000,81.27093472,25.45769708,0.00000000,233.58806661,0.00000000,0.00000000,94.69756566,106.72863180,101.68074366,1745.79450000,26141.67492423,7912.94957600
5,106,0.625000,0.467000,99.98884685,6.73978495,0.00000000,226.35148989,0.00000000,0.00000000,94.69756566,106.72863180,101.68074366,1745.79450000,26490.83382407,7912.94957600
5,107,0.695000,0.414000,106.72863180,0.00000000,4.45896590,206.63766121,0.00000000,0.00000000,94.69756566,106.72863180,101.68074366,1745.79450000,26839.99272390,7912.94957600
5,108,0.712000,0.374000,106.72863180,0.00000000,7.17866253,186.67266979,0.00000000,0.00000000,94.69756566,106.72863180,101.68074366,1745.79450000,27189.15162374,7912.94957600
5,109,0.687000,0.352000,107.32720193,0.00000000,2.58053854,175.69192450,0.00000000,0.00000000,94.69756566,107.32720193,101.68074366,1745.79450000,27189.15162353,9891.18697000
5,110,0.618000,0.358000,72.94337341,0.00000000,25.92559836,178.68667322,0.00000000,0.00000000,63.67817400,72.94337341,68.65710075,1244.73168631,27037.24770968,7912.94957600
5,111,0.498000,0.400000,79.67111317,27.05751863,0.00000000,172.59239558,0.00000000,0.00000000,94.69756566,106.72863180,101.68074366,1745.79450000,27386.40660952,7912.94957600
5,112,0.332000,0.479000,53.11407545,20.42786809,0.00000000,218.65290418,0.00000000,0.00000000,63.67817400,73.54194353,68.65710075,1244.73168631,26885.34379562,9891.18697000
5,113,0.130000,0.598000,20.79768015,86.52952178,0.00000000,211.94709996,0.00000000,0.00000000,94.69756566,107.32720193,101.68074366,1745.79450000,26885.34379542,9891.18697000
5,114,0.000000,0.711000,0.00000000,89.29817159,0.00000000,265.57955092,0.00000000,0.00000000,78.66539600,89.29817159,84.63531998,1492.48099468,26981.18918993,7912.94957600
5,115,0.000000,0.747000,0.00000000,72.94337341,0.00000000,299.90284138,0.00000000,0.00000000,63.67817400,72.94337341,68.65710075,1244.73168631,26829.28527608,7912.94957600
5,116,0.000000,0.795000,0.00000000,89.89674172,0.00000000,306.90746277,0.00000000,0.00000000,78.66539600,89.89674172,84.63531998,1492.48099468,26575.97177055,9891.18697000
5,117,0.000000,0.827000,0.00000000,107.32720193,0.00000000,305.44899570,0.00000000,0.00000000,94.69756566,107.32720193,101.68074366,1745.79450000,26575.97177034,9891.18697000
5,118,0.000000,0.851000,0.00000000,106.72863180,0.00000000,318.02656068,0.00000000,0.00000000,94.69756566,106.72863180,101.68074366,1745.79450000,26925.13067018,7912.94957600
5,119,0.000000,0.791000,0.00000000,107.30803551,0.00000000,287.49966984,0.00000000,0.00000000,94.69756566,107.30803551,101.68074366,1745.79450000,26936.31085440,9827.84314890
5,120,0.000000,0.697000,0.00000000,106.72863180,0.00000000,241.16134371,0.00000000,0.00000000,94.69756566,106.72863180,101.68074366,1745.79450000,27285.46975424,7912.94957600
5,121,0.000000,0.585000,0.00000000,107.32720193,0.00000000,184.66079760,0.00000000,0.00000000,94.69756566,107.32720193,101.68074366,1745.79450000,27285.46975403,9891.18697000
5,122,0.000000,0.457000,0.00000000,106.72863180,0.00000000,121.37139518,0.00000000,0.00000000,94.69756566,106.72863180,101.68074366,1745.79450000,27634.62865387,7912.94957600
5,123,0.000000,0.370000,0.00000000,72.94337341,0.00000000,111.73279723,0.00000000,0.00000000,63.67817400,72.94337341,68.65710075,1244.73168631,27482.72474001,7912.94957600
5,124,0.000000,0.326000,0.00000000,107.32720193,0.00000000,55.38747815,0.00000000,0.00000000,94.69756566,107.32720193,101.68074366,1745.79450000,27482.72473981,9891.18697000
5,125,0.000000,0.282000,0.00000000,107.32720193,0.00000000,33.42598759,0.00000000,0.00000000,94.69756566,107.32720193,101.68074366,1745.79450000,27482.72473960,9891.18697000
5,126,0.000000,0.255000,0.00000000,106.72863180,0.00000000,20.54818851,0.00000000,0.00000000,94.69756566,106.72863180,101.68074366,1745.79450000,27831.88363944,7912.94957600
5,127,0.148000,0.485000,23.67735893,83.64984299,0.00000000,158.42567799,0.00000000,0.00000000,94.69756566,107.32720193,101.68074366,1745.79450000,27831.88363923,9891.18697000
5,128,0.351000,0.680000,56.15373639,51.17346556,0.00000000,288.23138859,0.00000000,0.00000000,94.69756569,107.32720195,101.68074369,1745.79450041,27831.88363944,9891.18697000
5,129,0.520000,0.668000,83.19072058,24.13648134,0.00000000,309.27887539,0.00000000,0.00000000,94.69756566,107.32720193,101.68074366,1745.79450000,27831.88363923,9891.18697000
5,130,0.634000,0.613000,89.89674172,0.00000000,11.53194453,305.96349352,0.00000000,0.00000000,78.66539600,89.89674172,84.63531998,1492.48099468,27578.57013371,9891.18697000
5,131,0.697000,0.555000,106.89294149,0.00000000,4.61462052,277.01425596,0.00000000,0.00000000,94.69756566,106.89294149,101.68074366,1745.79450000,27831.88363944,8455.98297034
5,132,0.714000,0.522000,2.39428050,0.00000000,111.83297815,260.54313804,0.00000000,0.00000000,0.00000000,2.39428050,0.00000000,0.00000000,26435.24803928,7912.94957600
5,133,0.685000,0.523000,73.54194353,0.00000000,36.04583262,261.04226283,0.00000000,0.00000000,63.67817400,73.54194353,68.65710075,1244.73168631,25934.18522538,9891.18697000
5,134,0.611000,0.552000,97.74909668,8.97953512,0.00000000,266.53734649,0.00000000,0.00000000,94.69756566,106.72863180,101.68074366,1745.79450000,26283.34412522,7912.94957600
5,135,0.488000,0.604000,78.07129162,28.99549837,0.00000000,272.47587209,0.00000000,0.00000000,94.69756566,107.06678999,101.68074366,1745.79450000,26435.24804030,9030.54155761
5,136,0.318000,0.662000,50.87432528,55.85430652,0.00000000,274.56630149,0.00000000,0.00000000,94.69756566,106.72863180,101.68074366,1745.79450000,26784.40694014,7912.94957600
5,137,0.114000,0.722000,18.23796567,88.49066613,0.00000000,271.87742901,0.00000000,0.00000000,94.69756566,106.72863180,101.68074366,1745.79450000,27133.56583997,7912.94957600
5,138,0.000000,0.763000,0.00000000,107.32720193,0.00000000,273.50500943,0.00000000,0.00000000,94.69756566,107.32720193,101.68074366,1745.79450000,27133.56583977,9891.18697000
5,139,0.000000,0.813000,0.00000000,106.72863180,0.00000000,299.05981883,0.00000000,0.00000000,94.69756566,106.72863180,101.68074366,1745.79450000,27482.72473960,7912.94957600
5,140,0.000000,0.859000,0.00000000,106.72863180,0.00000000,322.01955896,0.00000000,0.00000000,94.69756566,106.72863180,101.68074366,1745.79450000,27831.88363944,7912.94957600
5,141,0.000000,0.856000,0.00000000,107.32720193,0.00000000,319.92361448,0.00000000,0.00000000,94.69756566,107.32720193,101.68074366,1745.79450000,27831.88363923,9891.18697000
5,142,0.000000,0.820000,0.00000000,43.47863956,0.00000000,365.80368457,0.00000000,0.00000000,36.84682300,43.47863956,39.91750131,767.66957627,27202.91761534,7912.94957600
5,143,0.000000,0.803000,0.00000000,106.72863180,0.00000000,294.06857097,0.00000000,0.00000000,94.69756566,106.72863180,101.68074366,1745.79450000,27552.07651518,7912.94957600
5,144,0.000000,0.759000,0.00000000,107.18568113,0.00000000,271.65003108,0.00000000,0.00000000,94.69756566,107.18568113,101.68074366,1745.79450000,27634.62865387,9423.46946918
5,145,0.000000,0.705000,0.00000000,73.54194353,0.00000000,278.34103026,0.00000000,0.00000000,63.67817400,73.54194353,68.65710075,1244.73168631,27133.56583997,9891.18697000
5,146,0.000000,0.644000,0.00000000,106.72863180,0.00000000,214.70773008,0.00000000,0.00000000,94.69756566,106.72863180,101.68074366,1745.79450000,27482.72473981,7912.94957600
5,147,0.000000,0.557000,0.00000000,107.32720193,0.00000000,170.68530361,0.00000000,0.00000000,94.69756566,107.32720193,101.68074366,1745.79450000,27482.72473960,9891.18697000
5,148,0.000000,0.472000,0.00000000,106.72863180,0.00000000,128.85826697,0.00000000,0.00000000,94.69756566,106.72863180,101.68074366,1745.79450000,27831.88363944,7912.94957600
5,149,0.000000,0.372000,0.00000000,107.32720193,0.00000000,78.34721829,0.00000000,0.00000000,94.69756566,107.32720193,101.68074366,1745.79450000,27831.88363923,9891.18697000
5,150,0.000000,0.323000,0.00000000,107.32720193,0.00000000,53.89010380,0.00000000,0.00000000,94.69756566,107.32720193,101.68074366,1745.79450000,27831.88363944,9891.18696768
5,151,0.148000,0.525000,23.67735893,49.84622860,0.00000000,212.19428380,0.00000000,0.00000000,63.67817400,73.52358754,68.65710075,1244.73168631,27341.52827481,9830.52153510
5,152,0.350000,0.739000,55.99375424,51.33344769,0.00000000,317.51976881,0.00000000,0.00000000,94.69756566,107.32720193,101.68074366,1745.79450000,27341.52827460,9891.18697000
5,153,0.514000,0.739000,82.23082765,25.09637427,0.00000000,343.75684223,0.00000000,0.00000000,94.69756566,107.32720193,101.68074366,1745.79450000,27341.52827440,9891.18697000
5,154,0.629000,0.692000,72.94337341,0.00000000,27.68540206,345.39435158,0.00000000,0.00000000,63.67817400,72.94337341,68.65710075,1244.73168631,27189.62436054,7912.94957600
5,155,0.695000,0.627000,89.29817159,0.00000000,21.88942611,312.95124052,0.00000000,0.00000000,78.66539600,89.29817159,84.63531998,1492.48099468,27285.46975506,7912.94957600
5,156,0.717000,0.551000,107.32720193,0.00000000,7.38000318,275.01775682,0.00000000,0.00000000,94.69756566,107.32720193,101.68074366,1745.79450000,27285.46975485,9891.18697000
5,157,0.685000,0.491000,72.94337341,0.00000000,36.64440274,245.07026969,0.00000000,0.00000000,63.67817400,72.94337341,68.65710075,1244.73168631,27133.56584100,7912.94957600
5,158,0.609000,0.457000,97.42913237,9.89806955,0.00000000,218.20195743,0.00000000,0.00000000,94.69756566,107.32720193,101.68074366,1745.79450000,27133.56584079,9891.18697000
5,159,0.477000,0.462000,76.31148792,31.01571401,0.00000000,199.57993690,0.00000000,0.00000000,94.69756566,107.32720193,101.68074366,1745.79450000,27133.56584059,9891.18697000
5,160,0.265000,0.503000,42.39527107,64.33336073,0.00000000,186.72640638,0.00000000,0.00000000,94.69756566,106.72863180,101.68074366,1745.79450000,27482.72474042,7912.94957600
5,161,0.092000,0.586000,14.71835826,92.60884367,0.00000000,199.87828065,0.00000000,0.00000000,94.69756566,107.32720193,101.68074366,1745.79450000,27482.72474022,9891.18697000
5,162,0.000000,0.669000,0.00000000,107.32720193,0.00000000,226.58727959,0.00000000,0.00000000,94.69756566,107.32720193,101.68074366,1745.79450000,27482.72474001,9891.18697000
5,163,0.000000,0.779000,0.00000000,107.32720193,0.00000000,281.49100600,0.00000000,0.00000000,94.69756566,107.32720193,101.68074366,1745.79450000,27482.72473981,9891.18697000
5,164,0.000000,0.887000,0.00000000,107.32720193,0.00000000,335.39648283,0.00000000,0.00000000,94.69756566,107.32720193,101.68074366,1745.79450000,27482.72473960,9891.18697000
5,165,0.000000,0.920000,0.00000000,106.72863180,0.00000000,352.46617088,0.00000000,0.00000000,94.69756566,106.72863180,101.68074366,1745.79450000,27831.88363944,7912.94957600
5,166,0.000000,0.924000,0.00000000,107.32720193,0.00000000,353.86409990,0.00000000,0.00000000,94.69756566,107.32720193,101.68074366,1745.79450000,27831.88363923,9891.18697000
5,167,0.000000,0.886000,0.00000000,73.28153160,0.00000000,368.94302837,0.00000000,0.00000000,63.67817400,73.28153160,68.65710075,1244.73168631,27482.72473960,9030.54156341
5,168,0.000000,0.834000,0.00000000,106.72863180,0.00000000,309.54143932,0.00000000,0.00000000,94.69756566,106.72863180,101.68074366,1745.79450000,27831.88363944,7912.94957600
5,169,0.000000,0.784000,0.00000000,57.67001469,0.00000000,333.64381716,0.00000000,0.00000000,49.73928100,57.67001469,53.75120360,1002.98064984,27438.22868911,7912.94957600
5,170,0.000000,0.710000,0.00000000,89.89674172,0.00000000,264.48185600,0.00000000,0.00000000,78.66539600,89.89674172,84.63531998,1492.48099468,27184.91518358,9891.18697000
5,171,0.000000,0.616000,0.00000000,107.32720193,0.00000000,200.13366596,0.00000000,0.00000000,94.69756566,107.32720193,101.68074366,1745.79450000,27184.91518338,9891.18697000
5,172,0.000000,0.513000,0.00000000,106.81666101,0.00000000,149.23435396,0.00000000,0.00000000,94.69756566,106.81666101,101.68074366,1745.79450000,27482.72473960,8203.88070126
5,173,0.000000,0.439000,0.00000000,106.72863180,0.00000000,112.38714904,0.00000000,0.00000000,94.69756566,106.72863180,101.68074366,1745.79450000,27831.88363944,7912.94957600
5,174,0.000000,0.401000,0.00000000,73.54194353,0.00000000,126.60709546,0.00000000,0.00000000,63.67817400,73.54194353,68.65710075,1244.73168631,27330.82082555,9891.18697000
5,175,0.165000,0.613000,26.39705557,80.74748068,0.00000000,225.21601285,0.00000000,0.00000000,94.69756566,107.14453624,101.68074366,1745.79450000,27437.37366809,9287.48814424
5,176,0.378000,0.785000,60.47325458,46.25537722,0.00000000,345.55757941,0.00000000,0.00000000,94.69756566,106.72863180,101.68074366,1745.79450000,27786.53256792,7912.94957600
5,177,0.547000,0.767000,73.54194353,0.00000000,13.96829523,382.82871050,0.00000000,0.00000000,63.67817400,73.54194353,68.65710075,1244.73168631,27285.46975403,9891.18697000
5,178,0.658000,0.692000,105.26825797,2.05894396,0.00000000,343.33540762,0.00000000,0.00000000,94.69756566,107.32720193,101.68074366,1745.79450000,27285.46975383,9891.18697000
5,179,0.721000,0.583000,107.32720193,0.00000000,8.01993180,290.98974996,0.00000000,0.00000000,94.69756566,107.32720193,101.68074366,1745.79450000,27285.46975362,9891.18697000
5,180,0.737000,0.447000,106.72863180,0.00000000,11.17821641,223.10877913,0.00000000,0.00000000,94.69756566,106.72863180,101.68074366,1745.79450000,27634.62865346,7912.94957600
5,181,0.709000,0.335000,72.94337341,0.00000000,40.48397446,167.20680315,0.00000000,0.00000000,63.67817400,72.94337341,68.65710075,1244.73168631,27482.72473960,7912.94957600
5,182,0.636000,0.277000,101.74865056,4.97998124,0.00000000,133.27758435,0.00000000,0.00000000,94.69756566,106.72863180,101.68074366,1745.79450000,27831.88363944,7912.94957600
5,183,0.516000,0.264000,82.55079196,24.77640996,0.00000000,106.99253341,0.00000000,0.00000000,94.69756566,107.32720193,101.68074366,1745.79450000,27831.88363923,9891.18697000
5,184,0.347000,0.294000,0.00000000,73.28153160,55.51380777,73.46115535,0.00000000,0.00000000,63.67817400,73.28153160,68.65710075,1244.73168631,27482.72474001,9030.54156109
5,185,0.142000,0.382000,22.71746601,84.60973592,0.00000000,106.05593215,0.00000000,0.00000000,94.69756566,107.32720193,101.68074366,1745.79450000,27482.72473981,9891.18697000
5,186,0.000000,0.571000,0.00000000,107.32720193,0.00000000,177.67305061,0.00000000,0.00000000,94.69756566,107.32720193,101.68074366,1745.79450000,27482.72473960,9891.18697000
5,187,0.000000,0.756000,0.00000000,106.72863180,0.00000000,270.60970605,0.00000000,0.00000000,94.69756566,106.72863180,101.68074366,1745.79450000,27831.88363944,7912.94957600
5,188,0.000000,0.863000,0.00000000,107.32720193,0.00000000,323.41748798,0.00000000,0.00000000,94.69756566,107.32720193,101.68074366,1745.79450000,27831.88363923,9891.18697000
5,189,0.000000,0.907000,0.00000000,107.32720193,0.00000000,345.37897854,0.00000000,0.00000000,94.69756566,107.32720193,101.68074366,1745.79450000,27831.88363903,9891.18697000
5,190,0.000000,0.898000,0.00000000,72.94337341,0.00000000,375.27068399,0.00000000,0.00000000,63.67817400,72.94337341,68.65710075,1244.73168631,27679.97972518,7912.94957600
5,191,0.000000,0.873000,0.00000000,44.07720969,0.00000000,391.65872807,0.00000000,0.00000000,36.84682300,44.07720969,39.91750131,767.66957627,26701.85480124,9891.18697000
5,192,0.000000,0.842000,0.00000000,106.72863180,0.00000000,313.53443761,0.00000000,0.00000000,94.69756566,106.72863180,101.68074366,1745.79450000,27051.01370108,7912.94957600
5,193,0.000000,0.782000,0.00000000,106.75142070,0.00000000,283.56416158,0.00000000,0.00000000,94.69756566,106.75142070,101.68074366,1745.79450000,27386.87934571,7988.26546952
5,194,0.000000,0.695000,0.00000000,107.32720193,0.00000000,239.56452401,0.00000000,0.00000000,94.69756566,107.32720193,101.68074366,1745.79450000,27386.87934550,9891.18697000
5,195,0.000000,0.605000,0.00000000,89.29817159,0.00000000,212.67232365,0.00000000,0.00000000,78.66539600,89.29817159,84.63531998,1492.48099468,27482.72474001,7912.94957600
5,196,0.000000,0.508000,0.00000000,107.32720193,0.00000000,146.22818912,0.00000000,0.00000000,94.69756566,107.32720193,101.68074366,1745.79450000,27482.72473981,9891.18697000
5,197,0.000000,0.440000,0.00000000,107.32720193,0.00000000,112.28770370,0.00000000,0.00000000,94.69756566,107.32720193,101.68074366,1745.79450000,27482.72473960,9891.18697000
5,198,0.000000,0.379000,0.00000000,106.72863180,0.00000000,82.43966191,0.00000000,0.00000000,94.69756566,106.72863180,101.68074366,1745.79450000,27831.88363944,7912.94957600
5,199,0.161000,0.578000,25.75712695,81.57007498,0.00000000,206.92405106,0.00000000,0.00000000,94.69756566,107.32720193,101.68074366,1745.79450000,27831.88363923,9891.18697000
5,200,0.370000,0.748000,59.19339734,48.13380459,0.00000000,325.21153498,0.00000000,0.00000000,94.69756566,107.32720193,101.68074366,1745.79450000,27831.88363903,9891.18697000
5,201,0.536000,0.702000,85.75043506,21.57676686,0.00000000,328.80883257,0.00000000,0.00000000,94.69756566,107.32720193,101.68074366,1745.79450000,27831.88363882,9891.18697000
5,202,0.651000,0.596000,89.89674172,0.00000000,14.25164117,297.47837217,0.00000000,0.00000000,78.66539600,89.89674172,84.63531998,1492.48099468,27578.57013330,9891.18697000
5,203,0.714000,0.484000,107.32720193,0.00000000,6.90005672,241.57639619,0.00000000,0.00000000,94.69756566,107.32720193,101.68074366,1745.79450000,27578.57013309,9891.18697000
5,204,0.730000,0.387000,107.32720193,0.00000000,9.45977120,193.16129200,0.00000000,0.00000000,94.69756566,107.32720193,101.68074366,1745.79450000,27578.57013289,9891.18697000
5,205,0.702000,0.333000,107.32720193,0.00000000,4.98027086,166.20855358,0.00000000,0.00000000,94.69756566,107.32720193,101.68074366,1745.79450000,27578.57013268,9891.18697000
5,206,0.630000,0.334000,100.13352512,0.00000000,0.65523251,166.70767836,0.00000000,0.00000000,88.63152555,100.13352512,95.23132198,1649.94910713,27831.88363964,7912.94957600
5,207,0.510000,0.388000,81.59089903,25.73630289,0.00000000,167.92411389,0.00000000,0.00000000,94.69756566,107.32720193,101.68074366,1745.79450000,27831.88363944,9891.18697000
5,208,0.342000,0.489000,54.71389700,18.82804654,0.00000000,225.24397358,0.00000000,0.00000000,63.67817400,73.54194353,68.65710075,1244.73168631,27330.82082555,9891.18697000
5,209,0.138000,0.635000,22.07753739,71.67657945,0.00000000,245.26765935,0.00000000,0.00000000,82.21332809,93.75411684,88.40748615,1548.53951443,27133.56583977,9891.18697000
5,210,0.000000,0.770000,0.00000000,106.72863180,0.00000000,277.59745305,0.00000000,0.00000000,94.69756566,106.72863180,101.68074366,1745.79450000,27482.72473960,7912.94957600
5,211,0.000000,0.816000,0.00000000,106.72863180,0.00000000,300.55719319,0.00000000,0.00000000,94.69756566,106.72863180,101.68074366,1745.79450000,27831.88363944,7912.94957600
5,212,0.000000,0.845000,0.00000000,73.54194353,0.00000000,348.21850023,0.00000000,0.00000000,63.67817400,73.54194353,68.65710075,1244.73168631,27330.82082555,9891.18697000
5,213,0.000000,0.908000,0.00000000,89.89674172,0.00000000,363.30856354,0.00000000,0.00000000,78.66539600,89.89674172,84.63531998,1492.48099468,27077.50732002,9891.18697000
5,214,0.000000,0.896000,0.00000000,107.32720193,0.00000000,339.88860590,0.00000000,0.00000000,94.69756566,107.32720193,101.68074366,1745.79450000,27077.50731981,9891.18697000
5,215,0.000000,0.859000,0.00000000,106.72863180,0.00000000,322.01955896,0.00000000,0.00000000,94.69756566,106.72863180,101.68074366,1745.79450000,27426.66621965,7912.94957600
5,216,0.000000,0.795000,0.00000000,107.32720193,0.00000000,289.47700256,0.00000000,0.00000000,94.69756566,107.32720193,101.68074366,1745.79450000,27426.66621944,9891.18697000
5,217,0.000000,0.708000,0.00000000,89.36637937,0.00000000,264.01396878,0.00000000,0.00000000,78.66539600,89.36637937,84.63532017,1492.48104146,27482.72473960,8138.37122547
5,218,0.000000,0.560000,0.00000000,106.72863180,0.00000000,172.78124809,0.00000000,0.00000000,94.69756566,106.72863180,101.68074366,1745.79450000,27831.88363944,7912.94957600
5,219,0.000000,0.430000,0.00000000,107.32720193,0.00000000,107.29645585,0.00000000,0.00000000,94.69756566,107.32720193,101.68074366,1745.79450000,27831.88363923,9891.18697000
5,220,0.000000,0.325000,0.00000000,73.54194353,0.00000000,88.67361176,0.00000000,0.00000000,63.67817400,73.54194353,68.65710075,1244.73168631,27330.82082534,9891.18697000
5,221,0.000000,0.265000,0.00000000,106.72863180,0.00000000,25.53943636,0.00000000,0.00000000,94.69756566,106.72863180,101.68074366,1745.79450000,27679.97972518,7912.94957600
5,222,0.000000,0.241000,0.00000000,107.32720193,0.00000000,12.96187138,0.00000000,0.00000000,94.69756566,107.32720193,101.68074366,1745.79450000,27679.97972497,9891.18697000
5,223,0.158000,0.478000,25.27718048,81.95391919,0.00000000,156.62772829,0.00000000,0.00000000,94.69756566,107.23109968,101.68074366,1745.79450000,27736.03824513,9573.57495659
5,224,0.361000,0.720000,57.75355794,31.54461365,0.00000000,327.82523193,0.00000000,0.00000000,78.66539600,89.29817159,84.63531998,1492.48099468,27831.88363964,7912.94957600
5,225,0.523000,0.737000,83.67066705,23.65653488,0.00000000,344.19843205,0.00000000,0.00000000,94.69756566,107.32720193,101.68074366,1745.79450000,27831.88363944,9891.18697000
5,226,0.635000,0.686000,101.58866840,5.73853352,0.00000000,336.66106935,0.00000000,0.00000000,94.69756566,107.32720193,101.68074366,1745.79450000,27831.88363923,9891.18697000
5,227,0.700000,0.613000,107.32720193,0.00000000,4.66030655,305.96349352,0.00000000,0.00000000,94.69756566,107.32720193,101.68074366,1745.79450000,27831.88363903,9891.18697000
5,228,0.718000,0.556000,107.32720193,0.00000000,7.53998534,277.51338075,0.00000000,0.00000000,94.69756566,107.32720193,101.68074366,1745.79450000,27831.88363882,9891.18697000
5,229,0.691000,0.535000,107.32720193,0.00000000,3.22046716,267.03176025,0.00000000,0.00000000,94.69756566,107.32720193,101.68074366,1745.79450000,27831.88363862,9891.18697000
5,230,0.613000,0.568000,98.06906099,9.25814093,0.00000000,274.24473724,0.00000000,0.00000000,94.69756566,107.32720193,101.68074366,1745.79450000,27831.88363841,9891.18697000
5,231,0.486000,0.644000,77.75132731,11.71115430,0.00000000,309.72520757,0.00000000,0.00000000,78.66539600,89.46248162,84.63532017,1492.48104146,27831.88363944,8455.98323190
5,232,0.297000,0.750000,47.51470002,59.81250192,0.00000000,314.53108723,0.00000000,0.00000000,94.69756567,107.32720194,101.68074367,1745.79450020,27831.88363944,9891.18697000
5,233,0.110000,0.855000,17.59803705,83.13405490,0.00000000,343.61763672,0.00000000,0.00000000,88.63152251,100.73209194,95.23131875,1649.94905912,27736.03819835,9891.18697000
5,234,0.000000,0.909000,0.00000000,89.29817185,0.00000000,364.40625819,0.00000000,0.00000000,78.66539600,89.29817185,84.63532017,1492.48104146,27831.88363964,7912.94957600
5,235,0.000000,0.937000,0.00000000,107.32720193,0.00000000,360.35272211,0.00000000,0.00000000,94.69756566,107.32720193,101.68074366,1745.79450000,27831.88363944,9891.18697000
5,236,0.000000,0.945000,0.00000000,107.32720193,0.00000000,364.34572039,0.00000000,0.00000000,94.69756566,107.32720193,101.68074366,1745.79450000,27831.88363923,9891.18697000
5,237,0.000000,0.924000,0.00000000,2.39428050,0.00000000,458.79702132,0.00000000,0.00000000,0.00000000,2.39428050,0.00000000,0.00000000,26435.24803907,7912.94957600
5,238,0.000000,0.881000,0.00000000,107.32720193,0.00000000,332.40173412,0.00000000,0.00000000,94.69756566,107.32720193,101.68074366,1745.79450000,26435.24803887,9891.18697000
5,239,0.000000,0.831000,0.00000000,106.72863180,0.00000000,308.04406497,0.00000000,0.00000000,94.69756566,106.72863180,101.68074366,1745.79450000,26784.40693870,7912.94957600
5,240,0.000000,0.777000,0.00000000,106.72863180,0.00000000,281.09132655,0.00000000,0.00000000,94.69756566,106.72863180,101.68074366,1745.79450000,27133.56583854,7912.94957600
5,241,0.000000,0.702000,0.00000000,107.32720193,0.00000000,243.05839751,0.00000000,0.00000000,94.69756566,107.32720193,101.68074366,1745.79450000,27133.56583833,9891.18697000
5,242,0.000000,0.640000,0.00000000,106.72863180,0.00000000,212.71123093,0.00000000,0.00000000,94.69756566,106.72863180,101.68074366,1745.79450000,27482.72473817,7912.94957600
5,243,0.000000,0.592000,0.00000000,106.72863180,0.00000000,188.75324123,0.00000000,0.00000000,94.69756566,106.72863180,101.68074366,1745.79450000,27831.88363800,7912.94957600
5,244,0.000000,0.571000,0.00000000,107.32720193,0.00000000,177.67305061,0.00000000,0.00000000,94.69756566,107.32720193,101.68074366,1745.79450000,27831.88363780,9891.18697000
5,245,0.000000,0.550000,0.00000000,107.32720193,0.00000000,167.19143011,0.00000000,0.00000000,94.69756566,107.32720193,101.68074366,1745.79450000,27831.88363759,9891.18697000
5,246,0.000000,0.525000,0.00000000,107.32720192,0.00000000,154.71331048,0.00000000,0.00000000,94.69756566,107.32720192,101.68074366,1745.79450000,27831.88364005,9891.18695490
5,247,0.144000,0.711000,23.03743032,84.28977161,0.00000000,270.58795090,0.00000000,0.00000000,94.69756566,107.32720193,101.68074366,1745.79450000,27831.88363985,9891.18697000
5,248,0.342000,0.829000,54.71389700,52.61330493,0.00000000,361.16114227,0.00000000,0.00000000,94.69756566,107.32720193,101.68074366,1745.79450000,27831.88363964,9891.18697000
5,249,0.505000,0.832000,80.79098826,26.53621367,0.00000000,388.73560789,0.00000000,0.00000000,94.69756566,107.32720193,101.68074366,1745.79450000,27831.88363944,9891.18697000
5,250,0.620000,0.805000,99.18893608,8.13826585,0.00000000,393.65718650,0.00000000,0.00000000,94.69756566,107.32720193,101.68074366,1745.79450000,27831.88363923,9891.18697000
5,251,0.685000,0.784000,73.54194353,0.00000000,36.04583262,391.31383185,0.00000000,0.00000000,63.67817400,73.54194353,68.65710075,1244.73168631,27330.82082534,9891.18697000
5,252,0.688000,0.771000,107.32720193,0.00000000,2.74052069,384.82520964,0.00000000,0.00000000,94.69756566,107.32720193,101.68074366,1745.79450000,27330.82082514,9891.18697000
5,253,0.644000,0.766000,103.02850780,4.03828219,0.00000000,378.29130352,0.00000000,0.00000000,94.69756566,107.06678999,101.68074366,1745.79450000,27482.72473960,9030.54156109
5,254,0.546000,0.780000,87.35025661,19.37837519,0.00000000,369.93895752,0.00000000,0.00000000,94.69756566,106.72863180,101.68074366,1745.79450000,27831.88363944,7912.94957600
5,255,0.390000,0.807000,62.39304044,38.33905154,0.00000000,364.45465038,0.00000000,0.00000000,88.63152254,100.73209197,95.23131878,1649.94905953,27736.03819876,9891.18697000
5,256,0.226000,0.833000,36.15596702,71.17123490,0.00000000,344.59971144,0.00000000,0.00000000,94.69756566,107.32720193,101.68074366,1745.79450000,27736.03819856,9891.18697000
5,257,0.078000,0.862000,12.47860809,94.84859384,0.00000000,335.39697128,0.00000000,0.00000000,94.69756566,107.32720193,101.68074366,1745.79450000,27736.03819835,9891.18697000
5,258,0.000000,0.871000,0.00000000,89.89674197,0.00000000,344.84094622,0.00000000,0.00000000,78.66539600,89.89674197,84.63532017,1492.48104146,27482.72473960,9891.18697000
5,259,0.000000,0.900000,0.00000000,106.72863180,0.00000000,342.48367517,0.00000000,0.00000000,94.69756566,106.72863180,101.68074366,1745.79450000,27831.88363944,7912.94957600
5,260,0.000000,0.920000,0.00000000,107.32720193,0.00000000,351.86760075,0.00000000,0.00000000,94.69756566,107.32720193,101.68074366,1745.79450000,27831.88363944,9891.18696884
5,261,0.000000,0.924000,0.00000000,107.32720193,0.00000000,353.86409990,0.00000000,0.00000000,94.69756566,107.32720193,101.68074366,1745.79450000,27831.88363923,9891.18697000
5,262,0.000000,0.909000,0.00000000,2.39428050,0.00000000,451.31014954,0.00000000,0.00000000,0.00000000,2.39428050,0.00000000,0.00000000,26435.24803907,7912.94957600
5,263,0.000000,0.889000,0.00000000,107.32720193,0.00000000,336.39473240,0.00000000,0.00000000,94.69756566,107.32720193,101.68074366,1745.79450000,26435.24803887,9891.18697000
5,264,0.000000,0.869000,0.00000000,72.94337341,0.00000000,360.79606521,0.00000000,0.00000000,63.67817400,72.94337341,68.65710075,1244.73168631,26283.34412501,7912.94957600
5,265,0.000000,0.829000,0.00000000,107.32720193,0.00000000,306.44724527,0.00000000,0.00000000,94.69756566,107.32720193,101.68074366,1745.79450000,26283.34412481,9891.18697000
5,266,0.000000,0.788000,0.00000000,106.72863180,0.00000000,286.58169919,0.00000000,0.00000000,94.69756566,106.72863180,101.68074366,1745.79450000,26632.50302464,7912.94957600
5,267,0.000000,0.746000,0.00000000,89.29817159,0.00000000,283.04891841,0.00000000,0.00000000,78.66539600,89.29817159,84.63531998,1492.48099468,26728.34841916,7912.94957600
5,268,0.000000,0.705000,0.00000000,72.94337341,0.00000000,278.93960038,0.00000000,0.00000000,63.67817400,72.94337341,68.65710075,1244.73168631,26576.44450530,7912.94957600
5,269,0.000000,0.658000,0.00000000,89.29817159,0.00000000,239.12593728,0.00000000,0.00000000,78.66539600,89.29817159,84.63531998,1492.48099468,26672.28989981,7912.94957600
5,270,0.000000,0.565000,0.00000000,107.32720193,0.00000000,174.67830189,0.00000000,0.00000000,94.69756566,107.32720193,101.68074366,1745.79450000,26672.28989961,9891.18697000
5,271,0.164000,0.733000,26.23707341,81.09012851,0.00000000,284.76833928,0.00000000,0.00000000,94.69756566,107.32720193,101.68074366,1745.79450000,26672.28989940,9891.18697000
5,272,0.375000,0.842000,59.99330811,47.33389381,0.00000000,372.92917560,0.00000000,0.00000000,94.69756566,107.32720193,101.68074366,1745.79450000,26672.28989920,9891.18697000
5,273,0.543000,0.819000,86.87031015,19.85832165,0.00000000,388.92487769,0.00000000,0.00000000,94.69756566,106.72863180,101.68074366,1745.79450000,27021.44879904,7912.94957600
5,274,0.657000,0.760000,105.10827581,2.21892611,0.00000000,377.11591088,0.00000000,0.00000000,94.69756566,107.32720193,101.68074366,1745.79450000,27021.44879883,9891.18697000
5,275,0.720000,0.697000,2.99285063,0.00000000,112.19430095,347.88997551,0.00000000,0.00000000,0.00000000,2.99285063,0.00000000,0.00000000,25275.65429863,9891.18697000
5,276,0.737000,0.648000,106.72863180,0.00000000,11.17821641,323.43286102,0.00000000,0.00000000,94.69756566,106.72863180,101.68074366,1745.79450000,25624.81319846,7912.94957600
5,277,0.710000,0.625000,72.94337341,0.00000000,40.64395662,311.95299095,0.00000000,0.00000000,63.67817400,72.94337341,68.65710075,1244.73168631,25472.90928461,7912.94957600
5,278,0.638000,0.644000,102.06861487,5.25858706,0.00000000,316.17777482,0.00000000,0.00000000,94.69756566,107.32720193,101.68074366,1745.79450000,25472.90928440,9891.18697000
5,279,0.519000,0.694000,83.03073843,23.69789337,0.00000000,322.69470778,0.00000000,0.00000000,94.69756566,106.72863180,101.68074366,1745.79450000,25822.06818424,7912.94957600
5,280,0.351000,0.760000,56.15373639,50.57489541,0.00000000,328.75994159,0.00000000,0.00000000,94.69756566,106.72863180,101.68074366,1745.79450000,26171.22708408,7912.94957600
5,281,0.146000,0.826000,23.35739462,83.37123718,0.00000000,328.90583567,0.00000000,0.00000000,94.69756566,106.72863180,101.68074366,1745.79450000,26520.38598391,7912.94957600
5,282,0.000000,0.851000,0.00000000,73.54194353,0.00000000,351.21324895,0.00000000,0.00000000,63.67817400,73.54194353,68.65710075,1244.73168631,26019.32317002,9891.18697000
5,283,0.000000,0.868000,0.00000000,107.32720193,0.00000000,325.91311191,0.00000000,0.00000000,94.69756566,107.32720193,101.68074366,1745.79450000,26019.32316981,9891.18697000
5,284,0.000000,0.883000,0.00000000,106.72863180,0.00000000,333.99855382,0.00000000,0.00000000,94.69756566,106.72863180,101.68074366,1745.79450000,26368.48206965,7912.94957600
5,285,0.000000,0.891000,0.00000000,106.72863180,0.00000000,337.99155210,0.00000000,0.00000000,94.69756566,106.72863180,101.68074366,1745.79450000,26717.64096949,7912.94957600
5,286,0.000000,0.874000,0.00000000,89.29817159,0.00000000,346.93689096,0.00000000,0.00000000,78.66539600,89.29817159,84.63531998,1492.48099468,26813.48636400,7912.94957600
5,287,0.000000,0.856000,0.00000000,106.72863180,0.00000000,320.52218461,0.00000000,0.00000000,94.69756566,106.72863180,101.68074366,1745.79450000,27162.64526383,7912.94957600
5,288,0.000000,0.836000,0.00000000,106.72863180,0.00000000,310.53968890,0.00000000,0.00000000,94.69756566,106.72863180,101.68074366,1745.79450000,27511.80416367,7912.94957600
5,289,0.000000,0.807000,0.00000000,106.94279293,0.00000000,295.85090899,0.00000000,0.00000000,94.69756566,106.94279293,101.68074366,1745.79450000,27736.03824534,8620.73891406
5,290,0.000000,0.770000,0.00000000,89.89674172,0.00000000,294.42934314,0.00000000,0.00000000,78.66539600,89.89674172,84.63531998,1492.48099468,27482.72473981,9891.18697000
5,291,0.000000,0.730000,0.00000000,106.72863180,0.00000000,257.63246163,0.00000000,0.00000000,94.69756566,106.72863180,101.68074366,1745.79450000,27831.88363964,7912.94957600
5,292,0.000000,0.674000,0.00000000,107.32720193,0.00000000,229.08290352,0.00000000,0.00000000,94.69756566,107.32720193,101.68074366,1745.79450000,27831.88363944,9891.18697000
5,293,0.000000,0.562000,0.00000000,89.89674172,0.00000000,190.61138775,0.00000000,0.00000000,78.66539600,89.89674172,84.63531998,1492.48099468,27578.57013391,9891.18697000
5,294,0.000000,0.501000,0.00000000,107.32720193,0.00000000,142.73431562,0.00000000,0.00000000,94.69756566,107.32720193,101.68074366,1745.79450000,27578.57013371,9891.18697000
5,295,0.165000,0.676000,26.39705557,67.73992966,0.00000000,269.66842536,0.00000000,0.00000000,82.56548236,94.13698522,88.78189703,1554.10366563,27386.87929913,9891.18697000
5,296,0.375000,0.833000,59.99330811,29.90343386,0.00000000,385.86751248,0.00000000,0.00000000,78.66539600,89.89674197,84.63532017,1492.48104146,27133.56584038,9891.18697000
5,297,0.542000,0.803000,86.71032799,20.01830381,0.00000000,380.77889896,0.00000000,0.00000000,94.69756566,106.72863180,101.68074366,1745.79450000,27482.72474022,7912.94957600
5,298,0.655000,0.729000,104.78831150,2.53889042,0.00000000,361.32307822,0.00000000,0.00000000,94.69756566,107.32720193,101.68074366,1745.79450000,27482.72474001,9891.18697000
5,299,0.717000,0.649000,107.32720193,0.00000000,7.38000318,323.93198580,0.00000000,0.00000000,94.69756566,107.32720193,101.68074366,1745.79450000,27482.72473981,9891.18697000
5,300,0.733000,0.579000,107.32720193,0.00000000,9.93971766,288.99325082,0.00000000,0.00000000,94.69756566,107.32720193,101.68074366,1745.79450000,27482.72473960,9891.18697000
5,301,0.706000,0.543000,106.72863180,0.00000000,6.21876961,271.02475854,0.00000000,0.00000000,94.69756566,106.72863180,101.68074366,1745.79450000,27831.88363944,7912.94957600
5,302,0.634000,0.554000,89.89674172,0.00000000,11.53194453,276.51513118,0.00000000,0.00000000,78.66539600,89.89674172,84.63531998,1492.48099468,27578.57013391,9891.18697000
5,303,0.513000,0.612000,43.76184039,0.00000000,38.30900511,305.46436874,0.00000000,0.00000000,36.84682300,43.76184039,39.91750131,767.66957627,26784.40694055,8848.91087611
5,304,0.344000,0.700000,55.03386131,51.69477049,0.00000000,297.69257937,0.00000000,0.00000000,94.69756566,106.72863180,101.68074366,1745.79450000,27133.56584038,7912.94957600
5,305,0.139000,0.794000,22.23751954,85.08968239,0.00000000,311.21539732,0.00000000,0.00000000,94.69756566,107.32720193,101.68074366,1745.79450000,27133.56584018,9891.18697000
5,306,0.000000,0.845000,0.00000000,106.72863180,0.00000000,315.03181197,0.00000000,0.00000000,94.69756566,106.72863180,101.68074366,1745.79450000,27482.72474001,7912.94957600
5,307,0.000000,0.887000,0.00000000,107.32720193,0.00000000,335.39648283,0.00000000,0.00000000,94.69756566,107.32720193,101.68074366,1745.79450000,27482.72473981,9891.18697000
5,308,0.000000,0.911000,0.00000000,106.72863180,0.00000000,347.97404781,0.00000000,0.00000000,94.69756566,106.72863180,101.68074366,1745.79450000,27831.88363964,7912.94957600
5,309,0.000000,0.922000,0.00000000,107.32720193,0.00000000,352.86585033,0.00000000,0.00000000,94.69756566,107.32720193,101.68074366,1745.79450000,27831.88363944,9891.18697000
5,310,0.000000,0.903000,0.00000000,2.99285063,0.00000000,447.71683070,0.00000000,0.00000000,0.00000000,2.99285063,0.00000000,0.00000000,26086.08913923,9891.18697000
5,311,0.000000,0.882000,0.00000000,106.72863180,0.00000000,333.49942903,0.00000000,0.00000000,94.69756566,106.72863180,101.68074366,1745.79450000,26435.24803907,7912.94957600
5,312,0.000000,0.849000,0.00000000,106.72863180,0.00000000,317.02831111,0.00000000,0.00000000,94.69756566,106.72863180,101.68074366,1745.79450000,26784.40693891,7912.94957600
5,313,0.000000,0.807000,0.00000000,89.89674172,0.00000000,312.89696020,0.00000000,0.00000000,78.66539600,89.89674172,84.63531998,1492.48099468,26531.09343338,9891.18697000
5,314,0.000000,0.756000,0.00000000,106.72863180,0.00000000,270.60970605,0.00000000,0.00000000,94.69756566,106.72863180,101.68074366,1745.79450000,26880.25233321,7912.94957600
5,315,0.000000,0.697000,0.00000000,106.72863180,0.00000000,241.16134371,0.00000000,0.00000000,94.69756566,106.72863180,101.68074366,1745.79450000,27229.41123305,7912.94957600
5,316,0.000000,0.656000,0.00000000,107.32720193,0.00000000,220.09865738,0.00000000,0.00000000,94.69756566,107.32720193,101.68074366,1745.79450000,27229.41123284,9891.18697000
5,317,0.000000,0.592000,0.00000000,106.72863180,0.00000000,188.75324123,0.00000000,0.00000000,94.69756566,106.72863180,101.68074366,1745.79450000,27578.57013268,7912.94957600
5,318,0.000000,0.524000,0.00000000,106.89294149,0.00000000,154.64844613,0.00000000,0.00000000,94.69756566,106.89294149,101.68074366,1745.79450000,27831.88363944,8455.98296454
5,319,0.157000,0.726000,25.11719833,18.96001136,0.00000000,343.40458293,0.00000000,0.00000000,36.84682300,44.07720969,39.91750131,767.66957627,26853.75871550,9891.18697000
5,320,0.363000,0.833000,58.07352225,31.22464934,0.00000000,384.54629700,0.00000000,0.00000000,78.66539600,89.29817159,84.63531998,1492.48099468,26949.60411002,7912.94957600
5,321,0.534000,0.809000,85.43047075,21.89673117,0.00000000,381.89522031,0.00000000,0.00000000,94.69756566,107.32720193,101.68074366,1745.79450000,26949.60410981,9891.18697000
5,322,0.651000,0.750000,0.00000000,89.89674172,104.14838288,284.44684743,0.00000000,0.00000000,78.66539600,89.89674172,84.63531998,1492.48099468,26696.29060428,9891.18697000
5,323,0.714000,0.684000,107.32720193,0.00000000,6.90005672,341.40135330,0.00000000,0.00000000,94.69756566,107.32720193,101.68074366,1745.79450000,26696.29060408,9891.18697000
5,324,0.730000,0.631000,107.17614232,0.00000000,9.61083081,314.94773966,0.00000000,0.00000000,94.69756566,107.17614232,101.68074366,1745.79450000,26784.40694055,9391.94426929
5,325,0.703000,0.610000,107.32720193,0.00000000,5.14025302,304.46611917,0.00000000,0.00000000,94.69756566,107.32720193,101.68074366,1745.79450000,26784.40694034,9891.18697000
5,326,0.630000,0.625000,100.78875763,5.93987417,0.00000000,306.01311678,0.00000000,0.00000000,94.69756566,106.72863180,101.68074366,1745.79450000,27133.56584018,7912.94957600
5,327,0.509000,0.672000,81.43091688,25.89628505,0.00000000,309.51557082,0.00000000,0.00000000,94.69756566,107.32720193,101.68074366,1745.79450000,27133.56583997,9891.18697000
5,328,0.342000,0.739000,54.71389700,52.01473480,0.00000000,316.83848170,0.00000000,0.00000000,94.69756566,106.72863180,101.68074366,1745.79450000,27482.72473981,7912.94957600
5,329,0.139000,0.809000,22.23751954,84.49111226,0.00000000,319.30083923,0.00000000,0.00000000,94.69756566,106.72863180,101.68074366,1745.79450000,27831.88363964,7912.94957600
5,330,0.000000,0.849000,0.00000000,107.32720193,0.00000000,316.42974098,0.00000000,0.00000000,94.69756566,107.32720193,101.68074366,1745.79450000,27831.88363944,9891.18697000
5,331,0.000000,0.886000,0.00000000,107.32720193,0.00000000,334.89735805,0.00000000,0.00000000,94.69756566,107.32720193,101.68074366,1745.79450000,27831.88363944,9891.18696884
5,332,0.000000,0.908000,0.00000000,2.72289987,0.00000000,450.48240538,0.00000000,0.00000000,0.00000000,2.72289987,0.00000000,0.00000000,26243.55725189,8999.01636004
5,333,0.000000,0.909000,0.00000000,107.32720193,0.00000000,346.37722811,0.00000000,0.00000000,94.69756566,107.32720193,101.68074366,1745.79450000,26243.55725169,9891.18697000
5,334,0.000000,0.876000,0.00000000,106.72863180,0.00000000,330.50468032,0.00000000,0.00000000,94.69756566,106.72863180,101.68074366,1745.79450000,26592.71615152,7912.94957600
5,335,0.000000,0.829000,0.00000000,107.32720193,0.00000000,306.44724527,0.00000000,0.00000000,94.69756566,107.32720193,101.68074366,1745.79450000,26592.71615132,9891.18697000
5,336,0.000000,0.768000,0.00000000,106.72863180,0.00000000,276.59920348,0.00000000,0.00000000,94.69756566,106.72863180,101.68074366,1745.79450000,26941.87505115,7912.94957600
5,337,0.000000,0.672000,0.00000000,106.72863180,0.00000000,228.68322407,0.00000000,0.00000000,94.69756566,106.72863180,101.68074366,1745.79450000,27291.03395099,7912.94957600
5,338,0.000000,0.568000,0.00000000,106.72863180,0.00000000,176.77424638,0.00000000,0.00000000,94.69756566,106.72863180,101.68074366,1745.79450000,27640.19285083,7912.94957600
5,339,0.000000,0.443000,0.00000000,89.89674172,0.00000000,131.21553827,0.00000000,0.00000000,78.66539600,89.89674172,84.63531998,1492.48099468,27386.87934530,9891.18697000
5,340,0.000000,0.374000,0.00000000,107.32720193,0.00000000,79.34546786,0.00000000,0.00000000,94.69756566,107.32720193,101.68074366,1745.79450000,27386.87934509,9891.18697000
5,341,0.000000,0.341000,0.00000000,106.72863180,0.00000000,63.47292006,0.00000000,0.00000000,94.69756566,106.72863180,101.68074366,1745.79450000,27736.03824493,7912.94957600
5,342,0.000000,0.317000,0.00000000,89.29817159,0.00000000,68.92438542,0.00000000,0.00000000,78.66539600,89.29817159,84.63531998,1492.48099468,27831.88363944,7912.94957600
5,343,0.157000,0.491000,25.11719833,82.21000360,0.00000000,162.86026610,0.00000000,0.00000000,94.69756566,107.32720193,101.68074366,1745.79450000,27831.88363923,9891.18697000
5,344,0.365000,0.726000,58.39348656,14.54988685,0.00000000,347.81470744,0.00000000,0.00000000,63.67817400,72.94337341,68.65710075,1244.73168631,27679.97972538,7912.94957600
5,345,0.534000,0.753000,85.43047075,21.89673117,0.00000000,353.94423232,0.00000000,0.00000000,94.69756566,107.32720193,101.68074366,1745.79450000,27679.97972518,9891.18697000
5,346,0.653000,0.725000,0.00000000,89.89674172,104.46834719,271.96872779,0.00000000,0.00000000,78.66539600,89.89674172,84.63531998,1492.48099468,27426.66621965,9891.18697000
5,347,0.718000,0.682000,107.32720193,0.00000000,7.53998534,340.40310373,0.00000000,0.00000000,94.69756566,107.32720193,101.68074366,1745.79450000,27426.66621944,9891.18697000
5,348,0.735000,0.633000,107.32720193,0.00000000,10.25968197,315.94598924,0.00000000,0.00000000,94.69756566,107.32720193,101.68074366,1745.79450000,27426.66621924,9891.18697000
5,349,0.707000,0.624000,106.72863180,0.00000000,6.37875176,311.45386617,0.00000000,0.00000000,94.69756566,106.72863180,101.68074366,1745.79450000,27775.82511907,7912.94957600
5,350,0.635000,0.668000,89.89674172,0.00000000,11.69192669,333.41535673,0.00000000,0.00000000,78.66539600,89.89674172,84.63531998,1492.48099468,27522.51161354,9891.18697000
5,351,0.515000,0.729000,82.39080981,24.93639212,0.00000000,338.92557653,0.00000000,0.00000000,94.69756566,107.32720193,101.68074366,1745.79450000,27522.51161334,9891.18697000
5,352,0.345000,0.781000,55.19384346,48.79705970,0.00000000,341.01939779,0.00000000,0.00000000,92.17946057,103.99090317,99.00349107,1706.00762626,27831.88363944,7912.94957600
5,353,0.140000,0.819000,22.39750170,84.92970023,0.00000000,323.85349911,0.00000000,0.00000000,94.69756566,107.32720193,101.68074366,1745.79450000,27831.88363944,9891.18696884
5,354,0.000000,0.816000,0.00000000,107.32720193,0.00000000,299.95862306,0.00000000,0.00000000,94.69756566,107.32720193,101.68074366,1745.79450000,27831.88363923,9891.18697000
5,355,0.000000,0.808000,0.00000000,107.32720193,0.00000000,295.96562478,0.00000000,0.00000000,94.69756566,107.32720193,101.68074366,1745.79450000,27831.88363944,9891.18696768
5,356,0.000000,0.818000,0.00000000,43.47863956,0.00000000,364.80543500,0.00000000,0.00000000,36.84682300,43.47863956,39.91750131,767.66957627,27202.91761554,7912.94957600
5,357,0.000000,0.837000,0.00000000,107.01183263,0.00000000,310.75561285,0.00000000,0.00000000,94.69756566,107.01183263,101.68074366,1745.79450000,27386.87934591,8848.91087611
5,358,0.000000,0.816000,0.00000000,89.89674172,0.00000000,317.38908327,0.00000000,0.00000000,78.66539600,89.89674172,84.63531998,1492.48099468,27133.56584038,9891.18697000
5,359,0.000000,0.777000,0.00000000,107.32720193,0.00000000,280.49275642,0.00000000,0.00000000,94.69756566,107.32720193,101.68074366,1745.79450000,27133.56584018,9891.18697000
5,360,0.000000,0.737000,0.00000000,106.72863180,0.00000000,261.12633513,0.00000000,0.00000000,94.69756566,106.72863180,101.68074366,1745.79450000,27482.72474001,7912.94957600
5,361,0.000000,0.695000,0.00000000,107.32720193,0.00000000,239.56452401,0.00000000,0.00000000,94.69756566,107.32720193,101.68074366,1745.79450000,27482.72473981,9891.18697000
5,362,0.000000,0.615000,0.00000000,107.32720193,0.00000000,199.63454117,0.00000000,0.00000000,94.69756566,107.32720193,101.68074366,1745.79450000,27482.72473960,9891.18697000
5,363,0.000000,0.554000,0.00000000,106.72863180,0.00000000,169.78649938,0.00000000,0.00000000,94.69756566,106.72863180,101.68074366,1745.79450000,27831.88363944,7912.94957600
5,364,0.000000,0.516000,0.00000000,89.89674197,0.00000000,167.65164736,0.00000000,0.00000000,78.66539600,89.89674197,84.63532017,1492.48104146,27578.57018069,9891.18697000
5,365,0.000000,0.467000,0.00000000,107.32720193,0.00000000,125.76407291,0.00000000,0.00000000,94.69756566,107.32720193,101.68074366,1745.79450000,27578.57018049,9891.18697000
5,366,0.000000,0.453000,0.00000000,100.13352182,0.00000000,125.97000602,0.00000000,0.00000000,88.63152251,100.13352182,95.23131875,1649.94905912,27831.88363944,7912.94957600
5,367,0.134000,0.653000,21.43760877,68.45913321,0.00000000,257.46935174,0.00000000,0.00000000,78.66539600,89.89674197,84.63532017,1492.48104146,27578.57018069,9891.18697000
5,368,0.326000,0.802000,52.15418252,21.38776102,0.00000000,378.91031697,0.00000000,0.00000000,63.67817400,73.54194353,68.65710075,1244.73168631,27077.50736680,9891.18697000
5,369,0.510000,0.810000,81.59089903,25.73630289,0.00000000,378.55477338,0.00000000,0.00000000,94.69756566,107.32720193,101.68074366,1745.79450000,27077.50736659,9891.18697000
5,370,0.627000,0.797000,100.30881116,7.01839076,0.00000000,390.78406330,0.00000000,0.00000000,94.69756566,107.32720193,101.68074366,1745.79450000,27077.50736639,9891.18697000
5,371,0.691000,0.781000,107.32720193,0.00000000,3.22046716,389.81645749,0.00000000,0.00000000,94.69756566,107.32720193,101.68074366,1745.79450000,27077.50736618,9891.18697000
5,372,0.711000,0.769000,97.39578679,0.00000000,16.35152539,383.82696007,0.00000000,0.00000000,86.11341154,97.39578679,92.55405991,1610.16209244,27291.03385845,7912.94957600
5,373,0.687000,0.777000,107.32720193,0.00000000,2.58053854,387.81995835,0.00000000,0.00000000,94.69756566,107.32720193,101.68074366,1745.79450000,27291.03385825,9891.18697000
5,374,0.617000,0.802000,98.70898961,8.61821231,0.00000000,391.67986568,0.00000000,0.00000000,94.69756566,107.32720193,101.68074366,1745.79450000,27291.03385804,9891.18697000
5,375,0.503000,0.835000,80.47102395,26.85617798,0.00000000,389.91301793,0.00000000,0.00000000,94.69756566,107.32720193,101.68074366,1745.79450000,27291.03385784,9891.18697000
5,376,0.340000,0.862000,54.39393269,35.50280929,0.00000000,394.74275583,0.00000000,0.00000000,78.66539600,89.89674197,84.63532017,1492.48104146,27037.72039909,9891.18697000
5,377,0.141000,0.873000,22.55748385,66.74068800,0.00000000,368.99524976,0.00000000,0.00000000,78.66539600,89.29817185,84.63532017,1492.48104146,27133.56584038,7912.94957600
5,378,0.000000,0.851000,0.00000000,106.72863180,0.00000000,318.02656068,0.00000000,0.00000000,94.69756566,106.72863180,101.68074366,1745.79450000,27482.72474022,7912.94957600
5,379,0.000000,0.810000,0.00000000,107.32720193,0.00000000,296.96387435,0.00000000,0.00000000,94.69756566,107.32720193,101.68074366,1745.79450000,27482.72474001,9891.18697000
5,380,0.000000,0.781000,0.00000000,107.32720193,0.00000000,282.48925557,0.00000000,0.00000000,94.69756566,107.32720193,101.68074366,1745.79450000,27482.72473981,9891.18697000
5,381,0.000000,0.746000,0.00000000,107.32720193,0.00000000,265.01988807,0.00000000,0.00000000,94.69756566,107.32720193,101.68074366,1745.79450000,27482.72473960,9891.18697000
5,382,0.000000,0.674000,0.00000000,106.72863180,0.00000000,229.68147364,0.00000000,0.00000000,94.69756566,106.72863180,101.68074366,1745.79450000,27831.88363944,7912.94957600
5,383,0.000000,0.574000,0.00000000,89.89674197,0.00000000,196.60088492,0.00000000,0.00000000,78.66539600,89.89674197,84.63532017,1492.48104146,27578.57018069,9891.18697000
5,384,0.000000,0.486000,0.00000000,107.32720193,0.00000000,135.24744384,0.00000000,0.00000000,94.69756566,107.32720193,101.68074366,1745.79450000,27578.57018049,9891.18697000
5,385,0.000000,0.417000,0.00000000,107.32720193,0.00000000,100.80783364,0.00000000,0.00000000,94.69756566,107.32720193,101.68074366,1745.79450000,27578.57018028,9891.18697000
5,386,0.000000,0.380000,0.00000000,107.32720193,0.00000000,82.34021657,0.00000000,0.00000000,94.69756566,107.32720193,101.68074366,1745.79450000,27578.57018008,9891.18697000
5,387,0.000000,0.379000,0.00000000,107.32720193,0.00000000,81.84109179,0.00000000,0.00000000,94.69756566,107.32720193,101.68074366,1745.79450000,27578.57017987,9891.18697000
5,388,0.000000,0.422000,0.00000000,107.32720193,0.00000000,103.30345756,0.00000000,0.00000000,94.69756566,107.32720193,101.68074366,1745.79450000,27578.57017967,9891.18697000
5,389,0.000000,0.439000,0.00000000,107.32720193,0.00000000,111.78857892,0.00000000,0.00000000,94.69756566,107.32720193,101.68074366,1745.79450000,27578.57017946,9891.18697000
5,390,0.000000,0.484000,0.00000000,107.32720193,0.00000000,134.24919427,0.00000000,0.00000000,94.69756566,107.32720193,101.68074366,1745.79450000,27578.57017926,9891.18697000
5,391,0.150000,0.674000,23.99732324,83.32987868,0.00000000,253.08022676,0.00000000,0.00000000,94.69756566,107.32720193,101.68074366,1745.79450000,27578.57017905,9891.18697000
5,392,0.358000,0.792000,57.27361148,36.26480043,0.00000000,359.04202970,0.00000000,0.00000000,82.56547943,93.53841191,88.78189391,1554.10361926,27736.03819815,7912.94957600
5,393,0.523000,0.786000,83.67066705,5.62750480,0.00000000,386.68457662,0.00000000,0.00000000,78.66539600,89.29817185,84.63532017,1492.48104146,27831.88363944,7912.94957600
5,394,0.636000,0.754000,101.74865056,0.00000000,0.00000000,376.34008828,0.00000000,0.00000000,89.69125823,101.74865056,96.35803114,1666.69322575,27831.88363944,9443.02110907
5,395,0.704000,0.722000,107.32720193,0.00000000,5.30023517,360.36809515,0.00000000,0.00000000,94.69756566,107.32720193,101.68074366,1745.79450000,27831.88363923,9891.18697000
5,396,0.721000,0.707000,107.32720195,0.00000000,8.01993178,352.88122336,0.00000000,0.00000000,94.69756569,107.32720195,101.68074369,1745.79450041,27831.88363944,9891.18697000
5,397,0.691000,0.716000,107.32720193,0.00000000,3.22046716,357.37334643,0.00000000,0.00000000,94.69756566,107.32720193,101.68074366,1745.79450000,27831.88363944,9891.18696884
5,398,0.617000,0.751000,98.70898961,8.61821231,0.00000000,366.22450162,0.00000000,0.00000000,94.69756566,107.32720193,101.68074366,1745.79450000,27831.88363944,9891.18696884
5,399,0.496000,0.806000,2.39428050,0.00000000,76.95686836,402.29457713,0.00000000,0.00000000,0.00000000,2.39428050,0.00000000,0.00000000,26435.24803928,7912.94957600
5,400,0.335000,0.859000,53.59402191,53.13460989,0.00000000,375.61358088,0.00000000,0.00000000,94.69756566,106.72863180,101.68074366,1745.79450000,26784.40693911,7912.94957600
5,401,0.134000,0.896000,21.43760877,85.88959316,0.00000000,361.32621467,0.00000000,0.00000000,94.69756566,107.32720193,101.68074366,1745.79450000,26784.40693891,9891.18697000
5,402,0.000000,0.906000,0.00000000,107.32720193,0.00000000,344.87985376,0.00000000,0.00000000,94.69756566,107.32720193,101.68074366,1745.79450000,26784.40693870,9891.18697000
5,403,0.000000,0.900000,0.00000000,106.72863180,0.00000000,342.48367517,0.00000000,0.00000000,94.69756566,106.72863180,101.68074366,1745.79450000,27133.56583854,7912.94957600
5,404,0.000000,0.895000,0.00000000,2.39428050,0.00000000,444.32240254,0.00000000,0.00000000,0.00000000,2.39428050,0.00000000,0.00000000,25736.93023837,7912.94957600
5,405,0.000000,0.875000,0.00000000,73.54194353,0.00000000,363.19224380,0.00000000,0.00000000,63.67817400,73.54194353,68.65710075,1244.73168631,25235.86742448,9891.18697000
5,406,0.000000,0.828000,0.00000000,106.72863180,0.00000000,306.54669061,0.00000000,0.00000000,94.69756566,106.72863180,101.68074366,1745.79450000,25585.02632432,7912.94957600
5,407,0.000000,0.756000,0.00000000,106.72863180,0.00000000,270.60970605,0.00000000,0.00000000,94.69756566,106.72863180,101.68074366,1745.79450000,25934.18522415,7912.94957600
5,408,0.000000,0.690000,0.00000000,89.29817159,0.00000000,255.09793042,0.00000000,0.00000000,78.66539600,89.29817159,84.63531998,1492.48099468,26030.03061866,7912.94957600
5,409,0.000000,0.624000,0.00000000,107.32720193,0.00000000,204.12666424,0.00000000,0.00000000,94.69756566,107.32720193,101.68074366,1745.79450000,26030.03061846,9891.18697000
5,410,0.000000,0.578000,0.00000000,106.72863180,0.00000000,181.76549423,0.00000000,0.00000000,94.69756566,106.72863180,101.68074366,1745.79450000,26379.18951829,7912.94957600
5,411,0.000000,0.559000,0.00000000,106.72863180,0.00000000,172.28212331,0.00000000,0.00000000,94.69756566,106.72863180,101.68074366,1745.79450000,26728.34841813,7912.94957600
5,412,0.000000,0.501000,0.00000000,89.89674172,0.00000000,160.16477583,0.00000000,0.00000000,78.66539600,89.89674172,84.63531998,1492.48099468,26475.03491260,9891.18697000
5,413,0.000000,0.508000,0.00000000,106.72863180,0.00000000,146.82675924,0.00000000,0.00000000,94.69756566,106.72863180,101.68074366,1745.79450000,26824.19381244,7912.94957600
5,414,0.000000,0.547000,0.00000000,106.72863180,0.00000000,166.29262588,0.00000000,0.00000000,94.69756566,106.72863180,101.68074366,1745.79450000,27173.35271227,7912.94957600
5,415,0.149000,0.724000,23.83734109,82.89129071,0.00000000,278.47505401,0.00000000,0.00000000,94.69756566,106.72863180,101.68074366,1745.79450000,27522.51161211,7912.94957600
5,416,0.350000,0.863000,55.99375424,51.33344769,0.00000000,379.41124222,0.00000000,0.00000000,94.69756566,107.32720193,101.68074366,1745.79450000,27522.51161190,9891.18697000
5,417,0.516000,0.881000,82.55079196,24.77640996,0.00000000,414.95252608,0.00000000,0.00000000,94.69756566,107.32720193,101.68074366,1745.79450000,27522.51161170,9891.18697000
5,418,0.639000,0.864000,102.22859702,1.76230625,0.00000000,429.48150844,0.00000000,0.00000000,92.17946067,103.99090328,99.00349118,1706.00762790,27831.88363944,7912.94957600
5,419,0.705000,0.834000,107.32720193,0.00000000,5.46021733,416.27007113,0.00000000,0.00000000,94.69756566,107.32720193,101.68074366,1745.79450000,27831.88363923,9891.18697000
5,420,0.723000,0.812000,107.32720193,0.00000000,8.33989611,405.28932584,0.00000000,0.00000000,94.69756566,107.32720193,101.68074366,1745.79450000,27831.88363903,9891.18697000
5,421,0.699000,0.829000,2.99285063,0.00000000,108.83467570,413.77444720,0.00000000,0.00000000,0.00000000,2.99285063,0.00000000,0.00000000,26086.08913882,9891.18697000
5,422,0.628000,0.855000,89.89674172,0.00000000,10.57205160,426.75169162,0.00000000,0.00000000,78.66539600,89.89674172,84.63531998,1492.48099468,25832.77563330,9891.18697000
5,423,0.509000,0.882000,81.43091688,25.89628505,0.00000000,414.33177578,0.00000000,0.00000000,94.69756566,107.32720193,101.68074366,1745.79450000,25832.77563309,9891.18697000
5,424,0.342000,0.902000,54.71389700,52.01473480,0.00000000,398.19582174,0.00000000,0.00000000,94.69756566,106.72863180,101.68074366,1745.79450000,26181.93453293,7912.94957600
5,425,0.140000,0.920000,22.39750170,84.92970023,0.00000000,374.26510245,0.00000000,0.00000000,94.69756566,107.32720193,101.68074366,1745.79450000,26181.93453272,9891.18697000
5,426,0.000000,0.920000,0.00000000,106.72863180,0.00000000,352.46617088,0.00000000,0.00000000,94.69756566,106.72863180,101.68074366,1745.79450000,26531.09343256,7912.94957600
5,427,0.000000,0.906000,0.00000000,107.32720193,0.00000000,344.87985376,0.00000000,0.00000000,94.69756566,107.32720193,101.68074366,1745.79450000,26531.09343235,9891.18697000
5,428,0.000000,0.890000,0.00000000,106.72863180,0.00000000,337.49242731,0.00000000,0.00000000,94.69756566,106.72863180,101.68074366,1745.79450000,26880.25233219,7912.94957600
5,429,0.000000,0.858000,0.00000000,107.32720193,0.00000000,320.92186405,0.00000000,0.00000000,94.69756566,107.32720193,101.68074366,1745.79450000,26880.25233198,9891.18697000
5,430,0.000000,0.797000,0.00000000,106.89294148,0.00000000,290.90951258,0.00000000,0.00000000,94.69756566,106.89294148,101.68074366,1745.79450000,27133.56583997,8455.98295757
5,431,0.000000,0.706000,0.00000000,106.72863180,0.00000000,245.65346678,0.00000000,0.00000000,94.69756566,106.72863180,101.68074366,1745.79450000,27482.72473981,7912.94957600
5,432,0.000000,0.604000,0.00000000,106.72863180,0.00000000,194.74273865,0.00000000,0.00000000,94.69756566,106.72863180,101.68074366,1745.79450000,27831.88363964,7912.94957600
5,433,0.000000,0.519000,0.00000000,107.32720193,0.00000000,151.71856176,0.00000000,0.00000000,94.69756566,107.32720193,101.68074366,1745.79450000,27831.88363944,9891.18697000
5,434,0.000000,0.459000,0.00000000,89.62679105,0.00000000,139.47148551,0.00000000,0.00000000,78.66539600,89.62679105,84.63531998,1492.48099468,27736.03819856,8999.01663205
5,435,0.000000,0.441000,0.00000000,89.29817185,0.00000000,130.81585857,0.00000000,0.00000000,78.66539600,89.29817185,84.63532017,1492.48104146,27831.88363985,7912.94957600
5,436,0.000000,0.457000,0.00000000,107.32720193,0.00000000,120.77282506,0.00000000,0.00000000,94.69756566,107.32720193,101.68074366,1745.79450000,27831.88363964,9891.18697000
5,437,0.000000,0.442000,0.00000000,107.32720193,0.00000000,113.28595327,0.00000000,0.00000000,94.69756566,107.32720193,101.68074366,1745.79450000,27831.88363944,9891.18697000
5,438,0.001000,0.386000,0.15998215,107.16721977,0.00000000,85.49494744,0.00000000,0.00000000,94.69756566,107.32720193,101.68074366,1745.79450000,27831.88363944,9891.18696884
5,439,0.164000,0.633000,26.23707341,81.09012851,0.00000000,234.85586072,0.00000000,0.00000000,94.69756566,107.32720193,101.68074366,1745.79450000,27831.88363923,9891.18697000
5,440,0.369000,0.817000,59.03341518,14.50852835,0.00000000,393.27642142,0.00000000,0.00000000,63.67817400,73.54194353,68.65710075,1244.73168631,27330.82082534,9891.18697000
5,441,0.533000,0.831000,85.27048860,22.05671333,0.00000000,392.71598344,0.00000000,0.00000000,94.69756566,107.32720193,101.68074366,1745.79450000,27330.82082514,9891.18697000
5,442,0.652000,0.803000,104.30836504,2.42026676,0.00000000,398.37693601,0.00000000,0.00000000,94.69756566,106.72863180,101.68074366,1745.79450000,27679.97972497,7912.94957600
5,443,0.713000,0.770000,94.45614357,0.00000000,19.61113292,384.32608485,0.00000000,0.00000000,83.38051063,94.45614357,89.64843613,1566.98137537,27831.88363944,8017.43603912
5,444,0.730000,0.748000,107.32720193,0.00000000,9.45977120,373.34533957,0.00000000,0.00000000,94.69756566,107.32720193,101.68074366,1745.79450000,27831.88363923,9891.18697000
5,445,0.707000,0.744000,30.97213435,0.00000000,82.13524921,371.34884043,0.00000000,0.00000000,25.00174700,30.97213435,27.15938231,539.40882693,26625.49796596,9891.18697000
5,446,0.634000,0.750000,89.89674172,0.00000000,11.53194453,374.34358914,0.00000000,0.00000000,78.66539600,89.89674172,84.63531998,1492.48099468,26372.18446043,9891.18697000
5,447,0.514000,0.766000,82.23082765,24.49780415,0.00000000,357.83178156,0.00000000,0.00000000,94.69756566,106.72863180,101.68074366,1745.79450000,26721.34336026,7912.94957600
5,448,0.347000,0.799000,55.51380777,51.81339415,0.00000000,346.98730948,0.00000000,0.00000000,94.69756566,107.32720193,101.68074366,1745.79450000,26721.34336006,9891.18697000
5,449,0.142000,0.833000,22.71746601,84.60973592,0.00000000,331.16121042,0.00000000,0.00000000,94.69756566,107.32720193,101.68074366,1745.79450000,26721.34335985,9891.18697000
5,450,0.000000,0.841000,0.00000000,107.32720193,0.00000000,312.43674270,0.00000000,0.00000000,94.69756566,107.32720193,101.68074366,1745.79450000,26721.34335965,9891.18697000
5,451,0.000000,0.850000,0.00000000,107.32720193,0.00000000,316.92886577,0.00000000,0.00000000,94.69756566,107.32720193,101.68074366,1745.79450000,26721.34335944,9891.18697000
5,452,0.000000,0.867000,0.00000000,73.54194353,0.00000000,359.19924551,0.00000000,0.00000000,63.67817400,73.54194353,68.65710075,1244.73168631,26220.28054555,9891.18697000
5,453,0.000000,0.856000,0.00000000,106.72863180,0.00000000,320.52218461,0.00000000,0.00000000,94.69756566,106.72863180,101.68074366,1745.79450000,26569.43944538,7912.94957600
5,454,0.000000,0.824000,0.00000000,107.32720193,0.00000000,303.95162134,0.00000000,0.00000000,94.69756566,107.32720193,101.68074366,1745.79450000,26569.43944518,9891.18697000
5,455,0.000000,0.763000,0.00000000,106.72863180,0.00000000,274.10357955,0.00000000,0.00000000,94.69756566,106.72863180,101.68074366,1745.79450000,26918.59834501,7912.94957600
5,456,0.000000,0.690000,0.00000000,107.32720193,0.00000000,237.06890008,0.00000000,0.00000000,94.69756566,107.32720193,101.68074366,1745.79450000,26918.59834481,9891.18697000
5,457,0.000000,0.642000,0.00000000,72.94337341,0.00000000,247.49473890,0.00000000,0.00000000,63.67817400,72.94337341,68.65710075,1244.73168631,26766.69443096,7912.94957600
5,458,0.000000,0.613000,0.00000000,107.32720193,0.00000000,198.63629160,0.00000000,0.00000000,94.69756566,107.32720193,101.68074366,1745.79450000,26766.69443075,9891.18697000
5,459,0.000000,0.604000,0.00000000,107.03642508,0.00000000,194.43494538,0.00000000,0.00000000,94.69756566,107.03642508,101.68074366,1745.79450000,26936.31085501,8930.18739795
5,460,0.000000,0.645000,0.00000000,107.32720193,0.00000000,214.60828474,0.00000000,0.00000000,94.69756566,107.32720193,101.68074366,1745.79450000,26936.31085481,9891.18697000
5,461,0.000000,0.561000,0.00000000,107.32720193,0.00000000,172.68180275,0.00000000,0.00000000,94.69756566,107.32720193,101.68074366,1745.79450000,26936.31085460,9891.18697000
5,462,0.001000,0.464000,0.15998215,72.78339125,0.00000000,158.81050923,0.00000000,0.00000000,63.67817400,72.94337341,68.65710075,1244.73168631,26784.40694075,7912.94957600
5,463,0.167000,0.705000,26.71701988,80.61018205,0.00000000,271.27279175,0.00000000,0.00000000,94.69756566,107.32720193,101.68074366,1745.79450000,26784.40694055,9891.18697000
5,464,0.373000,0.827000,59.67334380,47.65385812,0.00000000,365.12233950,0.00000000,0.00000000,94.69756566,107.32720193,101.68074366,1745.79450000,26784.40694034,9891.18697000
5,465,0.536000,0.804000,85.75043506,20.97819674,0.00000000,380.31813082,0.00000000,0.00000000,94.69756566,106.72863180,101.68074366,1745.79450000,27133.56584018,7912.94957600
5,466,0.649000,0.751000,103.82841857,3.49878335,0.00000000,371.34393057,0.00000000,0.00000000,94.69756566,107.32720193,101.68074366,1745.79450000,27133.56583997,9891.18697000
5,467,0.711000,0.692000,107.32720193,0.00000000,6.42011025,345.39435158,0.00000000,0.00000000,94.69756566,107.32720193,101.68074366,1745.79450000,27133.56583977,9891.18697000
5,468,0.726000,0.645000,106.72863180,0.00000000,9.41841270,321.93548666,0.00000000,0.00000000,94.69756566,106.72863180,101.68074366,1745.79450000,27482.72473960,7912.94957600
5,469,0.698000,0.645000,106.72863180,0.00000000,4.93891237,321.93548666,0.00000000,0.00000000,94.69756566,106.72863180,101.68074366,1745.79450000,27831.88363944,7912.94957600
5,470,0.625000,0.686000,99.98884685,7.33835507,0.00000000,335.06124780,0.00000000,0.00000000,94.69756566,107.32720193,101.68074366,1745.79450000,27831.88363923,9891.18697000
5,471,0.505000,0.741000,2.99285063,0.00000000,77.79813763,369.85146607,0.00000000,0.00000000,0.00000000,2.99285063,0.00000000,0.00000000,26086.08913903,9891.18697000
5,472,0.336000,0.798000,53.75400407,53.57319786,0.00000000,344.72838099,0.00000000,0.00000000,94.69756566,107.32720193,101.68074366,1745.79450000,26086.08913882,9891.18697000
5,473,0.136000,0.846000,21.75757308,84.97105873,0.00000000,337.28850983,0.00000000,0.00000000,94.69756566,106.72863180,101.68074366,1745.79450000,26435.24803866,7912.94957600
5,474,0.000000,0.863000,0.00000000,73.54194353,0.00000000,357.20274637,0.00000000,0.00000000,63.67817400,73.54194353,68.65710075,1244.73168631,25934.18522477,9891.18697000
5,475,0.000000,0.878000,0.00000000,106.72863180,0.00000000,331.50292989,0.00000000,0.00000000,94.69756566,106.72863180,101.68074366,1745.79450000,26283.34412460,7912.94957600
5,476,0.000000,0.888000,0.00000000,107.32720193,0.00000000,335.89560762,0.00000000,0.00000000,94.69756566,107.32720193,101.68074366,1745.79450000,26283.34412440,9891.18697000
5,477,0.000000,0.912000,0.00000000,106.72863180,0.00000000,348.47317260,0.00000000,0.00000000,94.69756566,106.72863180,101.68074366,1745.79450000,26632.50302423,7912.94957600
5,478,0.000000,0.877000,0.00000000,106.72863180,0.00000000,331.00380510,0.00000000,0.00000000,94.69756566,106.72863180,101.68074366,1745.79450000,26981.66192407,7912.94957600
5,479,0.000000,0.814000,0.00000000,106.72863180,0.00000000,299.55894361,0.00000000,0.00000000,94.69756566,106.72863180,101.68074366,1745.79450000,27330.82082391,7912.94957600
5,480,0.000000,0.740000,0.00000000,107.32720193,0.00000000,262.02513936,0.00000000,0.00000000,94.69756566,107.32720193,101.68074366,1745.79450000,27330.82082370,9891.18697000
5,481,0.000000,0.661000,0.00000000,107.06678999,0.00000000,222.85469324,0.00000000,0.00000000,94.69756566,107.06678999,101.68074366,1745.79450000,27482.72473960,9030.54155296
5,482,0.000000,0.571000,0.00000000,106.72863180,0.00000000,178.27162073,0.00000000,0.00000000,94.69756566,106.72863180,101.68074366,1745.79450000,27831.88363944,7912.94957600
5,483,0.000000,0.537000,0.00000000,72.94337341,0.00000000,195.08663642,0.00000000,0.00000000,63.67817400,72.94337341,68.65710075,1244.73168631,27679.97972559,7912.94957600
5,484,0.000000,0.507000,0.00000000,57.67001469,0.00000000,195.38625157,0.00000000,0.00000000,49.73928100,57.67001469,53.75120360,1002.98064984,27286.32477526,7912.94957600
5,485,0.000000,0.488000,0.00000000,106.99050952,0.00000000,136.58238582,0.00000000,0.00000000,94.69756566,106.99050952,101.68074366,1745.79450000,27482.72473981,8778.43929433
5,486,0.000000,0.441000,0.00000000,107.32720193,0.00000000,112.78682849,0.00000000,0.00000000,94.69756566,107.32720193,101.68074366,1745.79450000,27482.72473960,9891.18697000
5,487,0.152000,0.655000,24.31728755,82.41134425,0.00000000,244.51539027,0.00000000,0.00000000,94.69756566,106.72863180,101.68074366,1745.79450000,27831.88363944,7912.94957600
5,488,0.358000,0.826000,57.27361148,50.05359045,0.00000000,362.22348239,0.00000000,0.00000000,94.69756566,107.32720193,101.68074366,1745.79450000,27831.88363923,9891.18697000
5,489,0.525000,0.836000,83.99063136,23.33657057,0.00000000,393.93175013,0.00000000,0.00000000,94.69756566,107.32720193,101.68074366,1745.79450000,27831.88363944,9891.18696768
5,490,0.643000,0.812000,102.86852564,4.45867628,0.00000000,400.83064956,0.00000000,0.00000000,94.69756566,107.32720193,101.68074366,1745.79450000,27831.88363923,9891.18697000
5,491,0.714000,0.774000,107.32720193,0.00000000,6.90005672,386.32258399,0.00000000,0.00000000,94.69756566,107.32720193,101.68074366,1745.79450000,27831.88363944,9891.18696768
5,492,0.734000,0.724000,58.26858481,0.00000000,59.15831693,361.36634472,0.00000000,0.00000000,49.73928100,58.26858481,53.75120360,1002.98064984,27089.06978907,9891.18697000
5,493,0.708000,0.678000,106.72863180,0.00000000,6.53873392,338.40660458,0.00000000,0.00000000,94.69756566,106.72863180,101.68074366,1745.79450000,27438.22868891,7912.94957600
5,494,0.637000,0.660000,101.90863271,5.41856921,0.00000000,324.00378923,0.00000000,0.00000000,94.69756566,107.32720193,101.68074366,1745.79450000,27438.22868870,9891.18697000
5,495,0.518000,0.681000,82.87075627,23.85787553,0.00000000,316.04610341,0.00000000,0.00000000,94.69756566,106.72863180,101.68074366,1745.79450000,27787.38758854,7912.94957600
5,496,0.345000,0.725000,55.19384346,52.13335846,0.00000000,309.73211104,0.00000000,0.00000000,94.69756566,107.32720193,101.68074366,1745.79450000,27787.38758833,9891.18697000
5,497,0.136000,0.781000,21.75757308,85.56962885,0.00000000,304.24682864,0.00000000,0.00000000,94.69756566,107.32720193,101.68074366,1745.79450000,27787.38758813,9891.18697000
5,498,0.000000,0.799000,0.00000000,107.32720193,0.00000000,291.47350171,0.00000000,0.00000000,94.69756566,107.32720193,101.68074366,1745.79450000,27787.38758792,9891.18697000
5,499,0.000000,0.823000,0.00000000,107.25092145,0.00000000,303.52877704,0.00000000,0.00000000,94.69756566,107.25092145,101.68074366,1745.79450000,27831.88363944,9639.08469395
5,500,0.000000,0.845000,0.00000000,2.39428050,0.00000000,419.36616327,0.00000000,0.00000000,0.00000000,2.39428050,0.00000000,0.00000000,26435.24803928,7912.94957600
5,501,0.000000,0.844000,0.00000000,107.32720193,0.00000000,313.93411705,0.00000000,0.00000000,94.69756566,107.32720193,101.68074366,1745.79450000,26435.24803907,9891.18697000
5,502,0.000000,0.808000,0.00000000,106.72863180,0.00000000,296.56419490,0.00000000,0.00000000,94.69756566,106.72863180,101.68074366,1745.79450000,26784.40693891,7912.94957600
5,503,0.000000,0.776000,0.00000000,107.32720192,0.00000000,279.99363164,0.00000000,0.00000000,94.69756566,107.32720192,101.68074366,1745.79450000,26784.40694075,9891.18695839
5,504,0.000000,0.718000,0.00000000,107.32720193,0.00000000,251.04439408,0.00000000,0.00000000,94.69756566,107.32720193,101.68074366,1745.79450000,26784.40694055,9891.18697000
5,505,0.000000,0.655000,0.00000000,107.32720193,0.00000000,219.59953259,0.00000000,0.00000000,94.69756566,107.32720193,101.68074366,1745.79450000,26784.40694034,9891.18697000
5,506,0.000000,0.599000,0.00000000,106.72863180,0.00000000,192.24711473,0.00000000,0.00000000,94.69756566,106.72863180,101.68074366,1745.79450000,27133.56584018,7912.94957600
5,507,0.000000,0.535000,0.00000000,107.32720193,0.00000000,159.70455833,0.00000000,0.00000000,94.69756566,107.32720193,101.68074366,1745.79450000,27133.56583997,9891.18697000
5,508,0.000000,0.469000,0.00000000,106.72863180,0.00000000,127.36089261,0.00000000,0.00000000,94.69756566,106.72863180,101.68074366,1745.79450000,27482.72473981,7912.94957600
5,509,0.000000,0.398000,0.00000000,107.32720193,0.00000000,91.32446271,0.00000000,0.00000000,94.69756566,107.32720193,101.68074366,1745.79450000,27482.72473960,9891.18697000
5,510,0.001000,0.347000,0.15998215,106.56864965,0.00000000,66.62765093,0.00000000,0.00000000,94.69756566,106.72863180,101.68074366,1745.79450000,27831.88363944,7912.94957600
5,511,0.166000,0.550000,26.55703772,80.77016420,0.00000000,193.74846784,0.00000000,0.00000000,94.69756566,107.32720193,101.68074366,1745.79450000,27831.88363923,9891.18697000
5,512,0.375000,0.675000,57.67001469,0.00000000,2.32329342,336.90923023,0.00000000,0.00000000,49.73928100,57.67001469,53.75120360,1002.98064984,27438.22868891,7912.94957600
5,513,0.545000,0.618000,87.19027446,20.13692747,0.00000000,288.32218998,0.00000000,0.00000000,94.69756566,107.32720193,101.68074366,1745.79450000,27438.22868870,9891.18697000
5,514,0.660000,0.524000,89.38620080,0.00000000,16.20202147,261.54138761,0.00000000,0.00000000,78.66539600,89.38620080,84.63531998,1492.48099468,27482.72473960,8203.88070126
5,515,0.723000,0.425000,106.72863180,0.00000000,8.93846624,212.12803385,0.00000000,0.00000000,94.69756566,106.72863180,101.68074366,1745.79450000,27831.88363944,7912.94957600
5,516,0.739000,0.343000,107.32720193,0.00000000,10.89961059,171.19980143,0.00000000,0.00000000,94.69756566,107.32720193,101.68074366,1745.79450000,27831.88363923,9891.18697000
5,517,0.710000,0.306000,30.97213435,0.00000000,82.61519568,152.73218437,0.00000000,0.00000000,25.00174700,30.97213435,27.15938231,539.40882693,26625.49796596,9891.18697000
5,518,0.636000,0.322000,101.74865056,5.30613052,0.00000000,155.41205042,0.00000000,0.00000000,94.69756566,107.05478107,101.68074366,1745.79450000,26784.40694075,8990.85283401
5,519,0.515000,0.375000,82.39080981,24.93639212,0.00000000,162.23540245,0.00000000,0.00000000,94.69756566,107.32720193,101.68074366,1745.79450000,26784.40694055,9891.18697000
5,520,0.345000,0.465000,55.19384346,51.53478834,0.00000000,180.55823693,0.00000000,0.00000000,94.69756566,106.72863180,101.68074366,1745.79450000,27133.56584038,7912.94957600
5,521,0.139000,0.601000,22.23751954,84.49111226,0.00000000,215.48288384,0.00000000,0.00000000,94.69756566,106.72863180,101.68074366,1745.79450000,27482.72474022,7912.94957600
5,522,0.000000,0.739000,0.00000000,107.32720193,0.00000000,261.52601457,0.00000000,0.00000000,94.69756566,107.32720193,101.68074366,1745.79450000,27482.72474001,9891.18697000
5,523,0.000000,0.775000,0.00000000,106.72863180,0.00000000,280.09307698,0.00000000,0.00000000,94.69756566,106.72863180,101.68074366,1745.79450000,27831.88363985,7912.94957600
5,524,0.000000,0.797000,0.00000000,107.32720193,0.00000000,290.47525214,0.00000000,0.00000000,94.69756566,107.32720193,101.68074366,1745.79450000,27831.88363964,9891.18697000
5,525,0.000000,0.826000,0.00000000,107.32720193,0.00000000,304.94987092,0.00000000,0.00000000,94.69756566,107.32720193,101.68074366,1745.79450000,27831.88363944,9891.18697000
5,526,0.000000,0.821000,0.00000000,2.39428050,0.00000000,407.38716841,0.00000000,0.00000000,0.00000000,2.39428050,0.00000000,0.00000000,26435.24803928,7912.94957600
5,527,0.000000,0.759000,0.00000000,106.72863180,0.00000000,272.10708041,0.00000000,0.00000000,94.69756566,106.72863180,101.68074366,1745.79450000,26784.40693911,7912.94957600
5,528,0.000000,0.675000,0.00000000,106.72863180,0.00000000,230.18059843,0.00000000,0.00000000,94.69756566,106.72863180,101.68074366,1745.79450000,27133.56583895,7912.94957600
5,529,0.000000,0.594000,0.00000000,106.72863180,0.00000000,189.75149080,0.00000000,0.00000000,94.69756566,106.72863180,101.68074366,1745.79450000,27482.72473878,7912.94957600
5,530,0.000000,0.509000,0.00000000,107.32720193,0.00000000,146.72731390,0.00000000,0.00000000,94.69756566,107.32720193,101.68074366,1745.79450000,27482.72473858,9891.18697000
5,531,0.000000,0.413000,0.00000000,106.72863180,0.00000000,99.40990462,0.00000000,0.00000000,94.69756566,106.72863180,101.68074366,1745.79450000,27831.88363841,7912.94957600
5,532,0.000000,0.349000,0.00000000,107.32720192,0.00000000,66.86734822,0.00000000,0.00000000,94.69756566,107.32720192,101.68074366,1745.79450000,27831.88363944,9891.18696303
5,533,0.000000,0.317000,0.00000000,30.37356422,0.00000000,127.84899279,0.00000000,0.00000000,25.00174700,30.37356422,27.15938231,539.40882693,26974.65686620,7912.94957600
5,534,0.001000,0.305000,0.15998215,106.78668776,0.00000000,45.44637183,0.00000000,0.00000000,94.69756566,106.94666991,101.68074366,1745.79450000,27196.62941923,8633.55210747
5,535,0.152000,0.492000,24.31728755,82.41134425,0.00000000,163.15805023,0.00000000,0.00000000,94.69756566,106.72863180,101.68074366,1745.79450000,27545.78831907,7912.94957600
5,536,0.375000,0.558000,59.99330811,47.33389381,0.00000000,231.17773651,0.00000000,0.00000000,94.69756566,107.32720193,101.68074366,1745.79450000,27545.78831886,9891.18697000
5,537,0.547000,0.470000,87.51023877,1.78793282,0.00000000,232.80071637,0.00000000,0.00000000,78.66539600,89.29817159,84.63531998,1492.48099468,27641.63371338,7912.94957600
5,538,0.665000,0.373000,30.37356422,0.00000000,76.01456883,186.17354500,0.00000000,0.00000000,25.00174700,30.37356422,27.15938231,539.40882693,26784.40694014,7912.94957600
5,539,0.728000,0.286000,106.72863180,0.00000000,9.73837701,142.74968866,0.00000000,0.00000000,94.69756566,106.72863180,101.68074366,1745.79450000,27133.56583997,7912.94957600
5,540,0.745000,0.228000,106.72863180,0.00000000,12.45807365,113.80045110,0.00000000,0.00000000,94.69756566,106.72863180,101.68074366,1745.79450000,27482.72473981,7912.94957600
5,541,0.717000,0.209000,107.32720193,0.00000000,7.38000318,104.31708017,0.00000000,0.00000000,94.69756566,107.32720193,101.68074366,1745.79450000,27482.72473960,9891.18697000
5,542,0.645000,0.237000,103.18848995,3.54014185,0.00000000,114.75243232,0.00000000,0.00000000,94.69756566,106.72863180,101.68074366,1745.79450000,27831.88363944,7912.94957600
5,543,0.526000,0.309000,2.99285063,0.00000000,81.15776289,154.22955873,0.00000000,0.00000000,0.00000000,2.99285063,0.00000000,0.00000000,26086.08913923,9891.18697000
5,544,0.355000,0.420000,56.79366501,49.93496679,0.00000000,159.69744313,0.00000000,0.00000000,94.69756566,106.72863180,101.68074366,1745.79450000,26435.24803907,7912.94957600
5,545,0.146000,0.579000,23.35739462,83.37123718,0.00000000,205.62201364,0.00000000,0.00000000,94.69756566,106.72863180,101.68074366,1745.79450000,26784.40693891,7912.94957600
5,546,0.000000,0.728000,0.00000000,73.54194353,0.00000000,289.82090033,0.00000000,0.00000000,63.67817400,73.54194353,68.65710075,1244.73168631,26283.34412501,9891.18697000
5,547,0.000000,0.780000,0.00000000,89.29817159,0.00000000,300.01916112,0.00000000,0.00000000,78.66539600,89.29817159,84.63531998,1492.48099468,26379.18951952,7912.94957600
5,548,0.000000,0.826000,0.00000000,106.72863180,0.00000000,305.54844104,0.00000000,0.00000000,94.69756566,106.72863180,101.68074366,1745.79450000,26728.34841936,7912.94957600
5,549,0.000000,0.829000,0.00000000,72.94337341,0.00000000,340.83107379,0.00000000,0.00000000,63.67817400,72.94337341,68.65710075,1244.73168631,26576.44450551,7912.94957600
5,550,0.000000,0.829000,0.00000000,106.72863180,0.00000000,307.04581540,0.00000000,0.00000000,94.69756566,106.72863180,101.68074366,1745.79450000,26925.60340534,7912.94957600
5,551,0.000000,0.783000,0.00000000,107.32720193,0.00000000,283.48750514,0.00000000,0.00000000,94.69756566,107.32720193,101.68074366,1745.79450000,26925.60340514,9891.18697000
5,552,0.000000,0.719000,0.00000000,73.51304440,0.00000000,285.35767639,0.00000000,0.00000000,63.67817400,73.51304440,68.65710075,1244.73168631,26441.39808084,9795.67711396
5,553,0.000000,0.652000,0.00000000,106.72863180,0.00000000,218.70072836,0.00000000,0.00000000,94.69756566,106.72863180,101.68074366,1745.79450000,26790.55698067,7912.94957600
5,554,0.000000,0.594000,0.00000000,106.72863180,0.00000000,189.75149080,0.00000000,0.00000000,94.69756566,106.72863180,101.68074366,1745.79450000,27139.71588051,7912.94957600
5,555,0.000000,0.561000,0.00000000,106.72863180,0.00000000,173.28037288,0.00000000,0.00000000,94.69756566,106.72863180,101.68074366,1745.79450000,27488.87478034,7912.94957600
5,556,0.000000,0.499000,0.00000000,2.39428050,0.00000000,246.66898748,0.00000000,0.00000000,0.00000000,2.39428050,0.00000000,0.00000000,26092.23918018,7912.94957600
5,557,0.000000,0.464000,0.00000000,106.72863180,0.00000000,124.86526868,0.00000000,0.00000000,94.69756566,106.72863180,101.68074366,1745.79450000,26441.39808002,7912.94957600
5,558,0.002000,0.435000,0.31996431,106.40866749,0.00000000,110.71061421,0.00000000,0.00000000,94.69756566,106.72863180,101.68074366,1745.79450000,26790.55697985,7912.94957600
5,559,0.172000,0.647000,27.51693065,79.21170115,0.00000000,243.72203509,0.00000000,0.00000000,94.69756566,106.72863180,101.68074366,1745.79450000,27139.71587969,7912.94957600
5,560,0.378000,0.732000,57.67001469,0.00000000,2.80323989,365.35934300,0.00000000,0.00000000,49.73928100,57.67001469,53.75120360,1002.98064984,26746.06092936,7912.94957600
5,561,0.548000,0.679000,72.94337341,0.00000000,14.72684751,338.90572937,0.00000000,0.00000000,63.67817400,72.94337341,68.65710075,1244.73168631,26594.15701551,7912.94957600
5,562,0.660000,0.586000,105.58822228,1.73897965,0.00000000,290.74814467,0.00000000,0.00000000,94.69756566,107.32720193,101.68074366,1745.79450000,26594.15701530,9891.18697000
5,563,0.723000,0.479000,106.72863180,0.00000000,8.93846624,239.08077227,0.00000000,0.00000000,94.69756566,106.72863180,101.68074366,1745.79450000,26943.31591514,7912.94957600
5,564,0.739000,0.395000,106.72863180,0.00000000,11.49818072,197.15429028,0.00000000,0.00000000,94.69756566,106.72863180,101.68074366,1745.79450000,27292.47481497,7912.94957600
5,565,0.706000,0.368000,107.32720193,0.00000000,5.62019948,183.67792107,0.00000000,0.00000000,94.69756566,107.32720193,101.68074366,1745.79450000,27292.47481477,9891.18697000
5,566,0.636000,0.386000,101.74865056,5.57855137,0.00000000,187.08361584,0.00000000,0.00000000,94.69756566,107.32720193,101.68074366,1745.79450000,27292.47481456,9891.18697000
5,567,0.511000,0.447000,81.75088119,24.97775061,0.00000000,198.13102852,0.00000000,0.00000000,94.69756566,106.72863180,101.68074366,1745.79450000,27641.63371440,7912.94957600
5,568,0.333000,0.554000,53.27405760,54.05314432,0.00000000,222.46198686,0.00000000,0.00000000,94.69756566,107.32720193,101.68074366,1745.79450000,27641.63371420,9891.18697000
5,569,0.131000,0.695000,20.95766230,86.36953963,0.00000000,260.52218631,0.00000000,0.00000000,94.69756566,107.32720193,101.68074366,1745.79450000,27641.63371399,9891.18697000
5,570,0.000000,0.792000,0.00000000,107.32720193,0.00000000,287.97962821,0.00000000,0.00000000,94.69756566,107.32720193,101.68074366,1745.79450000,27641.63371379,9891.18697000
5,571,0.000000,0.837000,0.00000000,30.37356422,0.00000000,387.39388126,0.00000000,0.00000000,25.00174700,30.37356422,27.15938231,539.40882693,26784.40694055,7912.94957600
5,572,0.000000,0.870000,0.00000000,106.72863180,0.00000000,327.50993160,0.00000000,0.00000000,94.69756566,106.72863180,101.68074366,1745.79450000,27133.56584038,7912.94957600
5,573,0.000000,0.927000,0.00000000,107.32720193,0.00000000,355.36147425,0.00000000,0.00000000,94.69756566,107.32720193,101.68074366,1745.79450000,27133.56584018,9891.18697000
5,574,0.000000,0.900000,0.00000000,107.32720193,0.00000000,341.88510504,0.00000000,0.00000000,94.69756566,107.32720193,101.68074366,1745.79450000,27133.56583997,9891.18697000
5,575,0.000000,0.863000,0.00000000,107.32720193,0.00000000,323.41748798,0.00000000,0.00000000,94.69756566,107.32720193,101.68074366,1745.79450000,27133.56583977,9891.18697000
5,576,0.000000,0.816000,0.00000000,106.72863180,0.00000000,300.55719319,0.00000000,0.00000000,94.69756566,106.72863180,101.68074366,1745.79450000,27482.72473960,7912.94957600
5,577,0.000000,0.763000,0.00000000,106.72863180,0.00000000,274.10357955,0.00000000,0.00000000,94.69756566,106.72863180,101.68074366,1745.79450000,27831.88363944,7912.94957600
5,578,0.000000,0.710000,0.00000000,73.54194353,0.00000000,280.83665419,0.00000000,0.00000000,63.67817400,73.54194353,68.65710075,1244.73168631,27330.82082555,9891.18697000
5,579,0.000000,0.635000,0.00000000,107.32720193,0.00000000,209.61703688,0.00000000,0.00000000,94.69756566,107.32720193,101.68074366,1745.79450000,27330.82082534,9891.18697000
5,580,0.000000,0.547000,0.00000000,30.37356422,0.00000000,242.64769346,0.00000000,0.00000000,25.00174700,30.37356422,27.15938231,539.40882693,26473.59405210,7912.94957600
5,581,0.000000,0.467000,0.00000000,107.32720193,0.00000000,125.76407291,0.00000000,0.00000000,94.69756566,107.32720193,101.68074366,1745.79450000,26473.59405190,9891.18697000
5,582,0.002000,0.396000,0.31996431,106.63871451,0.00000000,91.01470055,0.00000000,0.00000000,94.69756566,106.95867882,101.68074366,1745.79450000,26688.56154747,8673.24081828
5,583,0.168000,0.599000,26.87700203,79.85162977,0.00000000,219.12411676,0.00000000,0.00000000,94.69756566,106.72863180,101.68074366,1745.79450000,27037.72044731,7912.94957600
5,584,0.376000,0.682000,60.15329027,47.17391166,0.00000000,293.22919207,0.00000000,0.00000000,94.69756566,107.32720193,101.68074366,1745.79450000,27037.72044710,9891.18697000
5,585,0.543000,0.623000,86.87031015,19.85832165,0.00000000,291.09641973,0.00000000,0.00000000,94.69756566,106.72863180,101.68074366,1745.79450000,27386.87934694,7912.94957600
5,586,0.656000,0.527000,104.94829366,2.37890827,0.00000000,260.65985370,0.00000000,0.00000000,94.69756566,107.32720193,101.68074366,1745.79450000,27386.87934673,9891.18697000
5,587,0.720000,0.431000,2.99285063,0.00000000,112.19430095,215.12278256,0.00000000,0.00000000,0.00000000,2.99285063,0.00000000,0.00000000,25641.08484653,9891.18697000
5,588,0.741000,0.374000,107.32720193,0.00000000,11.21957490,186.67266979,0.00000000,0.00000000,94.69756566,107.32720193,101.68074366,1745.79450000,25641.08484632,9891.18697000
5,589,0.711000,0.370000,106.72863180,0.00000000,7.01868038,184.67617064,0.00000000,0.00000000,94.69756566,106.72863180,101.68074366,1745.79450000,25990.24374616,7912.94957600
5,590,0.640000,0.414000,102.38857918,4.34005262,0.00000000,202.29760858,0.00000000,0.00000000,94.69756566,106.72863180,101.68074366,1745.79450000,26339.40264599,7912.94957600
5,591,0.511000,0.484000,81.75088119,24.97775061,0.00000000,216.59864558,0.00000000,0.00000000,94.69756566,106.72863180,101.68074366,1745.79450000,26688.56154583,7912.94957600
5,592,0.333000,0.575000,53.27405760,53.45457420,0.00000000,233.54217748,0.00000000,0.00000000,94.69756566,106.72863180,101.68074366,1745.79450000,27037.72044567,7912.94957600
5,593,0.118000,0.689000,18.87789429,71.01884743,0.00000000,272.87812979,0.00000000,0.00000000,78.66539600,89.89674172,84.63531998,1492.48099468,26784.40694014,9891.18697000
5,594,0.000000,0.766000,0.00000000,106.72863180,0.00000000,275.60095391,0.00000000,0.00000000,94.69756566,106.72863180,101.68074366,1745.79450000,27133.56583997,7912.94957600
5,595,0.000000,0.802000,0.00000000,106.72863180,0.00000000,293.56944619,0.00000000,0.00000000,94.69756566,106.72863180,101.68074366,1745.79450000,27482.72473981,7912.94957600
5,596,0.000000,0.820000,0.00000000,107.32720193,0.00000000,301.95512220,0.00000000,0.00000000,94.69756566,107.32720193,101.68074366,1745.79450000,27482.72473960,9891.18697000
5,597,0.000000,0.881000,0.00000000,106.72863180,0.00000000,333.00030424,0.00000000,0.00000000,94.69756566,106.72863180,101.68074366,1745.79450000,27831.88363944,7912.94957600
5,598,0.000000,0.872000,0.00000000,107.32720193,0.00000000,327.90961105,0.00000000,0.00000000,94.69756566,107.32720193,101.68074366,1745.79450000,27831.88363923,9891.18697000
5,599,0.000000,0.833000,0.00000000,72.94337341,0.00000000,342.82757293,0.00000000,0.00000000,63.67817400,72.94337341,68.65710075,1244.73168631,27679.97972538,7912.94957600
5,600,0.000000,0.786000,0.00000000,73.54194353,0.00000000,318.77013789,0.00000000,0.00000000,63.67817400,73.54194353,68.65710075,1244.73168631,27178.91691149,9891.18697000
5,601,0.000000,0.748000,0.00000000,107.32720193,0.00000000,266.01813764,0.00000000,0.00000000,94.69756566,107.32720193,101.68074366,1745.79450000,27178.91691128,9891.18697000
5,602,0.000000,0.720000,0.00000000,89.29817159,0.00000000,270.07167398,0.00000000,0.00000000,78.66539600,89.29817159,84.63531998,1492.48099468,27274.76230580,7912.94957600
5,603,0.000000,0.686000,0.00000000,107.32720193,0.00000000,235.07240094,0.00000000,0.00000000,94.69756566,107.32720193,101.68074366,1745.79450000,27274.76230559,9891.18697000
5,604,0.000000,0.661000,0.00000000,107.32720193,0.00000000,222.59428130,0.00000000,0.00000000,94.69756566,107.32720193,101.68074366,1745.79450000,27274.76230539,9891.18697000
5,605,0.000000,0.599000,0.00000000,107.32720193,0.00000000,191.64854460,0.00000000,0.00000000,94.69756566,107.32720193,101.68074366,1745.79450000,27274.76230518,9891.18697000
5,606,0.002000,0.545000,0.31996431,106.65072343,0.00000000,165.37228468,0.00000000,0.00000000,94.69756566,106.97068774,101.68074366,1745.79450000,27482.72473981,8712.92954885
5,607,0.171000,0.717000,27.35694850,79.97025343,0.00000000,277.90221779,0.00000000,0.00000000,94.69756566,107.32720193,101.68074366,1745.79450000,27482.72473960,9891.18697000
5,608,0.386000,0.816000,61.75311182,44.97551998,0.00000000,362.31030500,0.00000000,0.00000000,94.69756566,106.72863180,101.68074366,1745.79450000,27831.88363944,7912.94957600
5,609,0.553000,0.781000,88.47013170,18.85707023,0.00000000,370.95938726,0.00000000,0.00000000,94.69756566,107.32720193,101.68074366,1745.79450000,27831.88363923,9891.18697000
5,610,0.667000,0.707000,106.70809736,0.61910456,0.00000000,352.26211880,0.00000000,0.00000000,94.69756566,107.32720193,101.68074366,1745.79450000,27831.88363903,9891.18697000
5,611,0.729000,0.619000,43.47863956,0.00000000,73.14835141,308.95824224,0.00000000,0.00000000,36.84682300,43.47863956,39.91750131,767.66957627,27202.91761513,7912.94957600
5,612,0.746000,0.538000,107.32720193,0.00000000,12.01948568,268.52913461,0.00000000,0.00000000,94.69756566,107.32720193,101.68074366,1745.79450000,27202.91761493,9891.18697000
5,613,0.720000,0.510000,106.72863180,0.00000000,8.45851977,254.55364062,0.00000000,0.00000000,94.69756566,106.72863180,101.68074366,1745.79450000,27552.07651477,7912.94957600
5,614,0.649000,0.542000,103.82841857,3.49878335,0.00000000,267.02685040,0.00000000,0.00000000,94.69756566,107.32720193,101.68074366,1745.79450000,27552.07651456,9891.18697000
5,615,0.530000,0.619000,84.79054213,4.50762946,0.00000000,304.45061278,0.00000000,0.00000000,78.66539600,89.29817159,84.63531998,1492.48099468,27647.92190907,7912.94957600
5,616,0.361000,0.724000,57.75355794,49.25827469,0.00000000,312.10807003,0.00000000,0.00000000,94.69756566,107.01183263,101.68074366,1745.79450000,27831.88363944,8848.91087611
5,617,0.154000,0.830000,2.39428050,0.00000000,22.24297136,414.27357198,0.00000000,0.00000000,0.00000000,2.39428050,0.00000000,0.00000000,26435.24803928,7912.94957600
5,618,0.000000,0.888000,0.00000000,72.94337341,0.00000000,370.27943613,0.00000000,0.00000000,63.67817400,72.94337341,68.65710075,1244.73168631,26283.34412542,7912.94957600
5,619,0.000000,0.918000,0.00000000,106.72863180,0.00000000,351.46792131,0.00000000,0.00000000,94.69756566,106.72863180,101.68074366,1745.79450000,26632.50302526,7912.94957600
5,620,0.000000,0.928000,0.00000000,72.94337341,0.00000000,390.24442756,0.00000000,0.00000000,63.67817400,72.94337341,68.65710075,1244.73168631,26480.59911141,7912.94957600
5,621,0.000000,0.926000,0.00000000,72.94337341,0.00000000,389.24617798,0.00000000,0.00000000,63.67817400,72.94337341,68.65710075,1244.73168631,26328.69519755,7912.94957600
5,622,0.000000,0.919000,0.00000000,106.78802206,0.00000000,351.90765583,0.00000000,0.00000000,94.69756566,106.78802206,101.68074366,1745.79450000,26643.21047370,8109.23073006
5,623,0.000000,0.907000,0.00000000,72.94337341,0.00000000,379.76280706,0.00000000,0.00000000,63.67817400,72.94337341,68.65710075,1244.73168631,26491.30655985,7912.94957600
5,624,0.000000,0.888000,0.00000000,106.72863180,0.00000000,336.49417774,0.00000000,0.00000000,94.69756566,106.72863180,101.68074366,1745.79450000,26840.46545968,7912.94957600
5,625,0.000000,0.849000,0.00000000,106.72863180,0.00000000,317.02831111,0.00000000,0.00000000,94.69756566,106.72863180,101.68074366,1745.79450000,27189.62435952,7912.94957600
5,626,0.000000,0.791000,0.00000000,89.29817159,0.00000000,305.50953376,0.00000000,0.00000000,78.66539600,89.29817159,84.63531998,1492.48099468,27285.46975403,7912.94957600
5,627,0.000000,0.735000,0.00000000,72.94337341,0.00000000,293.91334395,0.00000000,0.00000000,63.67817400,72.94337341,68.65710075,1244.73168631,27133.56584018,7912.94957600
5,628,0.000000,0.649000,0.00000000,107.32720193,0.00000000,216.60478388,0.00000000,0.00000000,94.69756566,107.32720193,101.68074366,1745.79450000,27133.56583997,9891.18697000
5,629,0.000000,0.532000,0.00000000,106.72863180,0.00000000,158.80575410,0.00000000,0.00000000,94.69756566,106.72863180,101.68074366,1745.79450000,27482.72473981,7912.94957600
5,630,0.002000,0.426000,0.31996431,107.00723762,0.00000000,105.61992102,0.00000000,0.00000000,94.69756566,107.32720193,101.68074366,1745.79450000,27482.72473960,9891.18697000
5,631,0.161000,0.641000,25.75712695,80.97150485,0.00000000,238.96748267,0.00000000,0.00000000,94.69756566,106.72863180,101.68074366,1745.79450000,27831.88363944,7912.94957600
5,632,0.368000,0.822000,58.87343303,48.45376890,0.00000000,361.82680480,0.00000000,0.00000000,94.69756566,107.32720193,101.68074366,1745.79450000,27831.88363923,9891.18697000
5,633,0.536000,0.829000,72.94337341,0.00000000,12.80706165,413.77444720,0.00000000,0.00000000,63.67817400,72.94337341,68.65710075,1244.73168631,27679.97972538,7912.94957600
5,634,0.647000,0.791000,103.50845426,3.55833573,0.00000000,391.24936962,0.00000000,0.00000000,94.69756566,107.06678999,101.68074366,1745.79450000,27831.88363944,9030.54156341
5,635,0.715000,0.747000,72.94337341,0.00000000,41.44386739,372.84621478,0.00000000,0.00000000,63.67817400,72.94337341,68.65710075,1244.73168631,27679.97972559,7912.94957600
5,636,0.735000,0.710000,107.32720193,0.00000000,10.25968197,354.37859772,0.00000000,0.00000000,94.69756566,107.32720193,101.68074366,1745.79450000,27679.97972538,9891.18697000
5,637,0.704000,0.697000,73.54194353,0.00000000,39.08549356,347.88997551,0.00000000,0.00000000,63.67817400,73.54194353,68.65710075,1244.73168631,27178.91691149,9891.18697000
5,638,0.632000,0.707000,101.10872194,6.21847999,0.00000000,346.66274338,0.00000000,0.00000000,94.69756566,107.32720193,101.68074366,1745.79450000,27178.91691128,9891.18697000
5,639,0.496000,0.731000,79.35114886,27.37748294,0.00000000,337.48273528,0.00000000,0.00000000,94.69756566,106.72863180,101.68074366,1745.79450000,27528.07581112,7912.94957600
5,640,0.326000,0.757000,52.15418252,55.17301941,0.00000000,322.66444323,0.00000000,0.00000000,94.69756566,107.32720193,101.68074366,1745.79450000,27528.07581091,9891.18697000
5,641,0.124000,0.794000,19.83778722,87.13290052,0.00000000,309.17217918,0.00000000,0.00000000,94.69756566,106.97068774,101.68074366,1745.79450000,27736.03824616,8712.92954536
5,642,0.000000,0.810000,0.00000000,89.89674172,0.00000000,314.39433456,0.00000000,0.00000000,78.66539600,89.89674172,84.63531998,1492.48099468,27482.72474063,9891.18697000
5,643,0.000000,0.834000,0.00000000,107.32720193,0.00000000,308.94286920,0.00000000,0.00000000,94.69756566,107.32720193,101.68074366,1745.79450000,27482.72474042,9891.18697000
5,644,0.000000,0.871000,0.00000000,107.32720193,0.00000000,327.41048626,0.00000000,0.00000000,94.69756566,107.32720193,101.68074366,1745.79450000,27482.72474022,9891.18697000
5,645,0.000000,0.878000,0.00000000,107.32720193,0.00000000,330.90435976,0.00000000,0.00000000,94.69756566,107.32720193,101.68074366,1745.79450000,27482.72474001,9891.18697000
5,646,0.000000,0.854000,0.00000000,107.32720193,0.00000000,318.92536491,0.00000000,0.00000000,94.69756566,107.32720193,101.68074366,1745.79450000,27482.72473981,9891.18697000
5,647,0.000000,0.804000,0.00000000,106.72863180,0.00000000,294.56769576,0.00000000,0.00000000,94.69756566,106.72863180,101.68074366,1745.79450000,27831.88363964,7912.94957600
5,648,0.000000,0.739000,0.00000000,107.32720193,0.00000000,261.52601457,0.00000000,0.00000000,94.69756566,107.32720193,101.68074366,1745.79450000,27831.88363944,9891.18697000
5,649,0.000000,0.684000,0.00000000,107.32720193,0.00000000,234.07415137,0.00000000,0.00000000,94.69756566,107.32720193,101.68074366,1745.79450000,27831.88363923,9891.18697000
5,650,0.000000,0.636000,0.00000000,107.32720193,0.00000000,210.11616167,0.00000000,0.00000000,94.69756566,107.32720193,101.68074366,1745.79450000,27831.88363903,9891.18697000
5,651,0.000000,0.580000,0.00000000,107.32720192,0.00000000,182.16517368,0.00000000,0.00000000,94.69756566,107.32720192,101.68074366,1745.79450000,27831.88363944,9891.18696652
5,652,0.000000,0.528000,0.00000000,30.37356422,0.00000000,233.16432253,0.00000000,0.00000000,25.00174700,30.37356422,27.15938231,539.40882693,26974.65686620,7912.94957600
5,653,0.000000,0.487000,0.00000000,107.32720193,0.00000000,135.74656862,0.00000000,0.00000000,94.69756566,107.32720193,101.68074366,1745.79450000,26974.65686600,9891.18697000
5,654,0.002000,0.440000,0.31996431,106.40866749,0.00000000,113.20623814,0.00000000,0.00000000,94.69756566,106.72863180,101.68074366,1745.79450000,27323.81576583,7912.94957600
5,655,0.173000,0.677000,27.67691281,79.65028912,0.00000000,258.25719068,0.00000000,0.00000000,94.69756566,107.32720193,101.68074366,1745.79450000,27323.81576563,9891.18697000
5,656,0.382000,0.783000,61.11318320,45.94159788,0.00000000,344.87310919,0.00000000,0.00000000,94.69756566,107.05478107,101.68074366,1745.79450000,27482.72473981,8990.85283750
5,657,0.550000,0.748000,87.99018523,19.33701669,0.00000000,354.00832288,0.00000000,0.00000000,94.69756566,107.32720193,101.68074366,1745.79450000,27482.72473960,9891.18697000
5,658,0.672000,0.694000,106.72863180,0.00000000,0.77937634,346.39260115,0.00000000,0.00000000,94.69756566,106.72863180,101.68074366,1745.79450000,27831.88363944,7912.94957600
5,659,0.735000,0.639000,107.32720193,0.00000000,10.25968197,318.94073795,0.00000000,0.00000000,94.69756566,107.32720193,101.68074366,1745.79450000,27831.88363923,9891.18697000
5,660,0.751000,0.597000,0.00000000,30.97213435,120.14659838,267.00536261,0.00000000,0.00000000,25.00174700,30.97213435,27.15938231,539.40882693,26625.49796596,9891.18697000
5,661,0.724000,0.579000,107.32720193,0.00000000,8.49987827,288.99325082,0.00000000,0.00000000,94.69756566,107.32720193,101.68074366,1745.79450000,26625.49796575,9891.18697000
5,662,0.653000,0.583000,104.46834719,2.26028461,0.00000000,288.72946535,0.00000000,0.00000000,94.69756566,106.72863180,101.68074366,1745.79450000,26974.65686559,7912.94957600
5,663,0.533000,0.594000,2.99285063,0.00000000,82.27763797,296.48012260,0.00000000,0.00000000,0.00000000,2.99285063,0.00000000,0.00000000,25228.86236538,9891.18697000
5,664,0.364000,0.610000,58.23350441,49.09369752,0.00000000,255.37242165,0.00000000,0.00000000,94.69756566,107.32720193,101.68074366,1745.79450000,25228.86236518,9891.18697000
5,665,0.155000,0.645000,24.79723402,64.50093757,0.00000000,257.43454909,0.00000000,0.00000000,78.66539600,89.29817159,84.63531998,1492.48099468,25324.70775969,7912.94957600
5,666,0.000000,0.677000,0.00000000,107.32720193,0.00000000,230.58027787,0.00000000,0.00000000,94.69756566,107.32720193,101.68074366,1745.79450000,25324.70775948,9891.18697000
5,667,0.000000,0.687000,0.00000000,72.94337341,0.00000000,269.95535424,0.00000000,0.00000000,63.67817400,72.94337341,68.65710075,1244.73168631,25172.80384563,7912.94957600
5,668,0.000000,0.666000,0.00000000,107.32720193,0.00000000,225.08990523,0.00000000,0.00000000,94.69756566,107.32720193,101.68074366,1745.79450000,25172.80384542,9891.18697000
5,669,0.000000,0.698000,0.00000000,107.32720193,0.00000000,241.06189837,0.00000000,0.00000000,94.69756566,107.32720193,101.68074366,1745.79450000,25172.80384522,9891.18697000
5,670,0.000000,0.674000,0.00000000,73.54194353,0.00000000,262.86816191,0.00000000,0.00000000,63.67817400,73.54194353,68.65710075,1244.73168631,24671.74103133,9891.18697000
5,671,0.000000,0.624000,0.00000000,106.72863180,0.00000000,204.72523436,0.00000000,0.00000000,94.69756566,106.72863180,101.68074366,1745.79450000,25020.89993116,7912.94957600
5,672,0.000000,0.566000,0.00000000,106.72863180,0.00000000,175.77599680,0.00000000,0.00000000,94.69756566,106.72863180,101.68074366,1745.79450000,25370.05883100,7912.94957600
5,673,0.000000,0.513000,0.00000000,72.94337341,0.00000000,183.10764156,0.00000000,0.00000000,63.67817400,72.94337341,68.65710075,1244.73168631,25218.15491715,7912.94957600
5,674,0.000000,0.461000,0.00000000,107.32720193,0.00000000,122.76932420,0.00000000,0.00000000,94.69756566,107.32720193,101.68074366,1745.79450000,25218.15491694,9891.18697000
5,675,0.000000,0.420000,0.00000000,106.72863180,0.00000000,102.90377812,0.00000000,0.00000000,94.69756566,106.72863180,101.68074366,1745.79450000,25567.31381678,7912.94957600
5,676,0.000000,0.377000,0.00000000,106.72863180,0.00000000,81.44141234,0.00000000,0.00000000,94.69756566,106.72863180,101.68074366,1745.79450000,25916.47271661,7912.94957600
5,677,0.000000,0.341000,0.00000000,107.32720193,0.00000000,62.87434994,0.00000000,0.00000000,94.69756566,107.32720193,101.68074366,1745.79450000,25916.47271641,9891.18697000
5,678,0.003000,0.294000,0.47994646,106.84725546,0.00000000,39.89543148,0.00000000,0.00000000,94.69756566,107.32720193,101.68074366,1745.79450000,25916.47271620,9891.18697000
5,679,0.177000,0.485000,28.31684143,79.01036050,0.00000000,163.06516048,0.00000000,0.00000000,94.69756566,107.32720193,101.68074366,1745.79450000,25916.47271600,9891.18697000
5,680,0.387000,0.601000,61.91309397,44.81553783,0.00000000,255.15845827,0.00000000,0.00000000,94.69756566,106.72863180,101.68074366,1745.79450000,26265.63161583,7912.94957600
5,681,0.554000,0.552000,88.63011385,18.69708807,0.00000000,256.81979353,0.00000000,0.00000000,94.69756566,107.32720193,101.68074366,1745.79450000,26265.63161563,9891.18697000
5,682,0.661000,0.444000,105.74820443,1.57899749,0.00000000,220.03240728,0.00000000,0.00000000,94.69756566,107.32720193,101.68074366,1745.79450000,26265.63161542,9891.18697000
5,683,0.722000,0.339000,106.72863180,0.00000000,8.77848408,169.20330229,0.00000000,0.00000000,94.69756566,106.72863180,101.68074366,1745.79450000,26614.79051526,7912.94957600
5,684,0.737000,0.267000,107.32720193,0.00000000,10.57964628,133.26631773,0.00000000,0.00000000,94.69756566,107.32720193,101.68074366,1745.79450000,26614.79051505,9891.18697000
5,685,0.710000,0.242000,107.32720193,0.00000000,6.26012810,120.78819810,0.00000000,0.00000000,94.69756566,107.32720193,101.68074366,1745.79450000,26614.79051485,9891.18697000
5,686,0.636000,0.261000,89.89674197,0.00000000,11.85190858,130.27156902,0.00000000,0.00000000,78.66539600,89.89674197,84.63532017,1492.48104146,26361.47705610,9891.18697000
5,687,0.515000,0.311000,18.95776159,0.00000000,63.43304822,155.22780830,0.00000000,0.00000000,14.20500000,18.95776159,15.48029780,318.82444922,24934.50700511,9891.18697000
5,688,0.337000,0.390000,53.91398622,19.62795834,0.00000000,175.03070801,0.00000000,0.00000000,63.67817400,73.54194456,68.65710149,1244.73187308,24433.44437799,9891.18697000
5,689,0.133000,0.537000,21.27762661,68.61911536,0.00000000,199.41089446,0.00000000,0.00000000,78.66539600,89.89674197,84.63532017,1492.48104146,24180.13091924,9891.18697000
5,690,0.000000,0.690000,0.00000000,89.89674197,0.00000000,254.49936004,0.00000000,0.00000000,78.66539600,89.89674197,84.63532017,1492.48104146,23926.81746049,9891.18697000
5,691,0.000000,0.748000,0.00000000,58.26858255,0.00000000,315.07675702,0.00000000,0.00000000,49.73928100,58.26858255,53.75120196,1002.98023956,23184.00319984,9891.18697000
5,692,0.000000,0.836000,0.00000000,89.89674197,0.00000000,327.37157872,0.00000000,0.00000000,78.66539600,89.89674197,84.63532017,1492.48104146,22930.68974109,9891.18697000
5,693,0.000000,0.879000,0.00000000,89.29817185,0.00000000,349.43251462,0.00000000,0.00000000,78.66539600,89.29817185,84.63532017,1492.48104146,23026.53518238,7912.94957600
5,694,0.000000,0.913000,0.00000000,89.89674197,0.00000000,365.80418721,0.00000000,0.00000000,78.66539600,89.89674197,84.63532017,1492.48104146,22773.22172364,9891.18697000
5,695,0.000000,0.897000,0.00000000,89.89674197,0.00000000,357.81819064,0.00000000,0.00000000,78.66539600,89.89674197,84.63532017,1492.48104146,22519.90826489,9891.18697000
5,696,0.000000,0.868000,0.00000000,58.26858255,0.00000000,374.97173129,0.00000000,0.00000000,49.73928100,58.26858255,53.75120196,1002.98023956,21777.09400424,9891.18697000
5,697,0.000000,0.833000,0.00000000,89.89674197,0.00000000,325.87420437,0.00000000,0.00000000,78.66539600,89.89674197,84.63532017,1492.48104146,21523.78054549,9891.18697000
5,698,0.000000,0.798000,0.00000000,89.89674197,0.00000000,308.40483687,0.00000000,0.00000000,78.66539600,89.89674197,84.63532017,1492.48104146,21270.46708674,9891.18697000
5,699,0.000000,0.741000,0.00000000,89.89674197,0.00000000,279.95472410,0.00000000,0.00000000,78.66539600,89.89674197,84.63532017,1492.48104146,21017.15362799,9891.18697000
5,700,0.000000,0.675000,0.00000000,89.89674197,0.00000000,247.01248825,0.00000000,0.00000000,78.66539600,89.89674197,84.63532017,1492.48104146,20763.84016924,9891.18697000
5,701,0.000000,0.599000,0.00000000,89.89674197,0.00000000,209.07900455,0.00000000,0.00000000,78.66539600,89.89674197,84.63532017,1492.48104146,20510.52671049,9891.18697000
5,702,0.001000,0.555000,0.15998215,89.73675982,0.00000000,187.27749615,0.00000000,0.00000000,78.66539600,89.89674197,84.63532017,1492.48104146,20257.21325174,9891.18697000
5,703,0.157000,0.692000,25.11719833,64.18097352,0.00000000,281.21337806,0.00000000,0.00000000,78.66539600,89.29817185,84.63532017,1492.48104146,20353.05869304,7912.94957600
5,704,0.375000,0.729000,59.99330811,29.90343386,0.00000000,333.95853478,0.00000000,0.00000000,78.66539600,89.89674197,84.63532017,1492.48104146,20099.74523429,9891.18697000
5,705,0.551000,0.679000,88.15016739,1.74657459,0.00000000,337.15915478,0.00000000,0.00000000,78.66539600,89.89674197,84.63532017,1492.48104146,19846.43177554,9891.18697000
5,706,0.668000,0.605000,58.26858255,0.00000000,48.59949697,301.97049524,0.00000000,0.00000000,49.73928100,58.26858255,53.75120196,1002.98023956,19103.61751489,9891.18697000
5,707,0.730000,0.528000,73.54194456,0.00000000,43.24502856,263.53788676,0.00000000,0.00000000,63.67817400,73.54194456,68.65710149,1244.73187308,18602.55488777,9891.18697000
5,708,0.747000,0.472000,89.89674197,0.00000000,29.60992779,235.58689877,0.00000000,0.00000000,78.66539600,89.89674197,84.63532017,1492.48104146,18349.24142902,9891.18697000
5,709,0.718000,0.457000,89.89674197,0.00000000,24.97044529,228.10002698,0.00000000,0.00000000,78.66539600,89.89674197,84.63532017,1492.48104146,18095.92797027,9891.18697000
5,710,0.646000,0.481000,58.26858255,0.00000000,45.07988956,240.07902184,0.00000000,0.00000000,49.73928100,58.26858255,53.75120196,1002.98023956,17353.11370962,9891.18697000
5,711,0.526000,0.544000,0.00000000,30.97213678,84.15061351,240.55174654,0.00000000,0.00000000,25.00174700,30.97213678,27.15938407,539.40926699,16146.72847641,9891.18697000
5,712,0.353000,0.638000,56.47370070,33.42304127,0.00000000,285.01857189,0.00000000,0.00000000,78.66539600,89.89674197,84.63532017,1492.48104146,15893.41501766,9891.18697000
5,713,0.138000,0.768000,22.07753739,67.81920459,0.00000000,315.50863069,0.00000000,0.00000000,78.66539600,89.89674197,84.63532017,1492.48104146,15640.10155891,9891.18697000
5,714,0.000000,0.863000,0.00000000,89.81268119,0.00000000,340.93200871,0.00000000,0.00000000,78.66539600,89.81268119,84.63532017,1492.48104146,15435.82257221,9613.37126431
5,715,0.000000,0.906000,0.00000000,89.89674197,0.00000000,362.31031371,0.00000000,0.00000000,78.66539600,89.89674197,84.63532017,1492.48104146,15182.50911347,9891.18697000
5,716,0.000000,0.935000,0.00000000,89.89674197,0.00000000,376.78493249,0.00000000,0.00000000,78.66539600,89.89674197,84.63532017,1492.48104146,14929.19565472,9891.18697000
5,717,0.000000,0.953000,0.00000000,89.89674197,0.00000000,385.76917863,0.00000000,0.00000000,78.66539600,89.89674197,84.63532017,1492.48104146,14675.88219597,9891.18697000
5,718,0.000000,0.934000,0.00000000,89.89674197,0.00000000,376.28580770,0.00000000,0.00000000,78.66539600,89.89674197,84.63532017,1492.48104146,14422.56873722,9891.18697000
5,719,0.000000,0.900000,0.00000000,89.89674197,0.00000000,359.31556500,0.00000000,0.00000000,78.66539600,89.89674197,84.63532017,1492.48104146,14169.25527847,9891.18697000
5,720,0.000000,0.861000,0.00000000,89.89674197,0.00000000,339.84969836,0.00000000,0.00000000,78.66539600,89.89674197,84.63532017,1492.48104146,13915.94181972,9891.18697000
6,1,0.000000,0.021000,0.00000000,2.39428050,0.00000000,8.08734000,0.00000000,0.00000000,0.00000000,2.39428050,0.00000000,0.00000000,12519.30621956,7912.94957600
6,2,0.000000,0.010000,0.00000000,2.39428050,0.00000000,2.59696735,0.00000000,0.00000000,0.00000000,2.39428050,0.00000000,0.00000000,11122.67061939,7912.94957600
6,3,0.000000,0.006000,0.00000000,2.39428050,0.00000000,0.60046821,0.00000000,0.00000000,0.00000000,2.39428050,0.00000000,0.00000000,9726.03501923,7912.94957600
6,4,0.000000,0.006000,0.00000000,2.39428050,0.00000000,0.60046821,0.00000000,0.00000000,0.00000000,2.39428050,0.00000000,0.00000000,8329.39941906,7912.94957600
6,5,0.000000,0.008000,0.00000000,2.39428050,0.00000000,1.59871778,0.00000000,0.00000000,0.00000000,2.39428050,0.00000000,0.00000000,6932.76381890,7912.94957600
6,6,0.000000,0.013000,0.00000000,2.39428050,0.00000000,4.09434171,0.00000000,0.00000000,0.00000000,2.39428050,0.00000000,0.00000000,5536.12821874,7912.94957600
6,7,0.105000,0.026000,16.79812627,12.97724442,0.00000000,0.00000000,0.00000000,0.00000000,24.46417885,29.77537069,26.57788272,528.42596913,4667.91858770,7912.94957600
6,8,0.305000,0.035000,26.00927207,17.46936749,22.78528520,0.00000000,0.00000000,0.00000000,36.84682300,43.47863956,39.91750131,767.66957627,4038.95256381,7912.94957600
6,9,0.466000,0.030000,74.55168421,14.97374357,0.00000000,0.00000000,0.00000000,0.00000000,78.87442121,89.52542778,84.85755604,1495.78370736,4138.10067100,7912.94957600
6,10,0.593000,0.018000,94.86941789,8.98424614,0.00000000,0.00000000,0.00000000,0.00000000,92.05323091,103.85366403,98.86928354,1704.01315687,4445.47822771,7912.94957600
6,11,0.665000,0.012000,106.38813305,0.34049875,0.00000000,5.64899868,0.00000000,0.00000000,94.69756566,106.72863180,101.68074366,1745.79450000,4794.63712754,7912.94957600
6,12,0.672000,0.012000,106.72863180,0.00000000,0.77937634,5.98949743,0.00000000,0.00000000,94.69756566,106.72863180,101.68074366,1745.79450000,5143.79602738,7912.94957600
6,13,0.619000,0.023000,95.24876173,11.47987007,3.78019219,0.00000000,0.00000000,0.00000000,94.69756566,106.72863180,101.68074366,1745.79450000,5492.95492721,7912.94957600
6,14,0.519000,0.048000,83.03073843,23.69789337,0.00000000,0.26009633,0.00000000,0.00000000,94.69756566,106.72863180,101.68074366,1745.79450000,5842.11382705,7912.94957600
6,15,0.370000,0.084000,59.19339734,41.92648198,0.00000000,0.00000000,0.00000000,0.00000000,89.53875335,101.11987932,96.19588775,1664.28359939,6109.76182628,7912.94957600
6,16,0.226000,0.133000,36.15596702,66.38359647,0.00000000,0.00000000,0.00000000,0.00000000,90.84454893,102.53956350,97.58421130,1684.91559129,6398.04181740,7912.94957600
6,17,0.087000,0.191000,13.91844748,92.81018432,0.00000000,2.52264972,0.00000000,0.00000000,94.69756566,106.72863180,101.68074366,1745.79450000,6747.20071724,7912.94957600
6,18,0.000000,0.249000,0.00000000,106.72863180,0.00000000,17.55343979,0.00000000,0.00000000,94.69756566,106.72863180,101.68074366,1745.79450000,7096.35961707,7912.94957600
6,19,0.000000,0.286000,0.00000000,106.72863180,0.00000000,36.02105686,0.00000000,0.00000000,94.69756566,106.72863180,101.68074366,1745.79450000,7445.51851691,7912.94957600
6,20,0.000000,0.285000,0.00000000,106.72863180,0.00000000,35.52193207,0.00000000,0.00000000,94.69756566,106.72863180,101.68074366,1745.79450000,7794.67741674,7912.94957600
6,21,0.000000,0.278000,0.00000000,106.72863180,0.00000000,32.02805857,0.00000000,0.00000000,94.69756566,106.72863180,101.68074366,1745.79450000,8143.83631658,7912.94957600
6,22,0.000000,0.253000,0.00000000,106.72863180,0.00000000,19.54993894,0.00000000,0.00000000,94.69756566,106.72863180,101.68074366,1745.79450000,8492.99521642,7912.94957600
6,23,0.000000,0.207000,0.00000000,103.31883060,0.00000000,0.00000000,0.00000000,0.00000000,91.56130239,103.31883060,98.34626450,1696.24052743,8792.60014368,7912.94957600
6,24,0.000000,0.171000,0.00000000,85.35033832,0.00000000,0.00000000,0.00000000,0.00000000,75.04767742,85.35033832,80.77838786,1432.67761008,8828.64215360,7912.94957600
6,25,0.000000,0.134000,0.00000000,57.67001469,0.00000000,9.21270657,0.00000000,0.00000000,49.73928100,57.67001469,53.75120360,1002.98064984,8434.98720327,7912.94957600
6,26,0.000000,0.113000,0.00000000,30.37356422,0.00000000,26.02753654,0.00000000,0.00000000,25.00174700,30.37356422,27.15938231,539.40882693,7577.76043003,7912.94957600
6,27,0.000000,0.097000,0.00000000,43.47863956,0.00000000,4.93646463,0.00000000,0.00000000,36.84682300,43.47863956,39.91750131,767.66957627,6948.79440614,7912.94957600
6,28,0.000000,0.087000,0.00000000,43.42385634,0.00000000,0.00000000,0.00000000,0.00000000,36.79730695,43.42385634,39.86416847,766.71537822,6318.87418420,7912.94957600
6,29,0.000000,0.084000,0.00000000,41.92648198,0.00000000,0.00000000,0.00000000,0.00000000,35.44389876,41.92648198,38.40643697,740.63455165,5662.87313568,7912.94957600
6,30,0.000000,0.079000,0.00000000,30.37356422,0.00000000,9.05729383,0.00000000,0.00000000,25.00174700,30.37356422,27.15938231,539.40882693,4805.64636244,7912.94957600
6,31,0.063000,0.073000,10.07887576,33.39976380,0.00000000,3.03634554,0.00000000,0.00000000,36.84682300,43.47863956,39.91750131,767.66957627,4176.68033855,7912.94957600
6,32,0.166000,0.087000,26.55703772,43.42385634,0.00000000,0.00000000,0.00000000,0.00000000,60.97453316,69.98089406,65.76589577,1197.84065374,3977.88539213,7912.94957600
6,33,0.254000,0.074000,40.63546736,36.93523413,0.00000000,0.00000000,0.00000000,0.00000000,67.91856764,77.57070149,73.17788166,1314.82850598,3896.07829794,7912.94957600
6,34,0.326000,0.055000,52.15418252,27.45186320,0.00000000,0.00000000,0.00000000,0.00000000,69.78371800,79.60604572,75.16636091,1345.66072854,3845.10342632,7912.94957600
6,35,0.359000,0.047000,49.48450849,23.45886492,7.94908514,0.00000000,0.00000000,0.00000000,63.67817400,72.94337341,68.65710075,1244.73168631,3693.19951247,7912.94957600
6,36,0.375000,0.045000,59.99330811,22.46061535,0.00000000,0.00000000,0.00000000,0.00000000,72.39345846,82.45392346,77.94866462,1388.80153925,3685.36545156,7912.94957600
6,37,0.376000,0.055000,60.15329027,27.45186320,0.00000000,0.00000000,0.00000000,0.00000000,77.11394671,87.60515347,82.98128458,1466.83446735,3755.56431874,7912.94957600
6,38,0.362000,0.075000,57.91354010,31.38463149,0.00000000,6.04972742,0.00000000,0.00000000,78.66539600,89.29817159,84.63531998,1492.48099468,3851.40971325,7912.94957600
6,39,0.309000,0.103000,49.43448588,51.40985291,0.00000000,0.00000000,0.00000000,0.00000000,89.28531698,100.84433879,95.92643387,1660.27922289,4115.05333598,7912.94957600
6,40,0.232000,0.147000,37.11585995,69.61277185,0.00000000,3.75857162,0.00000000,0.00000000,94.69756566,106.72863180,101.68074366,1745.79450000,4464.21223582,7912.94957600
6,41,0.112000,0.195000,17.91800136,88.81063044,0.00000000,8.51870273,0.00000000,0.00000000,94.69756566,106.72863180,101.68074366,1745.79450000,4813.37113565,7912.94957600
6,42,0.000000,0.237000,0.00000000,106.72863180,0.00000000,11.56394237,0.00000000,0.00000000,94.69756566,106.72863180,101.68074366,1745.79450000,5162.53003549,7912.94957600
6,43,0.000000,0.263000,0.00000000,106.72863180,0.00000000,24.54118679,0.00000000,0.00000000,94.69756566,106.72863180,101.68074366,1745.79450000,5511.68893532,7912.94957600
6,44,0.000000,0.259000,0.00000000,106.72863180,0.00000000,22.54468765,0.00000000,0.00000000,94.69756566,106.72863180,101.68074366,1745.79450000,5860.84783516,7912.94957600
6,45,0.000000,0.236000,0.00000000,106.72863180,0.00000000,11.06481758,0.00000000,0.00000000,94.69756566,106.72863180,101.68074366,1745.79450000,6210.00673500,7912.94957600
6,46,0.000000,0.210000,0.00000000,104.81620496,0.00000000,0.00000000,0.00000000,0.00000000,92.93855576,104.81620496,99.81056206,1718.00157551,6531.37271034,7912.94957600
6,47,0.000000,0.188000,0.00000000,89.29817159,0.00000000,4.53728809,0.00000000,0.00000000,78.66539600,89.29817159,84.63531998,1492.48099468,6627.21810485,7912.94957600
6,48,0.000000,0.154000,0.00000000,76.86521697,0.00000000,0.00000000,0.00000000,0.00000000,67.27207517,76.86521697,72.48864133,1304.14153943,6534.72404412,7912.94957600
6,49,0.000000,0.121000,0.00000000,60.39409905,0.00000000,0.00000000,0.00000000,0.00000000,52.22535804,60.39409905,56.40974971,1046.09791898,6184.18636294,7912.94957600
6,50,0.000000,0.096000,0.00000000,30.37356422,0.00000000,17.54241519,0.00000000,0.00000000,25.00174700,30.37356422,27.15938231,539.40882693,5326.95958970,7912.94957600
6,51,0.000000,0.084000,0.00000000,41.92648198,0.00000000,0.00000000,0.00000000,0.00000000,35.44389876,41.92648198,38.40643697,740.63455165,4670.95854119,7912.94957600
6,52,0.000000,0.076000,0.00000000,37.93348370,0.00000000,0.00000000,0.00000000,0.00000000,31.83481024,37.93348370,34.51915296,671.08568079,3945.40862181,7912.94957600
6,53,0.000000,0.082000,0.00000000,40.92823241,0.00000000,0.00000000,0.00000000,0.00000000,34.54162663,40.92823241,37.43461596,723.24733393,3272.02035558,7912.94957600
6,54,0.000000,0.090000,0.00000000,30.37356422,0.00000000,14.54766647,0.00000000,0.00000000,25.00174700,30.37356422,27.15938231,539.40882693,2414.79358234,7912.94957600
6,55,0.073000,0.103000,11.67869731,45.99131737,0.00000000,5.41853553,0.00000000,0.00000000,49.73928100,57.67001469,53.75120360,1002.98064984,2021.13863201,7912.94957600
6,56,0.204000,0.156000,32.63635961,74.09227219,0.00000000,3.77119435,0.00000000,0.00000000,94.69756566,106.72863180,101.68074366,1745.79450000,2370.29753185,7912.94957600
6,57,0.399000,0.205000,63.83287983,42.89575197,0.00000000,59.42482906,0.00000000,0.00000000,94.69756566,106.72863180,101.68074366,1745.79450000,2719.45643168,7912.94957600
6,58,0.513000,0.241000,82.07084550,24.65778630,0.00000000,95.63128701,0.00000000,0.00000000,94.69756566,106.72863180,101.68074366,1745.79450000,3068.61533152,7912.94957600
6,59,0.591000,0.261000,94.54945358,12.17917822,0.00000000,118.09239081,0.00000000,0.00000000,94.69756566,106.72863180,101.68074366,1745.79450000,3417.77423136,7912.94957600
6,60,0.610000,0.282000,97.58911453,9.13951727,0.00000000,131.61367225,0.00000000,0.00000000,94.69756566,106.72863180,101.68074366,1745.79450000,3766.93313119,7912.94957600
6,61,0.521000,0.302000,83.35070274,23.37792906,0.00000000,127.35775616,0.00000000,0.00000000,94.69756566,106.72863180,101.68074366,1745.79450000,4116.09203103,7912.94957600
6,62,0.433000,0.293000,69.27227310,37.45635870,0.00000000,108.78720346,0.00000000,0.00000000,94.69756566,106.72863180,101.68074366,1745.79450000,4465.25093086,7912.94957600
6,63,0.325000,0.280000,51.99420036,54.73443144,0.00000000,85.02050851,0.00000000,0.00000000,94.69756566,106.72863180,101.68074366,1745.79450000,4814.40983070,7912.94957600
6,64,0.203000,0.278000,32.47637746,74.25225434,0.00000000,64.50443603,0.00000000,0.00000000,94.69756566,106.72863180,101.68074366,1745.79450000,5163.56873054,7912.94957600
6,65,0.079000,0.289000,12.63859024,94.09004156,0.00000000,50.15702146,0.00000000,0.00000000,94.69756566,106.72863180,101.68074366,1745.79450000,5512.72763037,7912.94957600
6,66,0.000000,0.283000,0.00000000,106.72863180,0.00000000,34.52368250,0.00000000,0.00000000,94.69756566,106.72863180,101.68074366,1745.79450000,5861.88653021,7912.94957600
6,67,0.000000,0.266000,0.00000000,106.72863180,0.00000000,26.03856115,0.00000000,0.00000000,94.69756566,106.72863180,101.68074366,1745.79450000,6211.04543004,7912.94957600
6,68,0.000000,0.245000,0.00000000,106.72863180,0.00000000,15.55694065,0.00000000,0.00000000,94.69756566,106.72863180,101.68074366,1745.79450000,6560.20432988,7912.94957600
6,69,0.000000,0.251000,0.00000000,106.72863180,0.00000000,18.55168937,0.00000000,0.00000000,94.69756566,106.72863180,101.68074366,1745.79450000,6909.36322972,7912.94957600
6,70,0.000000,0.271000,0.00000000,106.72863180,0.00000000,28.53418508,0.00000000,0.00000000,94.69756566,106.72863180,101.68074366,1745.79450000,7258.52212955,7912.94957600
6,71,0.000000,0.269000,0.00000000,106.72863180,0.00000000,27.53593550,0.00000000,0.00000000,94.69756566,106.72863180,101.68074366,1745.79450000,7607.68102939,7912.94957600
6,72,0.000000,0.228000,0.00000000,106.72863180,0.00000000,7.07181930,0.00000000,0.00000000,94.69756566,106.72863180,101.68074366,1745.79450000,7956.83992922,7912.94957600
6,73,0.000000,0.184000,0.00000000,91.83896054,0.00000000,0.00000000,0.00000000,0.00000000,81.00235988,91.83896054,87.11998318,1529.40582551,8089.61015457,7912.94957600
6,74,0.000000,0.179000,0.00000000,89.29817159,0.00000000,0.04516502,0.00000000,0.00000000,78.66539600,89.29817159,84.63531998,1492.48099468,8185.45554908,7912.94957600
6,75,0.000000,0.195000,0.00000000,89.29817159,0.00000000,8.03116159,0.00000000,0.00000000,78.66539600,89.29817159,84.63531998,1492.48099468,8281.30094359,7912.94957600
6,76,0.000000,0.201000,0.00000000,100.32408189,0.00000000,0.00000000,0.00000000,0.00000000,88.80679565,100.32408189,95.41766937,1652.71843128,8537.38377471,7912.94957600
6,77,0.000000,0.205000,0.00000000,102.32058103,0.00000000,0.00000000,0.00000000,0.00000000,90.64313348,102.32058103,97.37006613,1681.73316205,8822.48133659,7912.94957600
6,78,0.003000,0.209000,0.47994646,104.31708017,0.00000000,0.00000000,0.00000000,0.00000000,92.92091595,104.79702664,99.79180739,1717.72286073,9143.56859715,7912.94957600
6,79,0.131000,0.243000,20.95766230,85.77096950,0.00000000,35.51635338,0.00000000,0.00000000,94.69756566,106.72863180,101.68074366,1745.79450000,9492.72749699,7912.94957600
6,80,0.308000,0.325000,49.27450373,57.45412807,0.00000000,104.76142722,0.00000000,0.00000000,94.69756566,106.72863180,101.68074366,1745.79450000,9841.88639683,7912.94957600
6,81,0.440000,0.364000,70.39214818,36.33648362,0.00000000,145.34493831,0.00000000,0.00000000,94.69756566,106.72863180,101.68074366,1745.79450000,10191.04529666,7912.94957600
6,82,0.556000,0.395000,88.95007816,17.77855364,0.00000000,179.37573664,0.00000000,0.00000000,94.69756566,106.72863180,101.68074366,1745.79450000,10540.20419650,7912.94957600
6,83,0.609000,0.432000,97.42913237,9.29949943,0.00000000,206.32240792,0.00000000,0.00000000,94.69756566,106.72863180,101.68074366,1745.79450000,10889.36309633,7912.94957600
6,84,0.606000,0.467000,96.94918591,9.77944589,0.00000000,223.31182895,0.00000000,0.00000000,94.69756566,106.72863180,101.68074366,1745.79450000,11238.52199617,7912.94957600
6,85,0.568000,0.506000,90.86986402,15.85876778,0.00000000,236.69837369,0.00000000,0.00000000,94.69756566,106.72863180,101.68074366,1745.79450000,11587.68089601,7912.94957600
6,86,0.468000,0.540000,74.87164852,31.85698328,0.00000000,237.67040091,0.00000000,0.00000000,94.69756566,106.72863180,101.68074366,1745.79450000,11936.83979584,7912.94957600
6,87,0.311000,0.566000,49.75445019,56.97418161,0.00000000,225.53044700,0.00000000,0.00000000,94.69756566,106.72863180,101.68074366,1745.79450000,12285.99869568,7912.94957600
6,88,0.177000,0.584000,28.31684143,78.41179037,0.00000000,213.07708437,0.00000000,0.00000000,94.69756566,106.72863180,101.68074366,1745.79450000,12635.15759551,7912.94957600
6,89,0.069000,0.599000,11.03876869,95.68986311,0.00000000,203.28588342,0.00000000,0.00000000,94.69756566,106.72863180,101.68074366,1745.79450000,12984.31649535,7912.94957600
6,90,0.000000,0.538000,0.00000000,106.72863180,0.00000000,161.80050281,0.00000000,0.00000000,94.69756566,106.72863180,101.68074366,1745.79450000,13333.47539519,7912.94957600
6,91,0.000000,0.455000,0.00000000,106.72863180,0.00000000,120.37314561,0.00000000,0.00000000,94.69756566,106.72863180,101.68074366,1745.79450000,13682.63429502,7912.94957600
6,92,0.000000,0.432000,0.00000000,106.72863180,0.00000000,108.89327554,0.00000000,0.00000000,94.69756566,106.72863180,101.68074366,1745.79450000,14031.79319486,7912.94957600
6,93,0.000000,0.425000,0.00000000,106.72863180,0.00000000,105.39940205,0.00000000,0.00000000,94.69756566,106.72863180,101.68074366,1745.79450000,14380.95209469,7912.94957600
6,94,0.000000,0.422000,0.00000000,89.29817159,0.00000000,121.33248790,0.00000000,0.00000000,78.66539600,89.29817159,84.63531998,1492.48099468,14476.79748921,7912.94957600
6,95,0.000000,0.405000,0.00000000,106.72863180,0.00000000,95.41690634,0.00000000,0.00000000,94.69756566,106.72863180,101.68074366,1745.79450000,14825.95638904,7912.94957600
6,96,0.000000,0.390000,0.00000000,106.72863180,0.00000000,87.93003455,0.00000000,0.00000000,94.69756566,106.72863180,101.68074366,1745.79450000,15175.11528888,7912.94957600
6,97,0.000000,0.395000,0.00000000,89.29817159,0.00000000,107.85611869,0.00000000,0.00000000,78.66539600,89.29817159,84.63531998,1492.48099468,15270.96068339,7912.94957600
6,98,0.000000,0.419000,0.00000000,106.72863180,0.00000000,102.40465333,0.00000000,0.00000000,94.69756566,106.72863180,101.68074366,1745.79450000,15620.11958323,7912.94957600
6,99,0.000000,0.372000,0.00000000,106.72863180,0.00000000,78.94578841,0.00000000,0.00000000,94.69756566,106.72863180,101.68074366,1745.79450000,15969.27848306,7912.94957600
6,100,0.000000,0.274000,0.00000000,106.72863180,0.00000000,30.03155943,0.00000000,0.00000000,94.69756566,106.72863180,101.68074366,1745.79450000,16318.43738290,7912.94957600
6,101,0.000000,0.322000,0.00000000,106.72863180,0.00000000,53.98954914,0.00000000,0.00000000,94.69756566,106.72863180,101.68074366,1745.79450000,16667.59628273,7912.94957600
6,102,0.001000,0.345000,0.15998215,106.56864965,0.00000000,65.62940136,0.00000000,0.00000000,94.69756566,106.72863180,101.68074366,1745.79450000,17016.75518257,7912.94957600
6,103,0.108000,0.360000,17.27807274,89.45055906,0.00000000,90.23436372,0.00000000,0.00000000,94.69756566,106.72863180,101.68074366,1745.79450000,17365.91408241,7912.94957600
6,104,0.299000,0.458000,47.83466433,59.49253759,0.00000000,169.10661418,0.00000000,0.00000000,94.69756566,107.32720193,101.68074366,1745.79450000,17365.91408220,9891.18697000
6,105,0.438000,0.444000,70.07218387,36.65644793,0.00000000,184.95495685,0.00000000,0.00000000,94.69756566,106.72863180,101.68074366,1745.79450000,17715.07298204,7912.94957600
6,106,0.541000,0.386000,86.55034584,20.17828596,0.00000000,172.48388125,0.00000000,0.00000000,94.69756566,106.72863180,101.68074366,1745.79450000,18064.23188187,7912.94957600
6,107,0.602000,0.326000,96.30925729,10.41937451,0.00000000,152.29530557,0.00000000,0.00000000,94.69756566,106.72863180,101.68074366,1745.79450000,18413.39078171,7912.94957600
6,108,0.622000,0.309000,99.50890039,7.21973141,0.00000000,147.00982731,0.00000000,0.00000000,94.69756566,106.72863180,101.68074366,1745.79450000,18762.54968154,7912.94957600
6,109,0.595000,0.345000,95.18938220,11.53924960,0.00000000,160.65880141,0.00000000,0.00000000,94.69756566,106.72863180,101.68074366,1745.79450000,19111.70858138,7912.94957600
6,110,0.467000,0.404000,74.71166637,32.01696543,0.00000000,169.62944792,0.00000000,0.00000000,94.69756566,106.72863180,101.68074366,1745.79450000,19460.86748122,7912.94957600
6,111,0.348000,0.478000,55.67378993,51.05484187,0.00000000,187.52680561,0.00000000,0.00000000,94.69756566,106.72863180,101.68074366,1745.79450000,19810.02638105,7912.94957600
6,112,0.182000,0.543000,29.11675220,77.61187960,0.00000000,193.41287894,0.00000000,0.00000000,94.69756566,106.72863180,101.68074366,1745.79450000,20159.18528089,7912.94957600
6,113,0.072000,0.584000,11.51871516,95.20991664,0.00000000,196.27895810,0.00000000,0.00000000,94.69756566,106.72863180,101.68074366,1745.79450000,20508.34418072,7912.94957600
6,114,0.000000,0.544000,0.00000000,106.72863180,0.00000000,164.79525152,0.00000000,0.00000000,94.69756566,106.72863180,101.68074366,1745.79450000,20857.50308056,7912.94957600
6,115,0.000000,0.485000,0.00000000,106.72863180,0.00000000,135.34688918,0.00000000,0.00000000,94.69756566,106.72863180,101.68074366,1745.79450000,21206.66198040,7912.94957600
6,116,0.000000,0.447000,0.00000000,106.72863180,0.00000000,116.38014733,0.00000000,0.00000000,94.69756566,106.72863180,101.68074366,1745.79450000,21555.82088023,7912.94957600
6,117,0.000000,0.388000,0.00000000,106.72863180,0.00000000,86.93178498,0.00000000,0.00000000,94.69756566,106.72863180,101.68074366,1745.79450000,21904.97978007,7912.94957600
6,118,0.000000,0.343000,0.00000000,106.72863180,0.00000000,64.47116963,0.00000000,0.00000000,94.69756566,106.72863180,101.68074366,1745.79450000,22254.13867990,7912.94957600
6,119,0.000000,0.318000,0.00000000,106.72863180,0.00000000,51.99305000,0.00000000,0.00000000,94.69756566,106.72863180,101.68074366,1745.79450000,22603.29757974,7912.94957600
6,120,0.000000,0.283000,0.00000000,106.72863180,0.00000000,34.52368250,0.00000000,0.00000000,94.69756566,106.72863180,101.68074366,1745.79450000,22952.45647958,7912.94957600
6,121,0.000000,0.243000,0.00000000,106.72863180,0.00000000,14.55869108,0.00000000,0.00000000,94.69756566,106.72863180,101.68074366,1745.79450000,23301.61537941,7912.94957600
6,122,0.000000,0.214000,0.00000000,106.72863180,0.00000000,0.08407230,0.00000000,0.00000000,94.69756566,106.72863180,101.68074366,1745.79450000,23650.77427925,7912.94957600
6,123,0.000000,0.192000,0.00000000,95.83195882,0.00000000,0.00000000,0.00000000,0.00000000,84.67503554,95.83195882,91.02477668,1587.43528705,23841.57396613,7912.94957600
6,124,0.000000,0.171000,0.00000000,85.35033832,0.00000000,0.00000000,0.00000000,0.00000000,74.49915925,85.35033832,80.19360015,1423.61022628,23519.38969221,9891.18697000
6,125,0.000000,0.146000,0.00000000,72.87221869,0.00000000,0.00000000,0.00000000,0.00000000,63.61323623,72.87221869,68.58765794,1243.60542752,23366.35951956,7912.94957600
6,126,0.005000,0.127000,0.79991077,63.38884776,0.00000000,0.00000000,0.00000000,0.00000000,55.68846957,64.18875854,60.11311339,1106.16095436,23075.88487376,7912.94957600
6,127,0.178000,0.158000,28.47682358,78.25180822,0.00000000,0.60990790,0.00000000,0.00000000,94.69756566,106.72863180,101.68074366,1745.79450000,23425.04377359,7912.94957600
6,128,0.379000,0.223000,60.63323673,46.69396519,0.00000000,64.61086198,0.00000000,0.00000000,94.69756566,107.32720193,101.68074366,1745.79450000,23425.04377339,9891.18697000
6,129,0.546000,0.178000,87.35025661,19.37837519,0.00000000,69.46583663,0.00000000,0.00000000,94.69756566,106.72863180,101.68074366,1745.79450000,23774.20267322,7912.94957600
6,130,0.658000,0.111000,105.26825797,2.05894396,0.00000000,53.34390723,0.00000000,0.00000000,94.69756566,107.32720193,101.68074366,1745.79450000,23774.20267302,9891.18697000
6,131,0.727000,0.073000,106.72863180,0.00000000,9.57839486,36.43610934,0.00000000,0.00000000,94.69756566,106.72863180,101.68074366,1745.79450000,24123.36157285,7912.94957600
6,132,0.747000,0.070000,107.32720193,0.00000000,12.17946783,34.93873499,0.00000000,0.00000000,94.69756566,107.32720193,101.68074366,1745.79450000,24123.36157265,9891.18697000
6,133,0.713000,0.089000,106.87751438,0.00000000,7.18976211,44.42210591,0.00000000,0.00000000,94.69756566,106.87751438,101.68074366,1745.79450000,24385.67404112,8404.99734576
6,134,0.623000,0.116000,99.66888254,7.65831938,0.00000000,50.24015574,0.00000000,0.00000000,94.69756566,107.32720193,101.68074366,1745.79450000,24385.67404092,9891.18697000
6,135,0.497000,0.155000,79.51113102,27.21750078,0.00000000,50.14684097,0.00000000,0.00000000,94.69756566,106.72863180,101.68074366,1745.79450000,24734.83294075,7912.94957600
6,136,0.314000,0.214000,50.23439666,57.09280527,0.00000000,49.71989884,0.00000000,0.00000000,94.69756566,107.32720193,101.68074366,1745.79450000,24734.83294055,9891.18697000
6,137,0.131000,0.291000,20.95766230,85.77096950,0.00000000,59.47434309,0.00000000,0.00000000,94.69756566,106.72863180,101.68074366,1745.79450000,25083.99184038,7912.94957600
6,138,0.003000,0.367000,0.47994646,106.84725546,0.00000000,76.33154083,0.00000000,0.00000000,94.69756566,107.32720193,101.68074366,1745.79450000,25083.99184018,9891.18697000
6,139,0.000000,0.395000,0.00000000,107.32720193,0.00000000,89.82708836,0.00000000,0.00000000,94.69756566,107.32720193,101.68074366,1745.79450000,25083.99183997,9891.18697000
6,140,0.000000,0.391000,0.00000000,106.72863180,0.00000000,88.42915934,0.00000000,0.00000000,94.69756566,106.72863180,101.68074366,1745.79450000,25433.15073981,7912.94957600
6,141,0.000000,0.358000,0.00000000,106.72863180,0.00000000,71.95804142,0.00000000,0.00000000,94.69756566,106.72863180,101.68074366,1745.79450000,25782.30963965,7912.94957600
6,142,0.000000,0.305000,0.00000000,106.72863180,0.00000000,45.50442778,0.00000000,0.00000000,94.69756566,106.72863180,101.68074366,1745.79450000,26131.46853948,7912.94957600
6,143,0.000000,0.286000,0.00000000,107.32720193,0.00000000,35.42248673,0.00000000,0.00000000,94.69756566,107.32720193,101.68074366,1745.79450000,26131.46853928,9891.18697000
6,144,0.000000,0.277000,0.00000000,106.72863180,0.00000000,31.52893379,0.00000000,0.00000000,94.69756566,106.72863180,101.68074366,1745.79450000,26480.62743911,7912.94957600
6,145,0.000000,0.252000,0.00000000,107.32720193,0.00000000,18.45224403,0.00000000,0.00000000,94.69756566,107.32720193,101.68074366,1745.79450000,26480.62743891,9891.18697000
6,146,0.000000,0.220000,0.00000000,106.72863180,0.00000000,3.07882101,0.00000000,0.00000000,94.69756566,106.72863180,101.68074366,1745.79450000,26829.78633874,7912.94957600
6,147,0.000000,0.192000,0.00000000,89.29817159,0.00000000,6.53378723,0.00000000,0.00000000,78.66539600,89.29817159,84.63531998,1492.48099468,26925.63173326,7912.94957600
6,148,0.000000,0.179000,0.00000000,89.34333661,0.00000000,0.00000000,0.00000000,0.00000000,78.70693759,89.34333661,84.67948724,1493.13741205,27022.13354514,7912.94957600
6,149,0.000000,0.176000,0.00000000,87.84596225,0.00000000,0.00000000,0.00000000,0.00000000,76.78610109,87.84596225,82.63176090,1461.41495294,26737.75399788,9891.18697000
6,150,0.005000,0.172000,0.79991077,85.84946311,0.00000000,0.00000000,0.00000000,0.00000000,75.68957049,86.64937388,81.46272467,1443.28854549,26435.24804317,9891.18697000
6,151,0.163000,0.229000,26.07709126,81.25011067,0.00000000,33.04946522,0.00000000,0.00000000,94.69756566,107.32720193,101.68074366,1745.79450000,26435.24804297,9891.18697000
6,152,0.355000,0.289000,56.79366501,50.53353691,0.00000000,93.71352610,0.00000000,0.00000000,94.69756566,107.32720193,101.68074366,1745.79450000,26435.24804276,9891.18697000
6,153,0.534000,0.259000,85.43047075,21.89673117,0.00000000,107.37658828,0.00000000,0.00000000,94.69756566,107.32720193,101.68074366,1745.79450000,26435.24804256,9891.18697000
6,154,0.653000,0.229000,104.46834719,2.85885473,0.00000000,111.44072115,0.00000000,0.00000000,94.69756566,107.32720193,101.68074366,1745.79450000,26435.24804235,9891.18697000
6,155,0.726000,0.223000,106.72863180,0.00000000,9.41841270,111.30482717,0.00000000,0.00000000,94.69756566,106.72863180,101.68074366,1745.79450000,26784.40694219,7912.94957600
6,156,0.753000,0.242000,106.72863180,0.00000000,13.73793089,120.78819810,0.00000000,0.00000000,94.69756566,106.72863180,101.68074366,1745.79450000,27133.56584202,7912.94957600
6,157,0.727000,0.274000,107.32720193,0.00000000,8.97982473,136.76019123,0.00000000,0.00000000,94.69756566,107.32720193,101.68074366,1745.79450000,27133.56584182,9891.18697000
6,158,0.654000,0.317000,104.62832935,2.69887258,0.00000000,155.52368443,0.00000000,0.00000000,94.69756566,107.32720193,101.68074366,1745.79450000,27133.56584161,9891.18697000
6,159,0.529000,0.367000,84.63055998,22.69664195,0.00000000,160.48215434,0.00000000,0.00000000,94.69756566,107.32720193,101.68074366,1745.79450000,27133.56584141,9891.18697000
6,160,0.360000,0.415000,57.59357579,49.73362614,0.00000000,157.40315985,0.00000000,0.00000000,94.69756566,107.32720193,101.68074366,1745.79450000,27133.56584120,9891.18697000
6,161,0.161000,0.467000,25.75712695,80.97150485,0.00000000,152.11976999,0.00000000,0.00000000,94.69756566,106.72863180,101.68074366,1745.79450000,27482.72474104,7912.94957600
6,162,0.003000,0.512000,0.47994646,106.84725546,0.00000000,148.70463473,0.00000000,0.00000000,94.69756566,107.32720193,101.68074366,1745.79450000,27482.72474083,9891.18697000
6,163,0.000000,0.501000,0.00000000,107.32720193,0.00000000,142.73431562,0.00000000,0.00000000,94.69756566,107.32720193,101.68074366,1745.79450000,27482.72474063,9891.18697000
6,164,0.000000,0.491000,0.00000000,107.32720193,0.00000000,137.74306777,0.00000000,0.00000000,94.69756566,107.32720193,101.68074366,1745.79450000,27482.72474042,9891.18697000
6,165,0.000000,0.478000,0.00000000,107.32720193,0.00000000,131.25444555,0.00000000,0.00000000,94.69756566,107.32720193,101.68074366,1745.79450000,27482.72474022,9891.18697000
6,166,0.000000,0.454000,0.00000000,107.32720193,0.00000000,119.27545070,0.00000000,0.00000000,94.69756566,107.32720193,101.68074366,1745.79450000,27482.72474001,9891.18697000
6,167,0.000000,0.404000,0.00000000,107.32720193,0.00000000,94.31921143,0.00000000,0.00000000,94.69756566,107.32720193,101.68074366,1745.79450000,27482.72473981,9891.18697000
6,168,0.000000,0.337000,0.00000000,106.72863180,0.00000000,61.47642092,0.00000000,0.00000000,94.69756566,106.72863180,101.68074366,1745.79450000,27831.88363964,7912.94957600
6,169,0.000000,0.266000,0.00000000,107.32720193,0.00000000,25.43999102,0.00000000,0.00000000,94.69756566,107.32720193,101.68074366,1745.79450000,27831.88363944,9891.18697000
6,170,0.000000,0.224000,0.00000000,107.32720193,0.00000000,4.47675003,0.00000000,0.00000000,94.69756566,107.32720193,101.68074366,1745.79450000,27831.88363944,9891.18696884
6,171,0.000000,0.208000,0.00000000,103.81795539,0.00000000,0.00000000,0.00000000,0.00000000,91.54829521,103.81795539,98.33243524,1696.03500969,27831.88363944,9609.26351097
6,172,0.000000,0.197000,0.00000000,98.32758275,0.00000000,0.00000000,0.00000000,0.00000000,86.41990564,98.32758275,92.87992483,1615.00479819,27701.09393742,9891.18697000
6,173,0.000000,0.160000,0.00000000,57.97521444,0.00000000,21.88475124,0.00000000,0.00000000,49.73928100,57.97521444,53.75120360,1002.98064984,27129.40936921,8921.61596627
6,174,0.004000,0.127000,0.63992862,63.38884776,0.00000000,0.00000000,0.00000000,0.00000000,54.99619371,64.02877638,59.37281113,1094.15435599,26477.76922499,9891.18697000
6,175,0.169000,0.155000,27.03698419,77.36434176,0.00000000,0.00000000,0.00000000,0.00000000,92.00640661,104.40132595,98.81949988,1703.27331777,26435.24804256,9891.18697000
6,176,0.376000,0.184000,60.15329027,47.17391166,0.00000000,44.66504888,0.00000000,0.00000000,94.69756566,107.32720193,101.68074366,1745.79450000,26435.24804235,9891.18697000
6,177,0.553000,0.158000,88.47013170,18.85707023,0.00000000,60.00464588,0.00000000,0.00000000,94.69756566,107.32720193,101.68074366,1745.79450000,26435.24804215,9891.18697000
6,178,0.669000,0.139000,107.02806167,0.29914025,0.00000000,69.07920493,0.00000000,0.00000000,94.69756566,107.32720193,101.68074366,1745.79450000,26435.24804194,9891.18697000
6,179,0.735000,0.145000,107.32720193,0.00000000,10.25968197,72.37309390,0.00000000,0.00000000,94.69756566,107.32720193,101.68074366,1745.79450000,26435.24804174,9891.18697000
6,180,0.755000,0.175000,107.32720193,0.00000000,13.45932507,87.34683747,0.00000000,0.00000000,94.69756566,107.32720193,101.68074366,1745.79450000,26435.24804153,9891.18697000
6,181,0.733000,0.195000,107.32720193,0.00000000,9.93971766,97.32933318,0.00000000,0.00000000,94.69756566,107.32720193,101.68074366,1745.79450000,26435.24804133,9891.18697000
6,182,0.664000,0.220000,106.22815090,1.09905103,0.00000000,108.70840179,0.00000000,0.00000000,94.69756566,107.32720193,101.68074366,1745.79450000,26435.24804112,9891.18697000
6,183,0.546000,0.271000,87.35025661,19.97694531,0.00000000,115.28587156,0.00000000,0.00000000,94.69756566,107.32720193,101.68074366,1745.79450000,26435.24804092,9891.18697000
6,184,0.377000,0.336000,60.31327242,46.41535938,0.00000000,121.29056856,0.00000000,0.00000000,94.69756566,106.72863180,101.68074366,1745.79450000,26784.40694075,7912.94957600
6,185,0.162000,0.402000,25.91710910,81.41009282,0.00000000,119.23807096,0.00000000,0.00000000,94.69756566,107.32720193,101.68074366,1745.79450000,26784.40694055,9891.18697000
6,186,0.003000,0.457000,0.47994646,106.84725546,0.00000000,121.25277152,0.00000000,0.00000000,94.69756566,107.32720193,101.68074366,1745.79450000,26784.40694034,9891.18697000
6,187,0.000000,0.447000,0.00000000,106.72863180,0.00000000,116.38014733,0.00000000,0.00000000,94.69756566,106.72863180,101.68074366,1745.79450000,27133.56584018,7912.94957600
6,188,0.000000,0.415000,0.00000000,107.32720193,0.00000000,99.80958407,0.00000000,0.00000000,94.69756566,107.32720193,101.68074366,1745.79450000,27133.56583997,9891.18697000
6,189,0.000000,0.349000,0.00000000,107.32720193,0.00000000,66.86734822,0.00000000,0.00000000,94.69756566,107.32720193,101.68074366,1745.79450000,27133.56583977,9891.18697000
6,190,0.000000,0.280000,0.00000000,106.72863180,0.00000000,33.02630815,0.00000000,0.00000000,94.69756566,106.72863180,101.68074366,1745.79450000,27482.72473960,7912.94957600
6,191,0.000000,0.229000,0.00000000,106.72863180,0.00000000,7.57094408,0.00000000,0.00000000,94.69756566,106.72863180,101.68074366,1745.79450000,27831.88363944,7912.94957600
6,192,0.000000,0.183000,0.00000000,89.46248128,0.00000000,1.87735447,0.00000000,0.00000000,78.66539600,89.46248128,84.63531998,1492.48099468,27831.88363944,8455.98297267
6,193,0.000000,0.138000,0.00000000,68.87922040,0.00000000,0.00000000,0.00000000,0.00000000,59.42284350,68.87922040,64.10655819,1170.92867308,27257.01781232,9891.18697000
6,194,0.000000,0.103000,0.00000000,2.99285063,0.00000000,48.41700228,0.00000000,0.00000000,0.00000000,2.99285063,0.00000000,0.00000000,25511.22331211,9891.18697000
6,195,0.000000,0.082000,0.00000000,40.92823241,0.00000000,0.00000000,0.00000000,0.00000000,34.00060647,40.92823241,36.85189293,712.82161537,24478.25042728,9891.18697000
6,196,0.000000,0.077000,0.00000000,38.43260849,0.00000000,0.00000000,0.00000000,0.00000000,31.74492615,38.43260849,34.42234043,669.35357108,23401.80949815,9891.18697000
6,197,0.000000,0.076000,0.00000000,30.97213435,0.00000000,6.96134935,0.00000000,0.00000000,25.00174700,30.97213435,27.15938231,539.40882693,22195.42382487,9891.18697000
6,198,0.004000,0.085000,0.63992862,42.42560677,0.00000000,0.00000000,0.00000000,0.00000000,36.47343703,43.06553539,39.51533403,760.47424918,21559.26247389,7912.94957600
6,199,0.144000,0.203000,23.03743032,84.28977161,0.00000000,17.03255985,0.00000000,0.00000000,94.69756566,107.32720193,101.68074366,1745.79450000,21559.26247368,9891.18697000
6,200,0.306000,0.291000,48.95453942,57.77409238,0.00000000,87.47122021,0.00000000,0.00000000,94.69756566,106.72863180,101.68074366,1745.79450000,21908.42137352,7912.94957600
6,201,0.464000,0.278000,74.23171990,33.09548202,0.00000000,105.66120835,0.00000000,0.00000000,94.69756566,107.32720193,101.68074366,1745.79450000,21908.42137331,9891.18697000
6,202,0.565000,0.243000,90.38991756,16.93728437,0.00000000,104.35003851,0.00000000,0.00000000,94.69756566,107.32720193,101.68074366,1745.79450000,21908.42137311,9891.18697000
6,203,0.626000,0.233000,100.14882901,6.57980279,0.00000000,109.71627223,0.00000000,0.00000000,94.69756566,106.72863180,101.68074366,1745.79450000,22257.58027295,7912.94957600
6,204,0.637000,0.259000,101.90863271,4.81999909,0.00000000,124.45332036,0.00000000,0.00000000,94.69756566,106.72863180,101.68074366,1745.79450000,22606.73917278,7912.94957600
6,205,0.610000,0.306000,97.58911453,9.13951727,0.00000000,143.59266710,0.00000000,0.00000000,94.69756566,106.72863180,101.68074366,1745.79450000,22955.89807262,7912.94957600
6,206,0.505000,0.363000,80.79098826,26.53621367,0.00000000,154.64608348,0.00000000,0.00000000,94.69756566,107.32720193,101.68074366,1745.79450000,22955.89807241,9891.18697000
6,207,0.347000,0.414000,55.51380777,51.81339415,0.00000000,154.82426705,0.00000000,0.00000000,94.69756566,107.32720193,101.68074366,1745.79450000,22955.89807221,9891.18697000
6,208,0.179000,0.451000,28.63680574,78.09182606,0.00000000,147.01345221,0.00000000,0.00000000,94.69756566,106.72863180,101.68074366,1745.79450000,23305.05697204,7912.94957600
6,209,0.063000,0.464000,10.07887576,97.24832616,0.00000000,134.34557432,0.00000000,0.00000000,94.69756566,107.32720193,101.68074366,1745.79450000,23305.05697184,9891.18697000
6,210,0.000000,0.423000,0.00000000,106.72863180,0.00000000,104.40115248,0.00000000,0.00000000,94.69756566,106.72863180,101.68074366,1745.79450000,23654.21587167,7912.94957600
6,211,0.000000,0.412000,0.00000000,107.32720193,0.00000000,98.31220971,0.00000000,0.00000000,94.69756566,107.32720193,101.68074366,1745.79450000,23654.21587147,9891.18697000
6,212,0.000000,0.400000,0.00000000,107.32720193,0.00000000,92.32271228,0.00000000,0.00000000,94.69756566,107.32720193,101.68074366,1745.79450000,23654.21587126,9891.18697000
6,213,0.000000,0.412000,0.00000000,107.32720193,0.00000000,98.31220971,0.00000000,0.00000000,94.69756566,107.32720193,101.68074366,1745.79450000,23654.21587106,9891.18697000
6,214,0.000000,0.382000,0.00000000,106.72863180,0.00000000,83.93703627,0.00000000,0.00000000,94.69756566,106.72863180,101.68074366,1745.79450000,24003.37477090,7912.94957600
6,215,0.000000,0.352000,0.00000000,106.72863180,0.00000000,68.96329270,0.00000000,0.00000000,94.69756566,106.72863180,101.68074366,1745.79450000,24352.53367073,7912.94957600
6,216,0.000000,0.315000,0.00000000,107.32720193,0.00000000,49.89710551,0.00000000,0.00000000,94.69756566,107.32720193,101.68074366,1745.79450000,24352.53367053,9891.18697000
6,217,0.000000,0.264000,0.00000000,106.72863180,0.00000000,25.04031158,0.00000000,0.00000000,94.69756566,106.72863180,101.68074366,1745.79450000,24701.69257036,7912.94957600
6,218,0.000000,0.218000,0.00000000,107.32720193,0.00000000,1.48200132,0.00000000,0.00000000,94.69756566,107.32720193,101.68074366,1745.79450000,24701.69257016,9891.18697000
6,219,0.000000,0.192000,0.00000000,72.94337341,0.00000000,22.88858541,0.00000000,0.00000000,63.67817400,72.94337341,68.65710075,1244.73168631,24549.78865630,7912.94957600
6,220,0.000000,0.178000,0.00000000,88.84421182,0.00000000,0.00000000,0.00000000,0.00000000,77.70087782,88.84421182,83.60702520,1476.53684361,24280.53099971,9891.18697000
6,221,0.000000,0.168000,0.00000000,83.85296397,0.00000000,0.00000000,0.00000000,0.00000000,73.12699415,83.85296397,78.73070371,1400.92739029,23935.66388979,9891.18697000
6,222,0.006000,0.154000,0.95989293,76.86521697,0.00000000,0.00000000,0.00000000,0.00000000,67.60318445,77.82510990,72.84164447,1309.61500429,23499.48439388,9891.18697000
6,223,0.187000,0.254000,29.91666298,76.81196882,0.00000000,49.96572670,0.00000000,0.00000000,94.69756566,106.72863180,101.68074366,1745.79450000,23848.64329371,7912.94957600
6,224,0.381000,0.306000,60.95320104,46.37400088,0.00000000,106.35818349,0.00000000,0.00000000,94.69756566,107.32720193,101.68074366,1745.79450000,23848.64329351,9891.18697000
6,225,0.534000,0.266000,85.43047075,21.89673117,0.00000000,110.87046177,0.00000000,0.00000000,94.69756566,107.32720193,101.68074366,1745.79450000,23848.64329330,9891.18697000
6,226,0.642000,0.211000,102.70854349,4.02008831,0.00000000,101.29524143,0.00000000,0.00000000,94.69756566,106.72863180,101.68074366,1745.79450000,24197.80219314,7912.94957600
6,227,0.712000,0.180000,107.32720193,0.00000000,6.58009241,89.84246139,0.00000000,0.00000000,94.69756566,107.32720193,101.68074366,1745.79450000,24197.80219293,9891.18697000
6,228,0.717000,0.179000,106.72863180,0.00000000,7.97857331,89.34333661,0.00000000,0.00000000,94.69756566,106.72863180,101.68074366,1745.79450000,24546.96109277,7912.94957600
6,229,0.670000,0.206000,107.18804383,0.13915810,0.00000000,102.68054772,0.00000000,0.00000000,94.69756566,107.32720193,101.68074366,1745.79450000,24546.96109256,9891.18697000
6,230,0.561000,0.260000,89.74998894,17.57721299,0.00000000,112.19523125,0.00000000,0.00000000,94.69756566,107.32720193,101.68074366,1745.79450000,24546.96109236,9891.18697000
6,231,0.437000,0.325000,69.91220172,36.81643008,0.00000000,125.39912521,0.00000000,0.00000000,94.69756566,106.72863180,101.68074366,1745.79450000,24896.11999219,7912.94957600
6,232,0.265000,0.401000,42.39527107,64.93193086,0.00000000,135.21710813,0.00000000,0.00000000,94.69756566,107.32720193,101.68074366,1745.79450000,24896.11999199,9891.18697000
6,233,0.114000,0.468000,18.23796567,88.49066613,0.00000000,145.09973349,0.00000000,0.00000000,94.69756566,106.72863180,101.68074366,1745.79450000,25245.27889183,7912.94957600
6,234,0.000000,0.483000,0.00000000,107.32720193,0.00000000,133.75006948,0.00000000,0.00000000,94.69756566,107.32720193,101.68074366,1745.79450000,25245.27889162,9891.18697000
6,235,0.000000,0.444000,0.00000000,107.32720193,0.00000000,114.28420285,0.00000000,0.00000000,94.69756566,107.32720193,101.68074366,1745.79450000,25245.27889142,9891.18697000
6,236,0.000000,0.406000,0.00000000,107.32720193,0.00000000,95.31746100,0.00000000,0.00000000,94.69756566,107.32720193,101.68074366,1745.79450000,25245.27889121,9891.18697000
6,237,0.000000,0.403000,0.00000000,106.72863180,0.00000000,94.41865676,0.00000000,0.00000000,94.69756566,106.72863180,101.68074366,1745.79450000,25594.43779105,7912.94957600
6,238,0.000000,0.388000,0.00000000,107.32720193,0.00000000,86.33321486,0.00000000,0.00000000,94.69756566,107.32720193,101.68074366,1745.79450000,25594.43779084,9891.18697000
6,239,0.000000,0.343000,0.00000000,106.72863180,0.00000000,64.47116963,0.00000000,0.00000000,94.69756566,106.72863180,101.68074366,1745.79450000,25943.59669068,7912.94957600
6,240,0.000000,0.317000,0.00000000,106.72863180,0.00000000,51.49392521,0.00000000,0.00000000,94.69756566,106.72863180,101.68074366,1745.79450000,26292.75559051,7912.94957600
6,241,0.000000,0.291000,0.00000000,107.32720193,0.00000000,37.91811066,0.00000000,0.00000000,94.69756566,107.32720193,101.68074366,1745.79450000,26292.75559031,9891.18697000
6,242,0.000000,0.258000,0.00000000,107.32720193,0.00000000,21.44699274,0.00000000,0.00000000,94.69756566,107.32720193,101.68074366,1745.79450000,26292.75559010,9891.18697000
6,243,0.000000,0.233000,0.00000000,106.91405190,0.00000000,9.38202312,0.00000000,0.00000000,94.69756566,106.91405190,101.68074366,1745.79450000,26533.75493403,8525.75159250
6,244,0.000000,0.214000,0.00000000,106.72863180,0.00000000,0.08407230,0.00000000,0.00000000,94.69756566,106.72863180,101.68074366,1745.79450000,26882.91383386,7912.94957600
6,245,0.000000,0.209000,0.00000000,104.31708017,0.00000000,0.00000000,0.00000000,0.00000000,92.47947131,104.31708017,99.32246288,1710.74789281,27197.02612651,7912.94957600
6,246,0.004000,0.205000,0.63992862,102.32058103,0.00000000,0.00000000,0.00000000,0.00000000,90.68117415,102.96050965,97.41051102,1682.33421694,27133.56584325,9891.18697000
6,247,0.164000,0.364000,26.23707341,81.09012851,0.00000000,100.59129342,0.00000000,0.00000000,94.69756566,107.32720193,101.68074366,1745.79450000,27133.56584305,9891.18697000
6,248,0.370000,0.516000,59.19339734,48.13380459,0.00000000,209.41458474,0.00000000,0.00000000,94.69756566,107.32720193,101.68074366,1745.79450000,27133.56584284,9891.18697000
6,249,0.533000,0.547000,85.27048860,22.05671333,0.00000000,250.96454435,0.00000000,0.00000000,94.69756566,107.32720193,101.68074366,1745.79450000,27133.56584264,9891.18697000
6,250,0.648000,0.547000,103.66843642,3.65876551,0.00000000,269.36249217,0.00000000,0.00000000,94.69756566,107.32720193,101.68074366,1745.79450000,27133.56584243,9891.18697000
6,251,0.714000,0.541000,107.32720193,0.00000000,6.90005672,270.02650897,0.00000000,0.00000000,94.69756566,107.32720193,101.68074366,1745.79450000,27133.56584223,9891.18697000
6,252,0.734000,0.532000,107.32720193,0.00000000,10.09969982,265.53438590,0.00000000,0.00000000,94.69756566,107.32720193,101.68074366,1745.79450000,27133.56584202,9891.18697000
6,253,0.711000,0.522000,107.32720193,0.00000000,6.42011025,260.54313804,0.00000000,0.00000000,94.69756566,107.32720193,101.68074366,1745.79450000,27133.56584182,9891.18697000
6,254,0.645000,0.532000,103.18848995,4.13871197,0.00000000,261.39567392,0.00000000,0.00000000,94.69756566,107.32720193,101.68074366,1745.79450000,27133.56584161,9891.18697000
6,255,0.528000,0.562000,84.47057782,22.25805398,0.00000000,258.25007548,0.00000000,0.00000000,94.69756566,106.72863180,101.68074366,1745.79450000,27482.72474145,7912.94957600
6,256,0.349000,0.622000,55.83377208,51.49342984,0.00000000,258.96218675,0.00000000,0.00000000,94.69756566,107.32720193,101.68074366,1745.79450000,27482.72474124,9891.18697000
6,257,0.153000,0.708000,24.47726971,82.84993222,0.00000000,270.53041593,0.00000000,0.00000000,94.69756566,107.32720193,101.68074366,1745.79450000,27482.72474104,9891.18697000
6,258,0.003000,0.753000,0.47994646,106.84725546,0.00000000,268.99370804,0.00000000,0.00000000,94.69756566,107.32720193,101.68074366,1745.79450000,27482.72474083,9891.18697000
6,259,0.000000,0.758000,0.00000000,107.32720193,0.00000000,271.00938550,0.00000000,0.00000000,94.69756566,107.32720193,101.68074366,1745.79450000,27482.72474063,9891.18697000
6,260,0.000000,0.741000,0.00000000,107.32720193,0.00000000,262.52426415,0.00000000,0.00000000,94.69756566,107.32720193,101.68074366,1745.79450000,27482.72474042,9891.18697000
6,261,0.000000,0.737000,0.00000000,107.32720193,0.00000000,260.52776500,0.00000000,0.00000000,94.69756566,107.32720193,101.68074366,1745.79450000,27482.72474022,9891.18697000
6,262,0.000000,0.718000,0.00000000,107.32720193,0.00000000,251.04439408,0.00000000,0.00000000,94.69756566,107.32720193,101.68074366,1745.79450000,27482.72474001,9891.18697000
6,263,0.000000,0.639000,0.00000000,107.32720193,0.00000000,211.61353602,0.00000000,0.00000000,94.69756566,107.32720193,101.68074366,1745.79450000,27482.72473981,9891.18697000
6,264,0.000000,0.544000,0.00000000,107.32720193,0.00000000,164.19668140,0.00000000,0.00000000,94.69756566,107.32720193,101.68074366,1745.79450000,27482.72473960,9891.18697000
6,265,0.000000,0.432000,0.00000000,106.72863180,0.00000000,108.89327554,0.00000000,0.00000000,94.69756566,106.72863180,101.68074366,1745.79450000,27831.88363944,7912.94957600
6,266,0.000000,0.347000,0.00000000,107.32720193,0.00000000,65.86909865,0.00000000,0.00000000,94.69756566,107.32720193,101.68074366,1745.79450000,27831.88363923,9891.18697000
6,267,0.000000,0.281000,0.00000000,107.32720193,0.00000000,32.92686281,0.00000000,0.00000000,94.69756566,107.32720193,101.68074366,1745.79450000,27831.88363903,9891.18697000
6,268,0.000000,0.241000,0.00000000,107.32720192,0.00000000,12.96187139,0.00000000,0.00000000,94.69756566,107.32720192,101.68074366,1745.79450000,27831.88363944,9891.18696652
6,269,0.000000,0.202000,0.00000000,100.82320668,0.00000000,0.00000000,0.00000000,0.00000000,88.71532792,100.82320668,95.32042077,1651.27321165,27737.36235088,9891.18697000
6,270,0.006000,0.179000,0.95989293,88.93684879,0.00000000,0.40648782,0.00000000,0.00000000,78.66539600,89.89674172,84.63531998,1492.48099468,27484.04884535,9891.18697000
6,271,0.200000,0.332000,31.99643099,75.33077093,0.00000000,90.37865786,0.00000000,0.00000000,94.69756566,107.32720193,101.68074366,1745.79450000,27484.04884515,9891.18697000
6,272,0.400000,0.386000,63.99286199,43.33433994,0.00000000,149.32782727,0.00000000,0.00000000,94.69756566,107.32720193,101.68074366,1745.79450000,27484.04884494,9891.18697000
6,273,0.566000,0.320000,90.54989971,16.77730222,0.00000000,142.94262915,0.00000000,0.00000000,94.69756566,107.32720193,101.68074366,1745.79450000,27484.04884474,9891.18697000
6,274,0.671000,0.256000,107.32720193,0.00000000,0.02082406,127.77594509,0.00000000,0.00000000,94.69756566,107.32720193,101.68074366,1745.79450000,27484.04884453,9891.18697000
6,275,0.736000,0.220000,107.32720193,0.00000000,10.41966413,109.80745281,0.00000000,0.00000000,94.69756566,107.32720193,101.68074366,1745.79450000,27484.04884433,9891.18697000
6,276,0.746000,0.202000,107.32720193,0.00000000,12.01948568,100.82320668,0.00000000,0.00000000,94.69756566,107.32720193,101.68074366,1745.79450000,27484.04884412,9891.18697000
6,277,0.715000,0.214000,107.32720193,0.00000000,7.06003887,106.81270410,0.00000000,0.00000000,94.69756566,107.32720193,101.68074366,1745.79450000,27484.04884392,9891.18697000
6,278,0.636000,0.270000,101.74865056,5.57855137,0.00000000,129.18514072,0.00000000,0.00000000,94.69756566,107.32720193,101.68074366,1745.79450000,27484.04884371,9891.18697000
6,279,0.513000,0.352000,82.07084550,25.16524511,0.00000000,150.52667939,0.00000000,0.00000000,94.61376339,107.23609061,101.59164498,1744.47039712,27482.72474063,9891.18697000
6,280,0.338000,0.445000,54.07396838,53.25323355,0.00000000,168.85729601,0.00000000,0.00000000,94.69756566,107.32720193,101.68074366,1745.79450000,27482.72474042,9891.18697000
6,281,0.151000,0.531000,24.15730540,83.16989653,0.00000000,181.86536459,0.00000000,0.00000000,94.69756566,107.32720193,101.68074366,1745.79450000,27482.72474022,9891.18697000
6,282,0.002000,0.573000,0.31996431,107.00723762,0.00000000,178.99126449,0.00000000,0.00000000,94.69756566,107.32720193,101.68074366,1745.79450000,27482.72474001,9891.18697000
6,283,0.000000,0.541000,0.00000000,107.32720193,0.00000000,162.69930704,0.00000000,0.00000000,94.69756566,107.32720193,101.68074366,1745.79450000,27482.72473981,9891.18697000
6,284,0.000000,0.502000,0.00000000,107.32720193,0.00000000,143.23344041,0.00000000,0.00000000,94.69756566,107.32720193,101.68074366,1745.79450000,27482.72473960,9891.18697000
6,285,0.000000,0.507000,0.00000000,106.72863180,0.00000000,146.32763446,0.00000000,0.00000000,94.69756566,106.72863180,101.68074366,1745.79450000,27831.88363944,7912.94957600
6,286,0.000000,0.454000,0.00000000,107.32720193,0.00000000,119.27545070,0.00000000,0.00000000,94.69756566,107.32720193,101.68074366,1745.79450000,27831.88363923,9891.18697000
6,287,0.000000,0.382000,0.00000000,107.32720193,0.00000000,83.33846614,0.00000000,0.00000000,94.69756566,107.32720193,101.68074366,1745.79450000,27831.88363903,9891.18697000
6,288,0.000000,0.332000,0.00000000,107.32720193,0.00000000,58.38222687,0.00000000,0.00000000,94.69756566,107.32720193,101.68074366,1745.79450000,27831.88363882,9891.18697000
6,289,0.000000,0.259000,0.00000000,107.32720192,0.00000000,21.94611753,0.00000000,0.00000000,94.69756566,107.32720192,101.68074366,1745.79450000,27831.88363944,9891.18696535
6,290,0.000000,0.203000,0.00000000,101.32233146,0.00000000,0.00000000,0.00000000,0.00000000,89.30867065,101.32233146,95.95126353,1660.64821843,27831.88363944,9408.77177583
6,291,0.000000,0.163000,0.00000000,73.54194353,0.00000000,7.81539651,0.00000000,0.00000000,63.67817400,73.54194353,68.65710075,1244.73168631,27330.82082555,9891.18697000
6,292,0.000000,0.134000,0.00000000,44.07720969,0.00000000,22.80551157,0.00000000,0.00000000,36.84682300,44.07720969,39.91750131,767.66957627,26352.69590161,9891.18697000
6,293,0.000000,0.115000,0.00000000,57.39935034,0.00000000,0.00000000,0.00000000,0.00000000,49.49339019,57.39935034,53.48736095,998.49268864,25954.55299009,7912.94957600
6,294,0.000000,0.116000,0.00000000,57.89847512,0.00000000,0.00000000,0.00000000,0.00000000,49.73928100,57.89847512,53.75120196,1002.98023956,25427.63039654,8668.00472011
6,295,0.048000,0.178000,7.67914344,88.84421182,0.00000000,0.00000000,0.00000000,0.00000000,84.76041522,96.52335526,91.11555248,1588.78431371,25270.62021004,9891.18697000
6,296,0.115000,0.261000,18.39794782,88.33068398,0.00000000,41.94088504,0.00000000,0.00000000,94.69756566,106.72863180,101.68074366,1745.79450000,25619.77910988,7912.94957600
6,297,0.187000,0.246000,29.91666298,76.81196882,0.00000000,45.97272842,0.00000000,0.00000000,94.69756566,106.72863180,101.68074366,1745.79450000,25968.93800972,7912.94957600
6,298,0.245000,0.192000,39.19562797,68.13157396,0.00000000,27.70038486,0.00000000,0.00000000,94.69756566,107.32720193,101.68074366,1745.79450000,25968.93800951,9891.18697000
6,299,0.280000,0.140000,44.79500339,61.93362841,0.00000000,7.94384156,0.00000000,0.00000000,94.69756566,106.72863180,101.68074366,1745.79450000,26318.09690935,7912.94957600
6,300,0.301000,0.104000,48.15462864,51.90897769,0.00000000,0.00000000,0.00000000,0.00000000,88.01666354,100.06360634,94.57759990,1640.23408882,26212.53649796,9891.18697000
6,301,0.274000,0.093000,43.83511046,46.41860505,0.00000000,0.00000000,0.00000000,0.00000000,79.54428492,90.25371551,85.56975600,1506.36777028,26322.26866807,7912.94957600
6,302,0.245000,0.094000,26.02564357,46.91772984,13.16998440,0.00000000,0.00000000,0.00000000,63.67817400,72.94337341,68.65710075,1244.73168631,26170.36475422,7912.94957600
6,303,0.196000,0.104000,31.35650237,51.90897769,0.00000000,0.00000000,0.00000000,0.00000000,73.13715335,83.26548007,78.74153467,1401.09532893,26174.82448299,7912.94957600
6,304,0.123000,0.132000,19.67780506,65.88447169,0.00000000,0.00000000,0.00000000,0.00000000,74.69337555,85.56227675,80.40065858,1426.82075578,25855.85073857,9891.18697000
6,305,0.045000,0.164000,7.19919697,81.85646483,0.00000000,0.00000000,0.00000000,0.00000000,77.89464652,89.05566180,83.81360641,1479.73997388,25589.79621224,9891.18697000
6,306,0.000000,0.196000,0.00000000,97.82845796,0.00000000,0.00000000,0.00000000,0.00000000,85.96082118,97.82845796,92.39182564,1607.75111549,25451.75282753,9891.18697000
6,307,0.000000,0.227000,0.00000000,106.72863180,0.00000000,6.57269451,0.00000000,0.00000000,94.69756566,106.72863180,101.68074366,1745.79450000,25800.91172737,7912.94957600
6,308,0.000000,0.256000,0.00000000,107.32720193,0.00000000,20.44874317,0.00000000,0.00000000,94.69756566,107.32720193,101.68074366,1745.79450000,25800.91172716,9891.18697000
6,309,0.000000,0.279000,0.00000000,106.72863180,0.00000000,32.52718336,0.00000000,0.00000000,94.69756566,106.72863180,101.68074366,1745.79450000,26150.07062700,7912.94957600
6,310,0.000000,0.260000,0.00000000,106.72863180,0.00000000,23.04381243,0.00000000,0.00000000,94.69756566,106.72863180,101.68074366,1745.79450000,26499.22952683,7912.94957600
6,311,0.000000,0.218000,0.00000000,106.72863180,0.00000000,2.08057144,0.00000000,0.00000000,94.69756566,106.72863180,101.68074366,1745.79450000,26848.38842667,7912.94957600
6,312,0.000000,0.163000,0.00000000,81.35734004,0.00000000,0.00000000,0.00000000,0.00000000,71.38857048,81.35734004,76.87733067,1372.19004742,26823.94287393,7912.94957600
6,313,0.000000,0.126000,0.00000000,58.26858481,0.00000000,4.62113816,0.00000000,0.00000000,49.73928100,58.26858481,53.75120360,1002.98064984,26081.12902356,9891.18697000
6,314,0.000000,0.106000,0.00000000,52.90722727,0.00000000,0.00000000,0.00000000,0.00000000,45.41242513,52.90722727,49.10845530,924.00754183,25608.50096522,7912.94957600
6,315,0.000000,0.111000,0.00000000,44.07720969,0.00000000,11.32564151,0.00000000,0.00000000,36.84682300,44.07720969,39.91750131,767.66957627,24630.37604128,9891.18697000
6,316,0.000000,0.137000,0.00000000,58.26858481,0.00000000,10.11151080,0.00000000,0.00000000,49.73928100,58.26858481,53.75120360,1002.98064984,23887.56219092,9891.18697000
6,317,0.000000,0.155000,0.00000000,73.54194353,0.00000000,3.82239822,0.00000000,0.00000000,63.67817400,73.54194353,68.65710075,1244.73168631,23386.49937702,9891.18697000
6,318,0.000000,0.163000,0.00000000,81.35734004,0.00000000,0.00000000,0.00000000,0.00000000,71.38857048,81.35734004,76.87733067,1372.19004742,23362.05382428,7912.94957600
6,319,0.083000,0.194000,13.27851886,94.04868306,0.00000000,2.78152533,0.00000000,0.00000000,94.69756566,107.32720193,101.68074366,1745.79450000,23362.05382408,9891.18697000
6,320,0.223000,0.337000,35.67602056,71.65118137,0.00000000,96.55387135,0.00000000,0.00000000,94.69756566,107.32720193,101.68074366,1745.79450000,23362.05382387,9891.18697000
6,321,0.336000,0.374000,53.75400407,52.97462773,0.00000000,133.69804205,0.00000000,0.00000000,94.69756566,106.72863180,101.68074366,1745.79450000,23711.21272371,7912.94957600
6,322,0.429000,0.337000,68.63234448,38.69485745,0.00000000,129.51019528,0.00000000,0.00000000,94.69756566,107.32720193,101.68074366,1745.79450000,23711.21272350,9891.18697000
6,323,0.483000,0.292000,77.27138085,30.05582108,0.00000000,115.68861630,0.00000000,0.00000000,94.69756566,107.32720193,101.68074366,1745.79450000,23711.21272330,9891.18697000
6,324,0.496000,0.268000,79.35114886,27.37748294,0.00000000,106.38795958,0.00000000,0.00000000,94.69756566,106.72863180,101.68074366,1745.79450000,24060.37162313,7912.94957600
6,325,0.499000,0.264000,79.83109533,27.49610660,0.00000000,104.27283678,0.00000000,0.00000000,94.69756566,107.32720193,101.68074366,1745.79450000,24060.37162293,9891.18697000
6,326,0.451000,0.279000,72.15195189,35.17525004,0.00000000,104.08056512,0.00000000,0.00000000,94.69756566,107.32720193,101.68074366,1745.79450000,24060.37162272,9891.18697000
6,327,0.364000,0.322000,58.23350441,49.09369752,0.00000000,111.62448342,0.00000000,0.00000000,94.69756566,107.32720193,101.68074366,1745.79450000,24060.37162252,9891.18697000
6,328,0.242000,0.374000,38.71568150,68.01295030,0.00000000,118.65971949,0.00000000,0.00000000,94.69756566,106.72863180,101.68074366,1745.79450000,24409.53052235,7912.94957600
6,329,0.093000,0.416000,14.87834041,91.85029139,0.00000000,115.78561939,0.00000000,0.00000000,94.69756566,106.72863180,101.68074366,1745.79450000,24758.68942219,7912.94957600
6,330,0.000000,0.398000,0.00000000,106.72863180,0.00000000,91.92303284,0.00000000,0.00000000,94.69756566,106.72863180,101.68074366,1745.79450000,25107.84832203,7912.94957600
6,331,0.000000,0.350000,0.00000000,107.32720193,0.00000000,67.36647301,0.00000000,0.00000000,94.69756566,107.32720193,101.68074366,1745.79450000,25107.84832182,9891.18697000
6,332,0.000000,0.323000,0.00000000,107.32720193,0.00000000,53.89010380,0.00000000,0.00000000,94.69756566,107.32720193,101.68074366,1745.79450000,25107.84832162,9891.18697000
6,333,0.000000,0.320000,0.00000000,106.72863180,0.00000000,52.99129957,0.00000000,0.00000000,94.69756566,106.72863180,101.68074366,1745.79450000,25457.00722145,7912.94957600
6,334,0.000000,0.281000,0.00000000,107.32720193,0.00000000,32.92686281,0.00000000,0.00000000,94.69756566,107.32720193,101.68074366,1745.79450000,25457.00722125,9891.18697000
6,335,0.000000,0.225000,0.00000000,106.72863180,0.00000000,5.57444494,0.00000000,0.00000000,94.69756566,106.72863180,101.68074366,1745.79450000,25806.16612108,7912.94957600
6,336,0.000000,0.185000,0.00000000,58.26858481,0.00000000,34.06950051,0.00000000,0.00000000,49.73928100,58.26858481,53.75120360,1002.98064984,25063.35227071,9891.18697000
6,337,0.000000,0.156000,0.00000000,58.26858481,0.00000000,19.59488173,0.00000000,0.00000000,49.73928100,58.26858481,53.75120360,1002.98064984,24320.53842034,9891.18697000
6,338,0.000000,0.133000,0.00000000,44.07720969,0.00000000,22.30638679,0.00000000,0.00000000,36.84682300,44.07720969,39.91750131,767.66957627,23342.41349641,9891.18697000
6,339,0.000000,0.122000,0.00000000,58.26858481,0.00000000,2.62463902,0.00000000,0.00000000,49.73928100,58.26858481,53.75120360,1002.98064984,22599.59964604,9891.18697000
6,340,0.000000,0.116000,0.00000000,43.47863956,0.00000000,14.41983556,0.00000000,0.00000000,36.84682300,43.47863956,39.91750131,767.66957627,21970.63362214,7912.94957600
6,341,0.000000,0.108000,0.00000000,53.90547684,0.00000000,0.00000000,0.00000000,0.00000000,45.77552246,53.90547684,49.49806141,930.63473831,21155.47386025,9891.18697000
6,342,0.000000,0.097000,0.00000000,48.41510420,0.00000000,0.00000000,0.00000000,0.00000000,41.33146007,48.41510420,44.72954965,849.52239501,20608.36065510,7912.94957600
6,343,0.057000,0.153000,9.11898283,64.42296070,0.00000000,11.94313148,0.00000000,0.00000000,63.67817400,73.54194353,68.65710075,1244.73168631,20107.29784120,9891.18697000
6,344,0.154000,0.245000,24.63725186,82.09137994,0.00000000,40.19419252,0.00000000,0.00000000,94.69756566,106.72863180,101.68074366,1745.79450000,20456.45674104,7912.94957600
6,345,0.250000,0.220000,39.99553874,67.30796835,0.00000000,42.49948447,0.00000000,0.00000000,94.69756566,107.30350709,101.68074366,1745.79450000,20470.27845054,9812.87699997
6,346,0.339000,0.164000,54.23395053,53.09325139,0.00000000,28.76321343,0.00000000,0.00000000,94.69756566,107.32720193,101.68074366,1745.79450000,20470.27845034,9891.18697000
6,347,0.401000,0.126000,64.15284414,42.57578766,0.00000000,20.31393532,0.00000000,0.00000000,94.69756566,106.72863180,101.68074366,1745.79450000,20819.43735017,7912.94957600
6,348,0.441000,0.107000,70.55213034,36.17650146,0.00000000,17.22985059,0.00000000,0.00000000,94.69756566,106.72863180,101.68074366,1745.79450000,21168.59625001,7912.94957600
6,349,0.442000,0.099000,70.71211249,36.01651931,0.00000000,13.39683446,0.00000000,0.00000000,94.69756566,106.72863180,101.68074366,1745.79450000,21517.75514985,7912.94957600
6,350,0.401000,0.101000,64.15284414,43.17435778,0.00000000,7.23724555,0.00000000,0.00000000,94.69756566,107.32720193,101.68074366,1745.79450000,21517.75514964,9891.18697000
6,351,0.319000,0.114000,51.03430743,55.69432437,0.00000000,1.20590118,0.00000000,0.00000000,94.69756566,106.72863180,101.68074366,1745.79450000,21866.91404948,7912.94957600
6,352,0.191000,0.148000,30.55659160,73.87046826,0.00000000,0.00000000,0.00000000,0.00000000,92.58062830,104.42705986,99.43001312,1712.34620597,22182.62465529,7912.94957600
6,353,0.071000,0.220000,11.35873300,95.96846892,0.00000000,13.83898389,0.00000000,0.00000000,94.69756566,107.32720193,101.68074366,1745.79450000,22182.62465508,9891.18697000
6,354,0.000000,0.288000,0.00000000,106.72863180,0.00000000,37.01930643,0.00000000,0.00000000,94.69756566,106.72863180,101.68074366,1745.79450000,22531.78355492,7912.94957600
6,355,0.000000,0.305000,0.00000000,107.32720193,0.00000000,44.90585766,0.00000000,0.00000000,94.69756566,107.32720193,101.68074366,1745.79450000,22531.78355471,9891.18697000
6,356,0.000000,0.283000,0.00000000,107.32720193,0.00000000,33.92511238,0.00000000,0.00000000,94.69756566,107.32720193,101.68074366,1745.79450000,22531.78355451,9891.18697000
6,357,0.000000,0.255000,0.00000000,107.32720193,0.00000000,19.94961838,0.00000000,0.00000000,94.69756566,107.32720193,101.68074366,1745.79450000,22531.78355430,9891.18697000
6,358,0.000000,0.237000,0.00000000,106.72863180,0.00000000,11.56394237,0.00000000,0.00000000,94.69756566,106.72863180,101.68074366,1745.79450000,22880.94245414,7912.94957600
6,359,0.000000,0.238000,0.00000000,106.72863180,0.00000000,12.06306715,0.00000000,0.00000000,94.69756566,106.72863180,101.68074366,1745.79450000,23230.10135397,7912.94957600
6,360,0.000000,0.233000,0.00000000,107.32720193,0.00000000,8.96887310,0.00000000,0.00000000,94.69756566,107.32720193,101.68074366,1745.79450000,23230.10135377,9891.18697000
6,361,0.000000,0.214000,0.00000000,106.81270410,0.00000000,0.00000000,0.00000000,0.00000000,94.22434141,106.81270410,101.17761102,1738.31740395,23222.62425751,9891.18697000
6,362,0.000000,0.191000,0.00000000,89.29817159,0.00000000,6.03466244,0.00000000,0.00000000,78.66539600,89.29817159,84.63531998,1492.48099468,23318.46965203,7912.94957600
6,363,0.000000,0.166000,0.00000000,82.85471440,0.00000000,0.00000000,0.00000000,0.00000000,72.21221741,82.85471440,77.75543941,1385.80549962,22958.48065144,9891.18697000
6,364,0.000000,0.158000,0.00000000,78.86171611,0.00000000,0.00000000,0.00000000,0.00000000,68.55311048,78.86171611,73.85438222,1325.31793696,22538.00408820,9891.18697000
6,365,0.000000,0.137000,0.00000000,2.99285063,0.00000000,65.38724499,0.00000000,0.00000000,0.00000000,2.99285063,0.00000000,0.00000000,20792.20958800,9891.18697000
6,366,0.001000,0.133000,0.15998215,66.38359647,0.00000000,0.00000000,0.00000000,0.00000000,57.29127202,66.54357863,61.82710969,1133.95941804,20180.37450583,9891.18697000
6,367,0.120000,0.184000,19.19785860,88.12934333,0.00000000,3.70961721,0.00000000,0.00000000,94.69756566,107.32720193,101.68074366,1745.79450000,20180.37450563,9891.18697000
6,368,0.296000,0.272000,47.35471787,59.37391393,0.00000000,76.38802773,0.00000000,0.00000000,94.69756566,106.72863180,101.68074366,1745.79450000,20529.53340546,7912.94957600
6,369,0.476000,0.227000,76.15150576,31.17569616,0.00000000,82.12563015,0.00000000,0.00000000,94.69756566,107.32720193,101.68074366,1745.79450000,20529.53340526,9891.18697000
6,370,0.604000,0.172000,96.62922160,10.09941020,0.00000000,75.75005291,0.00000000,0.00000000,94.69756566,106.72863180,101.68074366,1745.79450000,20878.69230509,7912.94957600
6,371,0.673000,0.123000,106.72863180,0.00000000,0.93935849,61.39234862,0.00000000,0.00000000,94.69756566,106.72863180,101.68074366,1745.79450000,21227.85120493,7912.94957600
6,372,0.675000,0.084000,106.72863180,0.00000000,1.25932280,41.92648198,0.00000000,0.00000000,94.69756566,106.72863180,101.68074366,1745.79450000,21577.01010477,7912.94957600
6,373,0.626000,0.059000,100.14882901,6.57980279,0.00000000,22.86855955,0.00000000,0.00000000,94.69756566,106.72863180,101.68074366,1745.79450000,21926.16900460,7912.94957600
6,374,0.534000,0.047000,83.26976688,23.45886492,2.16070387,0.00000000,0.00000000,0.00000000,94.69756566,106.72863180,101.68074366,1745.79450000,22275.32790444,7912.94957600
6,375,0.389000,0.059000,62.23305828,27.06511331,0.00000000,2.38324904,0.00000000,0.00000000,78.66539600,89.29817159,84.63531998,1492.48099468,22371.17329895,7912.94957600
6,376,0.237000,0.098000,2.99285063,0.00000000,34.92292010,48.91422898,0.00000000,0.00000000,0.00000000,2.99285063,0.00000000,0.00000000,20625.37879874,9891.18697000
6,377,0.090000,0.174000,14.39839395,86.84771268,0.00000000,0.00000000,0.00000000,0.00000000,89.65485457,101.24610663,96.31932671,1666.11803610,20894.86123468,7912.94957600
6,378,0.000000,0.281000,0.00000000,106.72863180,0.00000000,33.52543293,0.00000000,0.00000000,94.69756566,106.72863180,101.68074366,1745.79450000,21244.02013451,7912.94957600
6,379,0.000000,0.305000,0.00000000,106.72863180,0.00000000,45.50442778,0.00000000,0.00000000,94.69756566,106.72863180,101.68074366,1745.79450000,21593.17903435,7912.94957600
6,380,0.000000,0.261000,0.00000000,107.32720193,0.00000000,22.94436710,0.00000000,0.00000000,94.69756566,107.32720193,101.68074366,1745.79450000,21593.17903415,9891.18697000
6,381,0.000000,0.213000,0.00000000,106.31357932,0.00000000,0.00000000,0.00000000,0.00000000,93.76525695,106.31357932,100.68951183,1731.06372126,21578.44825520,9891.18697000
6,382,0.000000,0.192000,0.00000000,43.47863956,0.00000000,52.35331926,0.00000000,0.00000000,36.84682300,43.47863956,39.91750131,767.66957627,20949.48223130,7912.94957600
6,383,0.000000,0.213000,0.00000000,106.31357932,0.00000000,0.00000000,0.00000000,0.00000000,93.76525695,106.31357932,100.68951183,1731.06372126,20934.75145236,9891.18697000
6,384,0.000000,0.241000,0.00000000,107.32720193,0.00000000,12.96187138,0.00000000,0.00000000,94.69756566,107.32720193,101.68074366,1745.79450000,20934.75145215,9891.18697000
6,385,0.000000,0.266000,0.00000000,107.32720193,0.00000000,25.43999102,0.00000000,0.00000000,94.69756566,107.32720193,101.68074366,1745.79450000,20934.75145195,9891.18697000
6,386,0.000000,0.279000,0.00000000,106.72863180,0.00000000,32.52718336,0.00000000,0.00000000,94.69756566,106.72863180,101.68074366,1745.79450000,21283.91035178,7912.94957600
6,387,0.000000,0.278000,0.00000000,107.32720193,0.00000000,31.42948845,0.00000000,0.00000000,94.69756566,107.32720193,101.68074366,1745.79450000,21283.91035158,9891.18697000
6,388,0.000000,0.273000,0.00000000,106.72863180,0.00000000,29.53243465,0.00000000,0.00000000,94.69756566,106.72863180,101.68074366,1745.79450000,21633.06925141,7912.94957600
6,389,0.000000,0.251000,0.00000000,106.72863180,0.00000000,18.55168937,0.00000000,0.00000000,94.69756566,106.72863180,101.68074366,1745.79450000,21982.22815125,7912.94957600
6,390,0.002000,0.230000,0.31996431,107.00723762,0.00000000,7.79146305,0.00000000,0.00000000,94.69756566,107.32720193,101.68074366,1745.79450000,21982.22815105,9891.18697000
6,391,0.129000,0.249000,20.63769799,86.68950394,0.00000000,37.59256766,0.00000000,0.00000000,94.69756566,107.32720193,101.68074366,1745.79450000,21982.22815084,9891.18697000
6,392,0.295000,0.325000,47.19473571,60.13246621,0.00000000,102.08308908,0.00000000,0.00000000,94.69756566,107.32720193,101.68074366,1745.79450000,21982.22815064,9891.18697000
6,393,0.451000,0.291000,72.15195189,34.57667991,0.00000000,110.66863268,0.00000000,0.00000000,94.69756566,106.72863180,101.68074366,1745.79450000,22331.38705047,7912.94957600
6,394,0.548000,0.238000,87.67022092,19.05841088,0.00000000,99.73328807,0.00000000,0.00000000,94.69756566,106.72863180,101.68074366,1745.79450000,22680.54595031,7912.94957600
6,395,0.596000,0.201000,95.34936436,11.97783757,0.00000000,88.34624432,0.00000000,0.00000000,94.69756566,107.32720193,101.68074366,1745.79450000,22680.54595010,9891.18697000
6,396,0.579000,0.176000,92.62966773,14.69753420,0.00000000,73.14842805,0.00000000,0.00000000,94.69756566,107.32720193,101.68074366,1745.79450000,22680.54594990,9891.18697000
6,397,0.526000,0.184000,84.15061351,23.17658841,0.00000000,68.66237212,0.00000000,0.00000000,94.69756566,107.32720193,101.68074366,1745.79450000,22680.54594969,9891.18697000
6,398,0.453000,0.232000,72.47191620,34.25671560,0.00000000,81.54023464,0.00000000,0.00000000,94.69756566,106.72863180,101.68074366,1745.79450000,23029.70484953,7912.94957600
6,399,0.323000,0.301000,51.67423605,55.05439575,0.00000000,95.18216470,0.00000000,0.00000000,94.69756566,106.72863180,101.68074366,1745.79450000,23378.86374936,7912.94957600
6,400,0.167000,0.389000,26.71701988,80.61018205,0.00000000,113.54935952,0.00000000,0.00000000,94.69756566,107.32720193,101.68074366,1745.79450000,23378.86374916,9891.18697000
6,401,0.060000,0.467000,9.59892930,97.72827263,0.00000000,135.36300221,0.00000000,0.00000000,94.69756566,107.32720193,101.68074366,1745.79450000,23378.86374895,9891.18697000
6,402,0.000000,0.467000,0.00000000,106.72863180,0.00000000,126.36264304,0.00000000,0.00000000,94.69756566,106.72863180,101.68074366,1745.79450000,23728.02264879,7912.94957600
6,403,0.000000,0.446000,0.00000000,106.72863180,0.00000000,115.88102254,0.00000000,0.00000000,94.69756566,106.72863180,101.68074366,1745.79450000,24077.18154863,7912.94957600
6,404,0.000000,0.432000,0.00000000,107.32720193,0.00000000,108.29470542,0.00000000,0.00000000,94.69756566,107.32720193,101.68074366,1745.79450000,24077.18154842,9891.18697000
6,405,0.000000,0.431000,0.00000000,107.32720193,0.00000000,107.79558063,0.00000000,0.00000000,94.69756566,107.32720193,101.68074366,1745.79450000,24077.18154822,9891.18697000
6,406,0.000000,0.464000,0.00000000,107.32720193,0.00000000,124.26669856,0.00000000,0.00000000,94.69756566,107.32720193,101.68074366,1745.79450000,24077.18154801,9891.18697000
6,407,0.000000,0.425000,0.00000000,107.32720193,0.00000000,104.80083192,0.00000000,0.00000000,94.69756566,107.32720193,101.68074366,1745.79450000,24077.18154781,9891.18697000
6,408,0.000000,0.352000,0.00000000,107.32720193,0.00000000,68.36472258,0.00000000,0.00000000,94.69756566,107.32720193,101.68074366,1745.79450000,24077.18154760,9891.18697000
6,409,0.000000,0.300000,0.00000000,106.72863180,0.00000000,43.00880386,0.00000000,0.00000000,94.69756566,106.72863180,101.68074366,1745.79450000,24426.34044744,7912.94957600
6,410,0.000000,0.277000,0.00000000,106.72863180,0.00000000,31.52893379,0.00000000,0.00000000,94.69756566,106.72863180,101.68074366,1745.79450000,24775.49934727,7912.94957600
6,411,0.000000,0.291000,0.00000000,107.32720193,0.00000000,37.91811066,0.00000000,0.00000000,94.69756566,107.32720193,101.68074366,1745.79450000,24775.49934707,9891.18697000
6,412,0.000000,0.289000,0.00000000,107.32720193,0.00000000,36.91986109,0.00000000,0.00000000,94.69756566,107.32720193,101.68074366,1745.79450000,24775.49934686,9891.18697000
6,413,0.000000,0.274000,0.00000000,106.72863180,0.00000000,30.03155943,0.00000000,0.00000000,94.69756566,106.72863180,101.68074366,1745.79450000,25124.65824670,7912.94957600
6,414,0.001000,0.250000,0.15998215,107.16721977,0.00000000,17.61397661,0.00000000,0.00000000,94.69756566,107.32720193,101.68074366,1745.79450000,25124.65824649,9891.18697000
6,415,0.125000,0.346000,19.99776937,87.32943256,0.00000000,85.36774324,0.00000000,0.00000000,94.69756566,107.32720193,101.68074366,1745.79450000,25124.65824629,9891.18697000
6,416,0.281000,0.472000,44.95498555,62.37221638,0.00000000,173.21468239,0.00000000,0.00000000,94.69756566,107.32720193,101.68074366,1745.79450000,25124.65824608,9891.18697000
6,417,0.413000,0.440000,66.07263000,41.25457192,0.00000000,178.36033370,0.00000000,0.00000000,94.69756566,107.32720193,101.68074366,1745.79450000,25124.65824588,9891.18697000
6,418,0.522000,0.367000,83.51068489,23.81651703,0.00000000,159.36227925,0.00000000,0.00000000,94.69756566,107.32720193,101.68074366,1745.79450000,25124.65824567,9891.18697000
6,419,0.570000,0.320000,91.18982833,16.13737360,0.00000000,143.58255777,0.00000000,0.00000000,94.69756566,107.32720193,101.68074366,1745.79450000,25124.65824547,9891.18697000
6,420,0.581000,0.303000,92.94963204,14.37756989,0.00000000,136.85724012,0.00000000,0.00000000,94.69756566,107.32720193,101.68074366,1745.79450000,25124.65824526,9891.18697000
6,421,0.561000,0.282000,89.74998894,17.57721299,0.00000000,123.17597653,0.00000000,0.00000000,94.69756566,107.32720193,101.68074366,1745.79450000,25124.65824506,9891.18697000
6,422,0.512000,0.280000,81.91086334,25.41633858,0.00000000,114.33860136,0.00000000,0.00000000,94.69756566,107.32720193,101.68074366,1745.79450000,25124.65824485,9891.18697000
6,423,0.411000,0.325000,65.75266569,41.57453623,0.00000000,120.64101906,0.00000000,0.00000000,94.69756566,107.32720193,101.68074366,1745.79450000,25124.65824465,9891.18697000
6,424,0.258000,0.400000,41.27539598,66.05180594,0.00000000,133.59810826,0.00000000,0.00000000,94.69756566,107.32720193,101.68074366,1745.79450000,25124.65824444,9891.18697000
6,425,0.087000,0.465000,13.91844748,93.40875444,0.00000000,138.68427082,0.00000000,0.00000000,94.69756566,107.32720193,101.68074366,1745.79450000,25124.65824424,9891.18697000
6,426,0.000000,0.503000,0.00000000,107.32720193,0.00000000,143.73256519,0.00000000,0.00000000,94.69756566,107.32720193,101.68074366,1745.79450000,25124.65824403,9891.18697000
6,427,0.000000,0.538000,0.00000000,106.72863180,0.00000000,161.80050281,0.00000000,0.00000000,94.69756566,106.72863180,101.68074366,1745.79450000,25473.81714387,7912.94957600
6,428,0.000000,0.503000,0.00000000,107.32720193,0.00000000,143.73256519,0.00000000,0.00000000,94.69756566,107.32720193,101.68074366,1745.79450000,25473.81714367,9891.18697000
6,429,0.000000,0.446000,0.00000000,106.72863180,0.00000000,115.88102254,0.00000000,0.00000000,94.69756566,106.72863180,101.68074366,1745.79450000,25822.97604350,7912.94957600
6,430,0.000000,0.374000,0.00000000,107.32720193,0.00000000,79.34546786,0.00000000,0.00000000,94.69756566,107.32720193,101.68074366,1745.79450000,25822.97604330,9891.18697000
6,431,0.000000,0.300000,0.00000000,106.72863180,0.00000000,43.00880386,0.00000000,0.00000000,94.69756566,106.72863180,101.68074366,1745.79450000,26172.13494313,7912.94957600
6,432,0.000000,0.234000,0.00000000,107.32720193,0.00000000,9.46799789,0.00000000,0.00000000,94.69756566,107.32720193,101.68074366,1745.79450000,26172.13494293,9891.18697000
6,433,0.000000,0.205000,0.00000000,102.32058103,0.00000000,0.00000000,0.00000000,0.00000000,90.09258129,102.32058103,96.78471833,1673.03425972,26099.37470244,9891.18697000
6,434,0.000000,0.212000,0.00000000,105.81445453,0.00000000,0.00000000,0.00000000,0.00000000,93.85672468,105.81445453,100.78676044,1732.50894089,26435.24804317,7912.94957600
6,435,0.000000,0.228000,0.00000000,107.32720193,0.00000000,6.47324917,0.00000000,0.00000000,94.69756566,107.32720193,101.68074366,1745.79450000,26435.24804297,9891.18697000
6,436,0.000000,0.227000,0.00000000,107.32720193,0.00000000,5.97412439,0.00000000,0.00000000,94.69756566,107.32720193,101.68074366,1745.79450000,26435.24804276,9891.18697000
6,437,0.000000,0.221000,0.00000000,106.72863180,0.00000000,3.57794580,0.00000000,0.00000000,94.69756566,106.72863180,101.68074366,1745.79450000,26784.40694260,7912.94957600
6,438,0.000000,0.233000,0.00000000,107.32720193,0.00000000,8.96887310,0.00000000,0.00000000,94.69756566,107.32720193,101.68074366,1745.79450000,26784.40694239,9891.18697000
6,439,0.080000,0.279000,12.79857240,93.93005940,0.00000000,45.32575576,0.00000000,0.00000000,94.69756566,106.72863180,101.68074366,1745.79450000,27133.56584223,7912.94957600
6,440,0.233000,0.422000,37.27584211,70.05135982,0.00000000,140.57929967,0.00000000,0.00000000,94.69756566,107.32720193,101.68074366,1745.79450000,27133.56584202,9891.18697000
6,441,0.350000,0.442000,55.99375424,51.33344769,0.00000000,169.27970751,0.00000000,0.00000000,94.69756566,107.32720193,101.68074366,1745.79450000,27133.56584182,9891.18697000
6,442,0.413000,0.426000,66.07263000,41.25457192,0.00000000,171.37258671,0.00000000,0.00000000,94.69756566,107.32720193,101.68074366,1745.79450000,27133.56584161,9891.18697000
6,443,0.471000,0.388000,75.35159499,31.97560694,0.00000000,161.68480985,0.00000000,0.00000000,94.69756566,107.32720193,101.68074366,1745.79450000,27133.56584141,9891.18697000
6,444,0.458000,0.362000,73.27182697,34.05537495,0.00000000,146.62779741,0.00000000,0.00000000,94.69756566,107.32720193,101.68074366,1745.79450000,27133.56584120,9891.18697000
6,445,0.412000,0.353000,65.91264785,41.41455408,0.00000000,134.77649521,0.00000000,0.00000000,94.69756566,107.32720193,101.68074366,1745.79450000,27133.56584100,9891.18697000
6,446,0.328000,0.382000,52.47414683,54.25448497,0.00000000,136.41118310,0.00000000,0.00000000,94.69756566,106.72863180,101.68074366,1745.79450000,27482.72474083,7912.94957600
6,447,0.244000,0.407000,39.03564581,68.29155611,0.00000000,134.85223159,0.00000000,0.00000000,94.69756566,107.32720193,101.68074366,1745.79450000,27482.72474063,9891.18697000
6,448,0.147000,0.429000,23.51737678,83.80982515,0.00000000,130.31470784,0.00000000,0.00000000,94.69756566,107.32720193,101.68074366,1745.79450000,27482.72474042,9891.18697000
6,449,0.049000,0.398000,7.83912559,99.48807633,0.00000000,99.16358831,0.00000000,0.00000000,94.69756566,107.32720193,101.68074366,1745.79450000,27482.72474022,9891.18697000
6,450,0.000000,0.386000,0.00000000,107.32720193,0.00000000,85.33496529,0.00000000,0.00000000,94.69756566,107.32720193,101.68074366,1745.79450000,27482.72474001,9891.18697000
6,451,0.000000,0.394000,0.00000000,106.72863180,0.00000000,89.92653369,0.00000000,0.00000000,94.69756566,106.72863180,101.68074366,1745.79450000,27831.88363985,7912.94957600
6,452,0.000000,0.392000,0.00000000,107.32720193,0.00000000,88.32971400,0.00000000,0.00000000,94.69756566,107.32720193,101.68074366,1745.79450000,27831.88363964,9891.18697000
6,453,0.000000,0.392000,0.00000000,107.32720193,0.00000000,88.32971400,0.00000000,0.00000000,94.69756566,107.32720193,101.68074366,1745.79450000,27831.88363944,9891.18697000
6,454,0.000000,0.381000,0.00000000,107.32720193,0.00000000,82.83934136,0.00000000,0.00000000,94.69756566,107.32720193,101.68074366,1745.79450000,27831.88363923,9891.18697000
6,455,0.000000,0.341000,0.00000000,107.32720193,0.00000000,62.87434994,0.00000000,0.00000000,94.69756566,107.32720193,101.68074366,1745.79450000,27831.88363903,9891.18697000
6,456,0.000000,0.295000,0.00000000,107.32720192,0.00000000,39.91460980,0.00000000,0.00000000,94.69756566,107.32720192,101.68074366,1745.79450000,27831.88363944,9891.18696652
6,457,0.000000,0.240000,0.00000000,107.32720193,0.00000000,12.46274660,0.00000000,0.00000000,94.69756566,107.32720193,101.68074366,1745.79450000,27831.88363923,9891.18697000
6,458,0.000000,0.179000,0.00000000,89.34333661,0.00000000,0.00000000,0.00000000,0.00000000,78.55897771,89.34333661,84.52186502,1490.72182695,27831.88363944,8446.01601557
6,459,0.000000,0.133000,0.00000000,57.67001469,0.00000000,8.71358179,0.00000000,0.00000000,49.73928100,57.67001469,53.75120360,1002.98064984,27438.22868911,7912.94957600
6,460,0.000000,0.103000,0.00000000,2.39428050,0.00000000,49.01557241,0.00000000,0.00000000,0.00000000,2.39428050,0.00000000,0.00000000,26041.59308895,7912.94957600
6,461,0.000000,0.103000,0.00000000,51.40985291,0.00000000,0.00000000,0.00000000,0.00000000,44.05210345,51.40985291,47.64882009,899.17915955,25544.13664834,7912.94957600
6,462,0.000000,0.133000,0.00000000,43.47863956,0.00000000,22.90495691,0.00000000,0.00000000,36.84682300,43.47863956,39.91750131,767.66957627,24915.17062444,7912.94957600
6,463,0.047000,0.121000,7.51916128,60.39409905,0.00000000,0.00000000,0.00000000,0.00000000,59.08755324,67.91326033,63.74800729,1165.11351223,24683.64853651,7912.94957600
6,464,0.145000,0.179000,23.19741247,83.53121933,0.00000000,5.81211728,0.00000000,0.00000000,94.69756566,106.72863180,101.68074366,1745.79450000,25032.80743635,7912.94957600
6,465,0.257000,0.246000,41.11541383,65.61321797,0.00000000,57.17147926,0.00000000,0.00000000,94.69756566,106.72863180,101.68074366,1745.79450000,25381.96633618,7912.94957600
6,466,0.376000,0.295000,60.15329027,46.57534153,0.00000000,100.66647020,0.00000000,0.00000000,94.69756566,106.72863180,101.68074366,1745.79450000,25731.12523602,7912.94957600
6,467,0.462000,0.339000,73.91175559,32.81687621,0.00000000,136.38642609,0.00000000,0.00000000,94.69756566,106.72863180,101.68074366,1745.79450000,26080.28413586,7912.94957600
6,468,0.500000,0.371000,79.99107748,27.33612444,0.00000000,157.83917099,0.00000000,0.00000000,94.69756566,107.32720193,101.68074366,1745.79450000,26080.28413565,9891.18697000
6,469,0.492000,0.404000,78.71122024,28.01741156,0.00000000,173.62900179,0.00000000,0.00000000,94.69756566,106.72863180,101.68074366,1745.79450000,26429.44303549,7912.94957600
6,470,0.425000,0.434000,67.99241586,39.33478607,0.00000000,177.28537085,0.00000000,0.00000000,94.69756566,107.32720193,101.68074366,1745.79450000,26429.44303528,9891.18697000
6,471,0.328000,0.439000,52.47414683,54.25448497,0.00000000,164.86129587,0.00000000,0.00000000,94.69756566,106.72863180,101.68074366,1745.79450000,26778.60193512,7912.94957600
6,472,0.209000,0.415000,33.43627039,73.29236141,0.00000000,133.84442458,0.00000000,0.00000000,94.69756566,106.72863180,101.68074366,1745.79450000,27127.76083495,7912.94957600
6,473,0.079000,0.343000,12.63859024,94.68861168,0.00000000,76.51118975,0.00000000,0.00000000,94.69756566,107.32720193,101.68074366,1745.79450000,27127.76083475,9891.18697000
6,474,0.000000,0.294000,0.00000000,106.72863180,0.00000000,40.01405514,0.00000000,0.00000000,94.69756566,106.72863180,101.68074366,1745.79450000,27476.91973458,7912.94957600
6,475,0.000000,0.256000,0.00000000,107.21736867,0.00000000,20.55857643,0.00000000,0.00000000,94.69756566,107.21736867,101.68074366,1745.79450000,27540.98784897,9528.19481934
6,476,0.000000,0.205000,0.00000000,102.32058103,0.00000000,0.00000000,0.00000000,0.00000000,90.64313348,102.32058103,97.37006613,1681.73316205,27826.08541085,7912.94957600
6,477,0.000000,0.167000,0.00000000,83.35383918,0.00000000,0.00000000,0.00000000,0.00000000,73.21812395,83.35383918,78.82785926,1402.43382875,27831.88363944,7912.94957600
6,478,0.000000,0.147000,0.00000000,73.37134347,0.00000000,0.00000000,0.00000000,0.00000000,64.07035660,73.37134347,69.07521629,1251.21492211,27686.46296138,7912.94957600
6,479,0.000000,0.131000,0.00000000,43.47863956,0.00000000,21.90670734,0.00000000,0.00000000,36.84682300,43.47863956,39.91750131,767.66957627,27057.49693749,7912.94957600
6,480,0.000000,0.110000,0.00000000,54.90372641,0.00000000,0.00000000,0.00000000,0.00000000,47.22618738,54.90372641,51.05463559,957.11205152,26617.97338885,7912.94957600
6,481,0.000000,0.113000,0.00000000,43.47863956,0.00000000,12.92246120,0.00000000,0.00000000,36.84682300,43.47863956,39.91750131,767.66957627,25989.00736495,7912.94957600
6,482,0.000000,0.148000,0.00000000,73.54194353,0.00000000,0.32852472,0.00000000,0.00000000,63.67817400,73.54194353,68.65710075,1244.73168631,25487.94455106,9891.18697000
6,483,0.000000,0.184000,0.00000000,89.29817159,0.00000000,2.54078895,0.00000000,0.00000000,78.66539600,89.29817159,84.63531998,1492.48099468,25583.78994557,7912.94957600
6,484,0.000000,0.205000,0.00000000,102.32058103,0.00000000,0.00000000,0.00000000,0.00000000,90.64313348,102.32058103,97.37006613,1681.73316205,25868.88750745,7912.94957600
6,485,0.000000,0.221000,0.00000000,106.72863180,0.00000000,3.57794580,0.00000000,0.00000000,94.69756566,106.72863180,101.68074366,1745.79450000,26218.04640729,7912.94957600
6,486,0.000000,0.231000,0.00000000,106.72863180,0.00000000,8.56919365,0.00000000,0.00000000,94.69756566,106.72863180,101.68074366,1745.79450000,26567.20530712,7912.94957600
6,487,0.106000,0.246000,16.95810843,90.36909350,0.00000000,32.41560374,0.00000000,0.00000000,94.69756566,107.32720193,101.68074366,1745.79450000,26567.20530692,9891.18697000
6,488,0.281000,0.398000,44.95498555,62.16417294,0.00000000,136.48749170,0.00000000,0.00000000,94.69756566,107.11915848,101.68074366,1745.79450000,26688.56154604,9203.61620897
6,489,0.424000,0.410000,67.83243371,38.89619810,0.00000000,165.74496397,0.00000000,0.00000000,94.69756566,106.72863180,101.68074366,1745.79450000,27037.72044587,7912.94957600
6,490,0.498000,0.325000,79.67111317,27.05751863,0.00000000,135.15803667,0.00000000,0.00000000,94.69756566,106.72863180,101.68074366,1745.79450000,27386.87934571,7912.94957600
6,491,0.512000,0.224000,81.91086334,24.81776846,0.00000000,86.98618350,0.00000000,0.00000000,94.69756566,106.72863180,101.68074366,1745.79450000,27736.03824554,7912.94957600
6,492,0.513000,0.143000,82.07084550,25.25635643,0.00000000,46.11848790,0.00000000,0.00000000,94.69756566,107.32720193,101.68074366,1745.79450000,27736.03824534,9891.18697000
6,493,0.495000,0.094000,79.19116671,28.13603522,0.00000000,18.78169462,0.00000000,0.00000000,94.69756566,107.32720193,101.68074366,1745.79450000,27736.03824513,9891.18697000
6,494,0.440000,0.075000,70.39214818,36.93505374,0.00000000,0.49930517,0.00000000,0.00000000,94.69756566,107.32720193,101.68074366,1745.79450000,27736.03824493,9891.18697000
6,495,0.351000,0.077000,56.15373639,33.14443520,0.00000000,5.28817329,0.00000000,0.00000000,78.66539600,89.29817159,84.63531998,1492.48099468,27831.88363944,7912.94957600
6,496,0.228000,0.090000,36.47593133,37.06601220,0.00000000,7.85521850,0.00000000,0.00000000,63.67817400,73.54194353,68.65710075,1244.73168631,27330.82082555,9891.18697000
6,497,0.071000,0.116000,11.35873300,57.89847512,0.00000000,0.00000000,0.00000000,0.00000000,60.12681729,69.25720812,64.85936991,1183.13815639,26997.63295197,8591.08232277
6,498,0.000000,0.152000,0.00000000,73.54194353,0.00000000,2.32502387,0.00000000,0.00000000,63.67817400,73.54194353,68.65710075,1244.73168631,26496.57013808,9891.18697000
6,499,0.000000,0.179000,0.00000000,89.34333661,0.00000000,0.00000000,0.00000000,0.00000000,78.70693759,89.34333661,84.67948724,1493.13741205,26593.07194997,7912.94957600
6,500,0.000000,0.193000,0.00000000,96.33108361,0.00000000,0.00000000,0.00000000,0.00000000,84.58356781,96.33108361,90.92752808,1585.99006742,26433.26751718,9891.18697000
6,501,0.000000,0.225000,0.00000000,106.72863180,0.00000000,5.57444494,0.00000000,0.00000000,94.69756566,106.72863180,101.68074366,1745.79450000,26782.42641701,7912.94957600
6,502,0.000000,0.266000,0.00000000,106.72863180,0.00000000,26.03856115,0.00000000,0.00000000,94.69756566,106.72863180,101.68074366,1745.79450000,27131.58531685,7912.94957600
6,503,0.000000,0.272000,0.00000000,106.72863180,0.00000000,29.03330986,0.00000000,0.00000000,94.69756566,106.72863180,101.68074366,1745.79450000,27480.74421669,7912.94957600
6,504,0.000000,0.270000,0.00000000,107.32720193,0.00000000,27.43649017,0.00000000,0.00000000,94.69756566,107.32720193,101.68074366,1745.79450000,27480.74421648,9891.18697000
6,505,0.000000,0.252000,0.00000000,107.32720193,0.00000000,18.45224403,0.00000000,0.00000000,94.69756566,107.32720193,101.68074366,1745.79450000,27480.74421628,9891.18697000
6,506,0.000000,0.220000,0.00000000,106.72863180,0.00000000,3.07882101,0.00000000,0.00000000,94.69756566,106.72863180,101.68074366,1745.79450000,27829.90311611,7912.94957600
6,507,0.000000,0.201000,0.00000000,100.32408189,0.00000000,0.00000000,0.00000000,0.00000000,88.25624346,100.32408189,94.83232158,1644.01952895,27728.12814486,9891.18697000
6,508,0.000000,0.180000,0.00000000,89.84246139,0.00000000,0.00000000,0.00000000,0.00000000,79.16602205,89.84246139,85.16758643,1500.39109474,27831.88363944,7912.94957600
6,509,0.000000,0.162000,0.00000000,80.85821525,0.00000000,0.00000000,0.00000000,0.00000000,70.38266394,80.85821525,75.80491082,1355.56171829,27441.65085753,9891.18697000
6,510,0.000000,0.135000,0.00000000,67.38184605,0.00000000,0.00000000,0.00000000,0.00000000,58.60256982,67.38184605,63.22937832,1156.70212376,27201.71738113,7912.94957600
6,511,0.053000,0.093000,8.47905421,46.41860505,0.00000000,0.00000000,0.00000000,0.00000000,47.22067556,54.89765927,51.04872136,957.01145057,26762.09323153,7912.94957600
6,512,0.164000,0.183000,26.23707341,81.09012851,0.00000000,10.24970724,0.00000000,0.00000000,94.69756566,107.32720193,101.68074366,1745.79450000,26762.09323133,9891.18697000
6,513,0.279000,0.294000,44.63502124,62.09361057,0.00000000,84.64907638,0.00000000,0.00000000,94.69756566,106.72863180,101.68074366,1745.79450000,27111.25213116,7912.94957600
6,514,0.352000,0.300000,56.31371855,51.01348338,0.00000000,98.72395228,0.00000000,0.00000000,94.69756566,107.32720193,101.68074366,1745.79450000,27111.25213096,9891.18697000
6,515,0.383000,0.283000,61.27316535,45.45546645,0.00000000,95.79684785,0.00000000,0.00000000,94.69756566,106.72863180,101.68074366,1745.79450000,27460.41103079,7912.94957600
6,516,0.382000,0.261000,61.11318320,46.21401873,0.00000000,84.05755029,0.00000000,0.00000000,94.69756566,107.32720193,101.68074366,1745.79450000,27460.41103059,9891.18697000
6,517,0.354000,0.251000,56.63368286,50.09494894,0.00000000,75.18537222,0.00000000,0.00000000,94.69756566,106.72863180,101.68074366,1745.79450000,27809.56993042,7912.94957600
6,518,0.303000,0.264000,48.47459295,58.85260897,0.00000000,72.91633441,0.00000000,0.00000000,94.69756566,107.32720193,101.68074366,1745.79450000,27809.56993022,9891.18697000
6,519,0.238000,0.261000,38.07575288,69.21319620,0.00000000,61.05837282,0.00000000,0.00000000,94.69756566,107.28894908,101.68074366,1745.79450000,27831.88363944,9764.76368713
6,520,0.151000,0.243000,24.15730540,83.16989653,0.00000000,38.11742636,0.00000000,0.00000000,94.69756566,107.32720193,101.68074366,1745.79450000,27831.88363923,9891.18697000
6,521,0.063000,0.223000,10.07887576,97.24832616,0.00000000,14.05650101,0.00000000,0.00000000,94.69756566,107.32720193,101.68074366,1745.79450000,27831.88363903,9891.18697000
6,522,0.000000,0.221000,0.00000000,107.32720192,0.00000000,2.97937568,0.00000000,0.00000000,94.69756566,107.32720192,101.68074366,1745.79450000,27831.88363944,9891.18696652
6,523,0.000000,0.227000,0.00000000,107.32720193,0.00000000,5.97412439,0.00000000,0.00000000,94.69756566,107.32720193,101.68074366,1745.79450000,27831.88363923,9891.18697000
6,524,0.000000,0.213000,0.00000000,106.31357932,0.00000000,0.00000000,0.00000000,0.00000000,93.76525695,106.31357932,100.68951183,1731.06372126,27817.15286029,9891.18697000
6,525,0.000000,0.204000,0.00000000,101.82145625,0.00000000,0.00000000,0.00000000,0.00000000,89.77925837,101.82145625,96.45159300,1668.08365637,27831.88363944,9367.43839784
6,526,0.000000,0.195000,0.00000000,97.32933318,0.00000000,0.00000000,0.00000000,0.00000000,85.72527137,97.32933318,92.14138878,1604.02935243,27831.88363944,9087.98499962
6,527,0.000000,0.176000,0.00000000,87.84596225,0.00000000,0.00000000,0.00000000,0.00000000,76.78610109,87.84596225,82.63176090,1461.41495294,27547.50409218,9891.18697000
6,528,0.000000,0.154000,0.00000000,76.86521697,0.00000000,0.00000000,0.00000000,0.00000000,67.27207517,76.86521697,72.48864133,1304.14153943,27455.01003145,7912.94957600
6,529,0.000000,0.127000,0.00000000,63.38884776,0.00000000,0.00000000,0.00000000,0.00000000,54.95844880,63.38884776,59.33244768,1093.49972103,27151.87415232,7912.94957600
6,530,0.000000,0.108000,0.00000000,53.90547684,0.00000000,0.00000000,0.00000000,0.00000000,46.31930626,53.90547684,50.08154545,940.55979667,26695.79834883,7912.94957600
6,531,0.000000,0.115000,0.00000000,43.47863956,0.00000000,13.92071077,0.00000000,0.00000000,36.84682300,43.47863956,39.91750131,767.66957627,26066.83232493,7912.94957600
6,532,0.000000,0.124000,0.00000000,57.67001469,0.00000000,4.22145872,0.00000000,0.00000000,49.73928100,57.67001469,53.75120360,1002.98064984,25673.17737460,7912.94957600
6,533,0.000000,0.144000,0.00000000,71.87396912,0.00000000,0.00000000,0.00000000,0.00000000,62.70220597,71.87396912,67.61342528,1227.80482683,25504.34660127,7912.94957600
6,534,0.000000,0.171000,0.00000000,72.94337341,0.00000000,12.40696492,0.00000000,0.00000000,63.67817400,72.94337341,68.65710075,1244.73168631,25352.44268742,7912.94957600
6,535,0.062000,0.133000,9.91889361,66.38359647,0.00000000,0.00000000,0.00000000,0.00000000,66.75640306,76.30249008,71.93887155,1295.61712357,25251.42421083,7912.94957600
6,536,0.166000,0.152000,0.00000000,30.37356422,26.55703772,45.49340317,0.00000000,0.00000000,25.00174700,30.37356422,27.15938231,539.40882693,24394.19743759,7912.94957600
6,537,0.268000,0.183000,42.87521753,63.85341427,0.00000000,27.48642148,0.00000000,0.00000000,94.69756566,106.72863180,101.68074366,1745.79450000,24743.35633743,7912.94957600
6,538,0.335000,0.199000,53.59402191,53.13460989,0.00000000,46.19122243,0.00000000,0.00000000,94.69756566,106.72863180,101.68074366,1745.79450000,25092.51523726,7912.94957600
6,539,0.390000,0.196000,62.39304044,44.33559136,0.00000000,53.49286660,0.00000000,0.00000000,94.69756566,106.72863180,101.68074366,1745.79450000,25441.67413710,7912.94957600
6,540,0.419000,0.173000,67.03252293,39.69610887,0.00000000,46.65247903,0.00000000,0.00000000,94.69756566,106.72863180,101.68074366,1745.79450000,25790.83303694,7912.94957600
6,541,0.390000,0.137000,62.39304044,44.47063276,0.00000000,23.90946286,0.00000000,0.00000000,94.69756566,106.86367320,101.68074366,1745.79450000,26061.21936997,8359.25307061
6,542,0.332000,0.099000,53.11407545,49.41335377,0.00000000,0.00000000,0.00000000,0.00000000,90.28283589,102.52742922,96.98699727,1676.04034383,25991.46521360,9891.18697000
6,543,0.240000,0.072000,38.39571719,35.93698456,0.00000000,0.00000000,0.00000000,0.00000000,64.40280870,74.33270175,69.42965104,1256.71058465,25502.38129805,9891.18697000
6,544,0.145000,0.063000,2.99285063,0.00000000,20.20456184,31.44486149,0.00000000,0.00000000,0.00000000,2.99285063,0.00000000,0.00000000,23756.58679784,9891.18697000
6,545,0.051000,0.071000,8.15908990,35.31954966,0.00000000,0.11831011,0.00000000,0.00000000,36.84682300,43.47863956,39.91750131,767.66957627,23127.62077395,7912.94957600
6,546,0.000000,0.112000,0.00000000,44.07720969,0.00000000,11.82476629,0.00000000,0.00000000,36.84682300,44.07720969,39.91750131,767.66957627,22149.49585001,9891.18697000
6,547,0.000000,0.184000,0.00000000,89.89674172,0.00000000,1.94221882,0.00000000,0.00000000,78.66539600,89.89674172,84.63531998,1492.48099468,21896.18234448,9891.18697000
6,548,0.000000,0.257000,0.00000000,107.32720193,0.00000000,20.94786795,0.00000000,0.00000000,94.69756566,107.32720193,101.68074366,1745.79450000,21896.18234428,9891.18697000
6,549,0.000000,0.294000,0.00000000,107.32720193,0.00000000,39.41548502,0.00000000,0.00000000,94.69756566,107.32720193,101.68074366,1745.79450000,21896.18234407,9891.18697000
6,550,0.000000,0.294000,0.00000000,106.72863180,0.00000000,40.01405514,0.00000000,0.00000000,94.69756566,106.72863180,101.68074366,1745.79450000,22245.34124391,7912.94957600
6,551,0.000000,0.275000,0.00000000,106.72863180,0.00000000,30.53068422,0.00000000,0.00000000,94.69756566,106.72863180,101.68074366,1745.79450000,22594.50014374,7912.94957600
6,552,0.000000,0.245000,0.00000000,106.72863180,0.00000000,15.55694065,0.00000000,0.00000000,94.69756566,106.72863180,101.68074366,1745.79450000,22943.65904358,7912.94957600
6,553,0.000000,0.224000,0.00000000,106.72863180,0.00000000,5.07532016,0.00000000,0.00000000,94.69756566,106.72863180,101.68074366,1745.79450000,23292.81794342,7912.94957600
6,554,0.000000,0.233000,0.00000000,106.72863180,0.00000000,9.56744323,0.00000000,0.00000000,94.69756566,106.72863180,101.68074366,1745.79450000,23641.97684325,7912.94957600
6,555,0.000000,0.241000,0.00000000,106.72863180,0.00000000,13.56044151,0.00000000,0.00000000,94.69756566,106.72863180,101.68074366,1745.79450000,23991.13574309,7912.94957600
6,556,0.000000,0.246000,0.00000000,106.72863180,0.00000000,16.05606544,0.00000000,0.00000000,94.69756566,106.72863180,101.68074366,1745.79450000,24340.29464292,7912.94957600
6,557,0.000000,0.256000,0.00000000,106.72863180,0.00000000,21.04731329,0.00000000,0.00000000,94.69756566,106.72863180,101.68074366,1745.79450000,24689.45354276,7912.94957600
6,558,0.002000,0.245000,0.31996431,106.40866749,0.00000000,15.87690496,0.00000000,0.00000000,94.69756566,106.72863180,101.68074366,1745.79450000,25038.61244260,7912.94957600
6,559,0.156000,0.258000,24.95721617,81.77141563,0.00000000,47.00277904,0.00000000,0.00000000,94.69756566,106.72863180,101.68074366,1745.79450000,25387.77134243,7912.94957600
6,560,0.350000,0.386000,55.99375424,50.73487756,0.00000000,141.92728965,0.00000000,0.00000000,94.69756566,106.72863180,101.68074366,1745.79450000,25736.93024227,7912.94957600
6,561,0.507000,0.398000,81.11095257,25.61767923,0.00000000,173.03398540,0.00000000,0.00000000,94.69756566,106.72863180,101.68074366,1745.79450000,26086.08914210,7912.94957600
6,562,0.618000,0.377000,98.86897177,8.45823016,0.00000000,179.71181398,0.00000000,0.00000000,94.69756566,107.32720193,101.68074366,1745.79450000,26086.08914190,9891.18697000
6,563,0.675000,0.366000,107.32720193,0.00000000,0.66075268,182.67967150,0.00000000,0.00000000,94.69756566,107.32720193,101.68074366,1745.79450000,26086.08914169,9891.18697000
6,564,0.680000,0.368000,107.32720193,0.00000000,1.46066345,183.67792107,0.00000000,0.00000000,94.69756566,107.32720193,101.68074366,1745.79450000,26086.08914149,9891.18697000
6,565,0.644000,0.381000,103.02850780,3.70012400,0.00000000,186.46641928,0.00000000,0.00000000,94.69756566,106.72863180,101.68074366,1745.79450000,26435.24804133,7912.94957600
6,566,0.526000,0.404000,84.15061351,23.17658841,0.00000000,178.46982494,0.00000000,0.00000000,94.69756566,107.32720193,101.68074366,1745.79450000,26435.24804112,9891.18697000
6,567,0.375000,0.427000,59.99330811,47.33389381,0.00000000,165.79238960,0.00000000,0.00000000,94.69756566,107.32720193,101.68074366,1745.79450000,26435.24804092,9891.18697000
6,568,0.223000,0.444000,35.67602056,71.65118137,0.00000000,149.96022340,0.00000000,0.00000000,94.69756566,107.32720193,101.68074366,1745.79450000,26435.24804071,9891.18697000
6,569,0.071000,0.422000,11.35873300,95.36989880,0.00000000,115.26076069,0.00000000,0.00000000,94.69756566,106.72863180,101.68074366,1745.79450000,26784.40694055,7912.94957600
6,570,0.000000,0.395000,0.00000000,107.32720193,0.00000000,89.82708836,0.00000000,0.00000000,94.69756566,107.32720193,101.68074366,1745.79450000,26784.40694034,9891.18697000
6,571,0.000000,0.398000,0.00000000,106.72863180,0.00000000,91.92303284,0.00000000,0.00000000,94.69756566,106.72863180,101.68074366,1745.79450000,27133.56584018,7912.94957600
6,572,0.000000,0.388000,0.00000000,107.32720193,0.00000000,86.33321486,0.00000000,0.00000000,94.69756566,107.32720193,101.68074366,1745.79450000,27133.56583997,9891.18697000
6,573,0.000000,0.369000,0.00000000,107.32720193,0.00000000,76.84984393,0.00000000,0.00000000,94.69756566,107.32720193,101.68074366,1745.79450000,27133.56583977,9891.18697000
6,574,0.000000,0.342000,0.00000000,106.72863180,0.00000000,63.97204485,0.00000000,0.00000000,94.69756566,106.72863180,101.68074366,1745.79450000,27482.72473960,7912.94957600
6,575,0.000000,0.302000,0.00000000,106.72863180,0.00000000,44.00705343,0.00000000,0.00000000,94.69756566,106.72863180,101.68074366,1745.79450000,27831.88363944,7912.94957600
6,576,0.000000,0.253000,0.00000000,107.32720193,0.00000000,18.95136881,0.00000000,0.00000000,94.69756566,107.32720193,101.68074366,1745.79450000,27831.88363923,9891.18697000
6,577,0.000000,0.235000,0.00000000,107.32720193,0.00000000,9.96712267,0.00000000,0.00000000,94.69756566,107.32720193,101.68074366,1745.79450000,27831.88363903,9891.18697000
6,578,0.000000,0.214000,0.00000000,106.81270410,0.00000000,0.00000000,0.00000000,0.00000000,94.22434141,106.81270410,101.17761102,1738.31740395,27824.40654278,9891.18697000
6,579,0.000000,0.225000,0.00000000,107.32720193,0.00000000,4.97587482,0.00000000,0.00000000,94.69756566,107.32720193,101.68074366,1745.79450000,27824.40654257,9891.18697000
6,580,0.000000,0.249000,0.00000000,107.32720193,0.00000000,16.95486967,0.00000000,0.00000000,94.69756566,107.32720193,101.68074366,1745.79450000,27824.40654237,9891.18697000
6,581,0.000000,0.260000,0.00000000,107.32720193,0.00000000,22.44524231,0.00000000,0.00000000,94.69756566,107.32720193,101.68074366,1745.79450000,27824.40654216,9891.18697000
6,582,0.002000,0.255000,0.31996431,107.00723762,0.00000000,20.26958269,0.00000000,0.00000000,94.69756566,107.32720193,101.68074366,1745.79450000,27824.40654196,9891.18697000
6,583,0.165000,0.327000,26.39705557,80.93014636,0.00000000,82.28365851,0.00000000,0.00000000,94.69756566,107.32720193,101.68074366,1745.79450000,27824.40654175,9891.18697000
6,584,0.374000,0.510000,59.83332596,47.49387597,0.00000000,207.05976465,0.00000000,0.00000000,94.69756566,107.32720193,101.68074366,1745.79450000,27824.40654155,9891.18697000
6,585,0.549000,0.492000,87.83020308,19.48418071,0.00000000,226.08521377,0.00000000,0.00000000,94.69756566,107.31438379,101.68074366,1745.79450000,27831.88363944,9848.82380797
6,586,0.654000,0.425000,104.62832935,2.69887258,0.00000000,209.42916127,0.00000000,0.00000000,94.69756566,107.32720193,101.68074366,1745.79450000,27831.88363923,9891.18697000
6,587,0.724000,0.366000,107.32720193,0.00000000,8.49987827,182.67967150,0.00000000,0.00000000,94.69756566,107.32720193,101.68074366,1745.79450000,27831.88363903,9891.18697000
6,588,0.744000,0.322000,107.32720193,0.00000000,11.69952137,160.71818094,0.00000000,0.00000000,94.69756566,107.32720193,101.68074366,1745.79450000,27831.88363882,9891.18697000
6,589,0.721000,0.306000,107.32720193,0.00000000,8.01993180,152.73218437,0.00000000,0.00000000,94.69756566,107.32720193,101.68074366,1745.79450000,27831.88363862,9891.18697000
6,590,0.651000,0.311000,104.14838288,3.17881904,0.00000000,152.04898925,0.00000000,0.00000000,94.69756566,107.32720193,101.68074366,1745.79450000,27831.88363841,9891.18697000
6,591,0.531000,0.333000,84.95052429,22.37667764,0.00000000,143.83187594,0.00000000,0.00000000,94.69756566,107.32720193,101.68074366,1745.79450000,27831.88363821,9891.18697000
6,592,0.361000,0.379000,57.75355794,49.57364398,0.00000000,139.59464973,0.00000000,0.00000000,94.69756566,107.32720193,101.68074366,1745.79450000,27831.88363800,9891.18697000
6,593,0.144000,0.445000,23.03743032,84.28977161,0.00000000,137.82075795,0.00000000,0.00000000,94.69756566,107.32720193,101.68074366,1745.79450000,27831.88363780,9891.18697000
6,594,0.000000,0.538000,0.00000000,107.32720193,0.00000000,161.20193269,0.00000000,0.00000000,94.69756566,107.32720193,101.68074366,1745.79450000,27831.88363759,9891.18697000
6,595,0.000000,0.565000,0.00000000,107.32720193,0.00000000,174.67830189,0.00000000,0.00000000,94.69756566,107.32720193,101.68074366,1745.79450000,27831.88363739,9891.18697000
6,596,0.000000,0.510000,0.00000000,107.32720193,0.00000000,147.22643869,0.00000000,0.00000000,94.69756566,107.32720193,101.68074366,1745.79450000,27831.88363718,9891.18697000
6,597,0.000000,0.454000,0.00000000,107.32720193,0.00000000,119.27545070,0.00000000,0.00000000,94.69756566,107.32720193,101.68074366,1745.79450000,27831.88363698,9891.18697000
6,598,0.000000,0.410000,0.00000000,107.32720193,0.00000000,97.31396014,0.00000000,0.00000000,94.69756566,107.32720193,101.68074366,1745.79450000,27831.88363677,9891.18697000
6,599,0.000000,0.358000,0.00000000,107.32720193,0.00000000,71.35947129,0.00000000,0.00000000,94.69756566,107.32720193,101.68074366,1745.79450000,27831.88363657,9891.18697000
6,600,0.000000,0.294000,0.00000000,107.32720193,0.00000000,39.41548502,0.00000000,0.00000000,94.69756566,107.32720193,101.68074366,1745.79450000,27831.88363636,9891.18697000
6,601,0.000000,0.246000,0.00000000,107.32720193,0.00000000,15.45749531,0.00000000,0.00000000,94.69756566,107.32720193,101.68074366,1745.79450000,27831.88363616,9891.18697000
6,602,0.000000,0.223000,0.00000000,107.32720193,0.00000000,3.97762525,0.00000000,0.00000000,94.69756566,107.32720193,101.68074366,1745.79450000,27831.88363595,9891.18697000
6,603,0.000000,0.225000,0.00000000,107.03055516,0.00000000,5.27252158,0.00000000,0.00000000,94.42471622,107.03055516,101.39064978,1741.48339071,27827.57252646,9891.18697000
6,604,0.000000,0.238000,0.00000000,89.45509099,0.00000000,29.33660797,0.00000000,0.00000000,78.66539600,89.45509099,84.63532017,1492.48104146,27831.88363964,8431.55766724
6,605,0.000000,0.249000,0.00000000,107.32720193,0.00000000,16.95486967,0.00000000,0.00000000,94.69756566,107.32720193,101.68074366,1745.79450000,27831.88363944,9891.18697000
6,606,0.003000,0.241000,0.47994646,106.84725546,0.00000000,13.44181785,0.00000000,0.00000000,94.69756566,107.32720193,101.68074366,1745.79450000,27831.88363923,9891.18697000
6,607,0.176000,0.362000,28.15685927,79.17034265,0.00000000,101.51282971,0.00000000,0.00000000,94.69756566,107.32720193,101.68074366,1745.79450000,27831.88363903,9891.18697000
6,608,0.385000,0.422000,61.59312966,45.73407226,0.00000000,164.89658723,0.00000000,0.00000000,94.69756566,107.32720193,101.68074366,1745.79450000,27831.88363882,9891.18697000
6,609,0.559000,0.362000,89.43002463,0.46671735,0.00000000,180.21645501,0.00000000,0.00000000,78.66539600,89.89674197,84.63532017,1492.48104146,27578.57018008,9891.18697000
6,610,0.672000,0.289000,107.32720193,0.00000000,0.18080621,144.24706302,0.00000000,0.00000000,94.69756566,107.32720193,101.68074366,1745.79450000,27578.57017987,9891.18697000
6,611,0.736000,0.223000,107.32720193,0.00000000,10.41966413,111.30482717,0.00000000,0.00000000,94.69756566,107.32720193,101.68074366,1745.79450000,27578.57017967,9891.18697000
6,612,0.748000,0.169000,107.32720193,0.00000000,12.33944999,84.35208875,0.00000000,0.00000000,94.69756566,107.32720193,101.68074366,1745.79450000,27578.57017946,9891.18697000
6,613,0.711000,0.144000,107.32720193,0.00000000,6.42011025,71.87396912,0.00000000,0.00000000,94.69756566,107.32720193,101.68074366,1745.79450000,27578.57017926,9891.18697000
6,614,0.633000,0.159000,101.26870409,6.05849783,0.00000000,73.30234307,0.00000000,0.00000000,94.69756566,107.32720193,101.68074366,1745.79450000,27578.57017905,9891.18697000
6,615,0.513000,0.203000,82.07084550,25.25635643,0.00000000,76.06597503,0.00000000,0.00000000,94.69756566,107.32720193,101.68074366,1745.79450000,27578.57017885,9891.18697000
6,616,0.323000,0.272000,51.67423605,55.65296587,0.00000000,80.10897579,0.00000000,0.00000000,94.69756566,107.32720193,101.68074366,1745.79450000,27578.57017864,9891.18697000
6,617,0.128000,0.355000,20.47771584,86.84948609,0.00000000,90.33981277,0.00000000,0.00000000,94.69756566,107.32720193,101.68074366,1745.79450000,27578.57017844,9891.18697000
6,618,0.000000,0.435000,0.00000000,107.32720193,0.00000000,109.79207978,0.00000000,0.00000000,94.69756566,107.32720193,101.68074366,1745.79450000,27578.57017823,9891.18697000
6,619,0.000000,0.477000,0.00000000,107.32720193,0.00000000,130.75532077,0.00000000,0.00000000,94.69756566,107.32720193,101.68074366,1745.79450000,27578.57017803,9891.18697000
6,620,0.000000,0.430000,0.00000000,107.32720193,0.00000000,107.29645585,0.00000000,0.00000000,94.69756566,107.32720193,101.68074366,1745.79450000,27578.57017782,9891.18697000
6,621,0.000000,0.381000,0.00000000,107.32720193,0.00000000,82.83934136,0.00000000,0.00000000,94.69756566,107.32720193,101.68074366,1745.79450000,27578.57017762,9891.18697000
6,622,0.000000,0.364000,0.00000000,107.32720193,0.00000000,74.35422000,0.00000000,0.00000000,94.69756566,107.32720193,101.68074366,1745.79450000,27578.57017741,9891.18697000
6,623,0.000000,0.334000,0.00000000,107.32720193,0.00000000,59.38047644,0.00000000,0.00000000,94.69756566,107.32720193,101.68074366,1745.79450000,27578.57017721,9891.18697000
6,624,0.000000,0.294000,0.00000000,107.32720193,0.00000000,39.41548502,0.00000000,0.00000000,94.69756566,107.32720193,101.68074366,1745.79450000,27578.57017700,9891.18697000
6,625,0.000000,0.237000,0.00000000,106.89294156,0.00000000,11.39963261,0.00000000,0.00000000,94.69756566,106.89294156,101.68074366,1745.79450000,27831.88363944,8455.98321564
6,626,0.000000,0.199000,0.00000000,99.32583232,0.00000000,0.00000000,0.00000000,0.00000000,87.33807455,99.32583232,93.85612320,1629.51216357,27715.60130280,9891.18697000
6,627,0.000000,0.180000,0.00000000,89.84246139,0.00000000,0.00000000,0.00000000,0.00000000,78.61565456,89.84246139,84.58228949,1491.65873427,27461.46553687,9891.18697000
6,628,0.000000,0.177000,0.00000000,88.34508704,0.00000000,0.00000000,0.00000000,0.00000000,77.24348945,88.34508704,83.11939305,1468.97589828,27184.64693494,9891.18697000
6,629,0.000000,0.200000,0.00000000,99.82495710,0.00000000,0.00000000,0.00000000,0.00000000,87.79715901,99.82495710,94.34422239,1636.76584626,27075.61828100,9891.18697000
6,630,0.002000,0.194000,0.31996431,89.57677741,0.00000000,7.25343099,0.00000000,0.00000000,78.66539600,89.89674172,84.63531998,1492.48099468,26822.30477547,9891.18697000
6,631,0.156000,0.278000,24.95721617,82.36998575,0.00000000,56.38670462,0.00000000,0.00000000,94.69756566,107.32720193,101.68074366,1745.79450000,26822.30477526,9891.18697000
6,632,0.355000,0.357000,56.79366501,50.53353691,0.00000000,127.65401152,0.00000000,0.00000000,94.69756566,107.32720193,101.68074366,1745.79450000,26822.30477506,9891.18697000
6,633,0.515000,0.338000,82.39080981,24.93639212,0.00000000,143.76778539,0.00000000,0.00000000,94.69756566,107.32720193,101.68074366,1745.79450000,26822.30477485,9891.18697000
6,634,0.619000,0.310000,99.02895392,8.29824800,0.00000000,146.43043551,0.00000000,0.00000000,94.69756566,107.32720193,101.68074366,1745.79450000,26822.30477465,9891.18697000
6,635,0.650000,0.294000,103.98840073,2.74023107,0.00000000,144.00245587,0.00000000,0.00000000,94.69756566,106.72863180,101.68074366,1745.79450000,27171.46367448,7912.94957600
6,636,0.618000,0.289000,98.86897177,8.45823016,0.00000000,135.78883286,0.00000000,0.00000000,94.69756566,107.32720193,101.68074366,1745.79450000,27171.46367428,9891.18697000
6,637,0.584000,0.309000,93.42957850,13.89762343,0.00000000,140.33193530,0.00000000,0.00000000,94.69756566,107.32720193,101.68074366,1745.79450000,27171.46367407,9891.18697000
6,638,0.492000,0.349000,78.71122024,28.61598168,0.00000000,145.57856846,0.00000000,0.00000000,94.69756566,107.32720193,101.68074366,1745.79450000,27171.46367387,9891.18697000
6,639,0.363000,0.395000,58.07352225,49.25367967,0.00000000,147.90061061,0.00000000,0.00000000,94.69756566,107.32720193,101.68074366,1745.79450000,27171.46367366,9891.18697000
6,640,0.223000,0.435000,35.67602056,71.05261124,0.00000000,146.06667046,0.00000000,0.00000000,94.69756566,106.72863180,101.68074366,1745.79450000,27520.62257350,7912.94957600
6,641,0.084000,0.462000,13.43850102,93.35509980,0.00000000,137.24055111,0.00000000,0.00000000,94.69756566,106.79360082,101.68074366,1745.79450000,27831.88364026,8127.66817700
6,642,0.000000,0.425000,0.00000000,107.32720193,0.00000000,104.80083192,0.00000000,0.00000000,94.69756566,107.32720193,101.68074366,1745.79450000,27831.88364005,9891.18697000
6,643,0.000000,0.367000,0.00000000,107.32720193,0.00000000,75.85159436,0.00000000,0.00000000,94.69756566,107.32720193,101.68074366,1745.79450000,27831.88363985,9891.18697000
6,644,0.000000,0.343000,0.00000000,107.32720193,0.00000000,63.87259951,0.00000000,0.00000000,94.69756566,107.32720193,101.68074366,1745.79450000,27831.88363964,9891.18697000
6,645,0.000000,0.323000,0.00000000,107.32720193,0.00000000,53.89010380,0.00000000,0.00000000,94.69756566,107.32720193,101.68074366,1745.79450000,27831.88363944,9891.18697000
6,646,0.000000,0.297000,0.00000000,107.32720193,0.00000000,40.91285937,0.00000000,0.00000000,94.69756566,107.32720193,101.68074366,1745.79450000,27831.88363923,9891.18697000
6,647,0.000000,0.266000,0.00000000,107.32720193,0.00000000,25.43999102,0.00000000,0.00000000,94.69756566,107.32720193,101.68074366,1745.79450000,27831.88363903,9891.18697000
6,648,0.000000,0.223000,0.00000000,107.32720193,0.00000000,3.97762525,0.00000000,0.00000000,94.69756566,107.32720193,101.68074366,1745.79450000,27831.88363882,9891.18697000
6,649,0.000000,0.169000,0.00000000,84.35208875,0.00000000,0.00000000,0.00000000,0.00000000,74.10086767,84.35208875,79.76897244,1417.02619170,27831.88363944,8028.47700333
6,650,0.000000,0.119000,0.00000000,59.39584948,0.00000000,0.00000000,0.00000000,0.00000000,51.31432778,59.39584948,55.43551705,1030.29731830,27465.54535758,7912.94957600
6,651,0.000000,0.084000,0.00000000,41.92648198,0.00000000,0.00000000,0.00000000,0.00000000,35.44389876,41.92648198,38.40643697,740.63455165,26809.54430906,7912.94957600
6,652,0.000000,0.068000,0.00000000,33.94048542,0.00000000,0.00000000,0.00000000,0.00000000,28.22572172,33.94048542,30.63186896,601.53680992,26014.44551882,7912.94957600
6,653,0.000000,0.064000,0.00000000,31.94398627,0.00000000,0.00000000,0.00000000,0.00000000,26.42117747,31.94398627,28.68822696,566.76237449,25184.57229315,7912.94957600
6,654,0.001000,0.076000,0.15998215,37.93348370,0.00000000,0.00000000,0.00000000,0.00000000,31.97941079,38.09346585,34.67489961,673.87220295,24461.80889594,7912.94957600
6,655,0.138000,0.098000,22.07753739,21.40110218,0.00000000,27.51312681,0.00000000,0.00000000,36.84682300,43.47863956,39.91750131,767.66957627,23832.84287204,7912.94957600
6,656,0.336000,0.130000,53.75400407,52.97462773,0.00000000,11.91159439,0.00000000,0.00000000,94.69756566,106.72863180,101.68074366,1745.79450000,24182.00177188,7912.94957600
6,657,0.504000,0.089000,80.63100610,26.09762570,0.00000000,18.32448021,0.00000000,0.00000000,94.69756566,106.72863180,101.68074366,1745.79450000,24531.16067171,7912.94957600
6,658,0.640000,0.058000,102.38857918,4.34005262,0.00000000,24.60918494,0.00000000,0.00000000,94.69756566,106.72863180,101.68074366,1745.79450000,24880.31957155,7912.94957600
6,659,0.694000,0.049000,106.72863180,0.00000000,4.29898375,24.45711449,0.00000000,0.00000000,94.69756566,106.72863180,101.68074366,1745.79450000,25229.47847138,7912.94957600
6,660,0.703000,0.054000,106.72863180,0.00000000,5.73882314,26.95273842,0.00000000,0.00000000,94.69756566,106.72863180,101.68074366,1745.79450000,25578.63737122,7912.94957600
6,661,0.664000,0.082000,106.22815090,0.50048090,0.00000000,40.42775151,0.00000000,0.00000000,94.69756566,106.72863180,101.68074366,1745.79450000,25927.79627106,7912.94957600
6,662,0.593000,0.133000,94.86941789,12.45778403,0.00000000,53.92581244,0.00000000,0.00000000,94.69756566,107.32720193,101.68074366,1745.79450000,25927.79627085,9891.18697000
6,663,0.442000,0.201000,70.71211249,36.01651931,0.00000000,64.30756258,0.00000000,0.00000000,94.69756566,106.72863180,101.68074366,1745.79450000,26276.95517069,7912.94957600
6,664,0.277000,0.278000,44.31505693,62.41357488,0.00000000,76.34311550,0.00000000,0.00000000,94.69756566,106.72863180,101.68074366,1745.79450000,26626.11407052,7912.94957600
6,665,0.111000,0.344000,17.75801920,89.56918272,0.00000000,82.12974349,0.00000000,0.00000000,94.69756566,107.32720193,101.68074366,1745.79450000,26626.11407032,9891.18697000
6,666,0.000000,0.363000,0.00000000,106.72863180,0.00000000,74.45366534,0.00000000,0.00000000,94.69756566,106.72863180,101.68074366,1745.79450000,26975.27297015,7912.94957600
6,667,0.000000,0.327000,0.00000000,106.72863180,0.00000000,56.48517306,0.00000000,0.00000000,94.69756566,106.72863180,101.68074366,1745.79450000,27324.43186999,7912.94957600
6,668,0.000000,0.291000,0.00000000,106.72863180,0.00000000,38.51668079,0.00000000,0.00000000,94.69756566,106.72863180,101.68074366,1745.79450000,27673.59076983,7912.94957600
6,669,0.000000,0.253000,0.00000000,107.22127227,0.00000000,19.05729846,0.00000000,0.00000000,94.69756566,107.22127227,101.68074366,1745.79450000,27735.38182755,9541.09599022
6,670,0.000000,0.179000,0.00000000,89.34333661,0.00000000,0.00000000,0.00000000,0.00000000,78.70693759,89.34333661,84.67948724,1493.13741205,27831.88363944,7912.94957600
6,671,0.000000,0.068000,0.00000000,33.94048542,0.00000000,0.00000000,0.00000000,0.00000000,27.68470157,33.94048542,30.04914593,591.11109136,26677.20023059,9891.18697000
6,672,0.000000,0.008000,0.00000000,2.39428050,0.00000000,1.59871778,0.00000000,0.00000000,0.00000000,2.39428050,0.00000000,0.00000000,25280.56463043,7912.94957600
6,673,0.000000,0.003000,0.00000000,1.49737436,0.00000000,0.00000000,0.89690614,0.00000000,0.00000000,2.39428050,0.00000000,0.00000000,23883.92903027,7912.94957600
6,674,0.000000,0.000000,0.00000000,0.00000000,0.00000000,0.00000000,2.39428050,0.00000000,0.00000000,2.39428050,0.00000000,0.00000000,22487.29343010,7912.94957600
6,675,0.000000,0.000000,0.00000000,0.00000000,0.00000000,0.00000000,2.39428050,0.00000000,0.00000000,2.39428050,0.00000000,0.00000000,21090.65782994,7912.94957600
6,676,0.000000,0.000000,0.00000000,0.00000000,0.00000000,0.00000000,2.39428050,0.00000000,0.00000000,2.39428050,0.00000000,0.00000000,19694.02222977,7912.94957600
6,677,0.000000,0.000000,0.00000000,0.00000000,0.00000000,0.00000000,2.39428050,0.00000000,0.00000000,2.39428050,0.00000000,0.00000000,18297.38662961,7912.94957600
6,678,0.000000,0.000000,0.00000000,0.00000000,0.00000000,0.00000000,2.39428050,0.00000000,0.00000000,2.39428050,0.00000000,0.00000000,16900.75102945,7912.94957600
6,679,0.076000,0.000000,2.99285063,0.00000000,9.16579315,0.00000000,0.00000000,0.00000000,0.00000000,2.99285063,0.00000000,0.00000000,15154.95652924,9891.18697000
6,680,0.271000,0.000000,43.35516400,0.00000000,0.00000000,0.00000000,0.00000000,0.00000000,36.73521908,43.35516400,39.79729474,765.51891515,14523.83984422,7912.94957600
6,681,0.343000,0.001000,30.37356422,0.00000000,24.50031493,0.49912479,0.00000000,0.00000000,25.00174700,30.37356422,27.15938231,539.40882693,13666.61307098,7912.94957600
6,682,0.411000,0.003000,58.26858481,0.00000000,7.48408088,1.49737436,0.00000000,0.00000000,49.73928100,58.26858481,53.75120360,1002.98064984,12923.79922062,9891.18697000
6,683,0.442000,0.011000,57.67001469,0.00000000,13.04209781,5.49037264,0.00000000,0.00000000,49.73928100,57.67001469,53.75120360,1002.98064984,12530.14427029,7912.94957600
6,684,0.402000,0.031000,57.47050506,15.47286835,6.84232124,0.00000000,0.00000000,0.00000000,63.67817400,72.94337341,68.65710075,1244.73168631,12378.24035643,7912.94957600
6,685,0.333000,0.079000,53.27405760,36.62268411,0.00000000,2.80817394,0.00000000,0.00000000,78.66539600,89.89674172,84.63531998,1492.48099468,12124.92685091,9891.18697000
6,686,0.301000,0.170000,48.15462864,59.17257328,0.00000000,25.67864026,0.00000000,0.00000000,94.69756566,107.32720193,101.68074366,1745.79450000,12124.92685070,9891.18697000
6,687,0.196000,0.280000,31.35650237,75.37212943,0.00000000,64.38281052,0.00000000,0.00000000,94.69756566,106.72863180,101.68074366,1745.79450000,12474.08575054,7912.94957600
6,688,0.123000,0.381000,19.67780506,87.64939687,0.00000000,102.51714642,0.00000000,0.00000000,94.69756566,107.32720193,101.68074366,1745.79450000,12474.08575033,9891.18697000
6,689,0.038000,0.423000,6.07932189,100.64930991,0.00000000,110.48047436,0.00000000,0.00000000,94.69756566,106.72863180,101.68074366,1745.79450000,12823.24465017,7912.94957600
6,690,0.000000,0.385000,0.00000000,107.32720193,0.00000000,84.83584050,0.00000000,0.00000000,94.69756566,107.32720193,101.68074366,1745.79450000,12823.24464996,9891.18697000
6,691,0.000000,0.335000,0.00000000,107.32720193,0.00000000,59.87960122,0.00000000,0.00000000,94.69756566,107.32720193,101.68074366,1745.79450000,12823.24464976,9891.18697000
6,692,0.000000,0.317000,0.00000000,106.72863180,0.00000000,51.49392521,0.00000000,0.00000000,94.69756566,106.72863180,101.68074366,1745.79450000,13172.40354959,7912.94957600
6,693,0.000000,0.282000,0.00000000,107.10216952,0.00000000,33.65102000,0.00000000,0.00000000,94.69756566,107.10216952,101.68074366,1745.79450000,13303.66981964,9147.46872494
6,694,0.000000,0.231000,0.00000000,106.72863180,0.00000000,8.56919365,0.00000000,0.00000000,94.69756566,106.72863180,101.68074366,1745.79450000,13652.82871948,7912.94957600
6,695,0.000000,0.210000,0.00000000,104.81620496,0.00000000,0.00000000,0.00000000,0.00000000,92.38800358,104.81620496,99.22521427,1709.30267318,13616.33689245,9891.18697000
6,696,0.000000,0.207000,0.00000000,103.31883060,0.00000000,0.00000000,0.00000000,0.00000000,91.56130239,103.31883060,98.34626450,1696.24052743,13915.94181972,7912.94957600
7,1,0.000000,0.308000,0.00000000,106.72863180,0.00000000,47.00180214,0.00000000,0.00000000,94.69756566,106.72863180,101.68074366,1745.79450000,14265.10071956,7912.94957600
7,2,0.000000,0.306000,0.00000000,106.72863180,0.00000000,46.00355257,0.00000000,0.00000000,94.69756566,106.72863180,101.68074366,1745.79450000,14614.25961939,7912.94957600
7,3,0.000000,0.310000,0.00000000,106.72863180,0.00000000,48.00005171,0.00000000,0.00000000,94.69756566,106.72863180,101.68074366,1745.79450000,14963.41851923,7912.94957600
7,4,0.000000,0.325000,0.00000000,106.72863180,0.00000000,55.48692349,0.00000000,0.00000000,94.69756566,106.72863180,101.68074366,1745.79450000,15312.57741906,7912.94957600
7,5,0.000000,0.355000,0.00000000,106.72863180,0.00000000,70.46066706,0.00000000,0.00000000,94.69756566,106.72863180,101.68074366,1745.79450000,15661.73631890,7912.94957600
7,6,0.000000,0.367000,0.00000000,106.72863180,0.00000000,76.45016449,0.00000000,0.00000000,94.69756566,106.72863180,101.68074366,1745.79450000,16010.89521874,7912.94957600
7,7,0.119000,0.323000,0.00000000,107.32720193,19.03787644,53.89010380,0.00000000,0.00000000,94.69756566,107.32720193,101.68074366,1745.79450000,16010.89521853,9891.18697000
7,8,0.299000,0.534000,47.83466433,58.89396747,0.00000000,207.63866800,0.00000000,0.00000000,94.69756566,106.72863180,101.68074366,1745.79450000,16360.05411837,7912.94957600
7,9,0.457000,0.567000,73.11184482,33.61678698,0.00000000,249.38696641,0.00000000,0.00000000,94.69756566,106.72863180,101.68074366,1745.79450000,16709.21301820,7912.94957600
7,10,0.567000,0.467000,90.70988187,16.01874994,0.00000000,217.07252490,0.00000000,0.00000000,94.69756566,106.72863180,101.68074366,1745.79450000,17058.37191804,7912.94957600
7,11,0.628000,0.362000,100.46879332,6.25983848,0.00000000,174.42333388,0.00000000,0.00000000,94.69756566,106.72863180,101.68074366,1745.79450000,17407.53081787,7912.94957600
7,12,0.646000,0.284000,103.34847211,3.97872982,0.00000000,137.77270927,0.00000000,0.00000000,94.69756566,107.32720193,101.68074366,1745.79450000,17407.53081767,9891.18697000
7,13,0.613000,0.234000,98.06906099,8.65957081,0.00000000,108.13562901,0.00000000,0.00000000,94.69756566,106.72863180,101.68074366,1745.79450000,17756.68971751,7912.94957600
7,14,0.530000,0.210000,84.79054213,21.93808967,0.00000000,82.87811529,0.00000000,0.00000000,94.69756566,106.72863180,101.68074366,1745.79450000,18105.84861734,7912.94957600
7,15,0.398000,0.212000,63.67289768,43.05573412,0.00000000,62.75872041,0.00000000,0.00000000,94.69756566,106.72863180,101.68074366,1745.79450000,18455.00751718,7912.94957600
7,16,0.203000,0.241000,32.47637746,74.25225434,0.00000000,46.03681897,0.00000000,0.00000000,94.69756566,106.72863180,101.68074366,1745.79450000,18804.16641701,7912.94957600
7,17,0.064000,0.241000,10.23885792,97.08834401,0.00000000,23.20072930,0.00000000,0.00000000,94.69756566,107.32720193,101.68074366,1745.79450000,18804.16641681,9891.18697000
7,18,0.000000,0.262000,0.00000000,106.72863180,0.00000000,24.04206201,0.00000000,0.00000000,94.69756566,106.72863180,101.68074366,1745.79450000,19153.32531664,7912.94957600
7,19,0.000000,0.317000,0.00000000,106.72863180,0.00000000,51.49392521,0.00000000,0.00000000,94.69756566,106.72863180,101.68074366,1745.79450000,19502.48421648,7912.94957600
7,20,0.000000,0.343000,0.00000000,106.72863180,0.00000000,64.47116963,0.00000000,0.00000000,94.69756566,106.72863180,101.68074366,1745.79450000,19851.64311632,7912.94957600
7,21,0.000000,0.364000,0.00000000,106.72863180,0.00000000,74.95279013,0.00000000,0.00000000,94.69756566,106.72863180,101.68074366,1745.79450000,20200.80201615,7912.94957600
7,22,0.000000,0.398000,0.00000000,106.72863180,0.00000000,91.92303284,0.00000000,0.00000000,94.69756566,106.72863180,101.68074366,1745.79450000,20549.96091599,7912.94957600
7,23,0.000000,0.455000,0.00000000,106.72863180,0.00000000,120.37314561,0.00000000,0.00000000,94.69756566,106.72863180,101.68074366,1745.79450000,20899.11981582,7912.94957600
7,24,0.000000,0.527000,0.00000000,106.72863180,0.00000000,156.31013017,0.00000000,0.00000000,94.69756566,106.72863180,101.68074366,1745.79450000,21248.27871566,7912.94957600
7,25,0.000000,0.561000,0.00000000,106.72863180,0.00000000,173.28037288,0.00000000,0.00000000,94.69756566,106.72863180,101.68074366,1745.79450000,21597.43761550,7912.94957600
7,26,0.000000,0.491000,0.00000000,106.72863180,0.00000000,138.34163789,0.00000000,0.00000000,94.69756566,106.72863180,101.68074366,1745.79450000,21946.59651533,7912.94957600
7,27,0.000000,0.338000,0.00000000,106.72863180,0.00000000,61.97554571,0.00000000,0.00000000,94.69756566,106.72863180,101.68074366,1745.79450000,22295.75541517,7912.94957600
7,28,0.000000,0.332000,0.00000000,106.72863180,0.00000000,58.98079699,0.00000000,0.00000000,94.69756566,106.72863180,101.68074366,1745.79450000,22644.91431500,7912.94957600
7,29,0.000000,0.312000,0.00000000,106.72863180,0.00000000,48.99830128,0.00000000,0.00000000,94.69756566,106.72863180,101.68074366,1745.79450000,22994.07321484,7912.94957600
7,30,0.000000,0.294000,0.00000000,106.72863180,0.00000000,40.01405514,0.00000000,0.00000000,94.69756566,106.72863180,101.68074366,1745.79450000,23343.23211468,7912.94957600
7,31,0.030000,0.271000,4.79946465,101.92916715,0.00000000,33.33364972,0.00000000,0.00000000,94.69756566,106.72863180,101.68074366,1745.79450000,23692.39101451,7912.94957600
7,32,0.107000,0.272000,17.11809058,90.20911134,0.00000000,45.55283032,0.00000000,0.00000000,94.69756566,107.32720193,101.68074366,1745.79450000,23692.39101431,9891.18697000
7,33,0.204000,0.327000,32.63635961,74.09227219,0.00000000,89.12153268,0.00000000,0.00000000,94.69756566,106.72863180,101.68074366,1745.79450000,24041.54991414,7912.94957600
7,34,0.299000,0.344000,47.83466433,58.89396747,0.00000000,112.80495875,0.00000000,0.00000000,94.69756566,106.72863180,101.68074366,1745.79450000,24390.70881398,7912.94957600
7,35,0.365000,0.311000,58.39348656,48.33514524,0.00000000,106.89266306,0.00000000,0.00000000,94.69756566,106.72863180,101.68074366,1745.79450000,24739.86771382,7912.94957600
7,36,0.375000,0.274000,59.99330811,46.73532369,0.00000000,90.02486754,0.00000000,0.00000000,94.69756566,106.72863180,101.68074366,1745.79450000,25089.02661365,7912.94957600
7,37,0.359000,0.247000,57.43359363,49.89360829,0.00000000,73.39021373,0.00000000,0.00000000,94.69756566,107.32720193,101.68074366,1745.79450000,25089.02661345,9891.18697000
7,38,0.283000,0.223000,45.27494986,61.45368195,0.00000000,49.85114523,0.00000000,0.00000000,94.69756566,106.72863180,101.68074366,1745.79450000,25438.18551328,7912.94957600
7,39,0.187000,0.195000,29.91666298,76.81196882,0.00000000,20.51736435,0.00000000,0.00000000,94.69756566,106.72863180,101.68074366,1745.79450000,25787.34441312,7912.94957600
7,40,0.098000,0.159000,15.67825119,79.36084090,0.00000000,0.00000000,4.89786089,0.00000000,88.45072263,99.93695298,95.03909208,1647.09236264,26037.80117560,7912.94957600
7,41,0.025000,0.133000,3.99955387,66.38359647,0.00000000,0.00000000,4.32695290,0.00000000,65.29717035,74.71010325,70.38315035,1271.49499992,25912.66057535,7912.94957600
7,42,0.000000,0.153000,0.00000000,76.36609218,0.00000000,0.00000000,4.46796038,0.00000000,70.90903988,80.83405256,76.36609218,1364.26307577,25880.28805095,7912.94957600
7,43,0.000000,0.179000,0.00000000,89.34333661,0.00000000,0.00000000,4.76920034,0.00000000,83.09354754,94.11253695,89.34333661,1562.44726602,26046.09971681,7912.94957600
7,44,0.000000,0.205000,0.00000000,102.32058103,0.00000000,0.00000000,4.40805077,0.00000000,94.69756566,106.72863180,101.68074366,1745.79450000,26395.25861664,7912.94957600
7,45,0.000000,0.233000,0.00000000,107.32720193,0.00000000,8.96887310,0.00000000,0.00000000,94.69756566,107.32720193,101.68074366,1745.79450000,26395.25861644,9891.18697000
7,46,0.000000,0.251000,0.00000000,107.32720193,0.00000000,17.95311924,0.00000000,0.00000000,94.69756566,107.32720193,101.68074366,1745.79450000,26395.25861623,9891.18697000
7,47,0.000000,0.256000,0.00000000,106.72863180,0.00000000,21.04731329,0.00000000,0.00000000,94.69756566,106.72863180,101.68074366,1745.79450000,26744.41751607,7912.94957600
7,48,0.000000,0.254000,0.00000000,107.32720193,0.00000000,19.45049360,0.00000000,0.00000000,94.69756566,107.32720193,101.68074366,1745.79450000,26744.41751586,9891.18697000
7,49,0.000000,0.259000,0.00000000,107.32720193,0.00000000,21.94611752,0.00000000,0.00000000,94.69756566,107.32720193,101.68074366,1745.79450000,26744.41751566,9891.18697000
7,50,0.000000,0.261000,0.00000000,107.32720193,0.00000000,22.94436710,0.00000000,0.00000000,94.69756566,107.32720193,101.68074366,1745.79450000,26744.41751545,9891.18697000
7,51,0.000000,0.265000,0.00000000,107.32720193,0.00000000,24.94086624,0.00000000,0.00000000,94.69756566,107.32720193,101.68074366,1745.79450000,26744.41751525,9891.18697000
7,52,0.000000,0.239000,0.00000000,106.72863180,0.00000000,12.56219194,0.00000000,0.00000000,94.69756566,106.72863180,101.68074366,1745.79450000,27093.57641509,7912.94957600
7,53,0.000000,0.253000,0.00000000,107.32720193,0.00000000,18.95136881,0.00000000,0.00000000,94.69756566,107.32720193,101.68074366,1745.79450000,27093.57641488,9891.18697000
7,54,0.000000,0.284000,0.00000000,107.32720193,0.00000000,34.42423716,0.00000000,0.00000000,94.69756566,107.32720193,101.68074366,1745.79450000,27093.57641468,9891.18697000
7,55,0.080000,0.203000,12.79857240,93.93005940,0.00000000,7.39227206,0.00000000,0.00000000,94.69756566,106.72863180,101.68074366,1745.79450000,27442.73531451,7912.94957600
7,56,0.179000,0.223000,28.63680574,78.69039619,0.00000000,32.61443098,0.00000000,0.00000000,94.69756566,107.32720193,101.68074366,1745.79450000,27442.73531431,9891.18697000
7,57,0.270000,0.274000,43.19518184,64.13202009,0.00000000,72.62817115,0.00000000,0.00000000,94.69756566,107.32720193,101.68074366,1745.79450000,27442.73531410,9891.18697000
7,58,0.335000,0.261000,53.59402191,53.73318001,0.00000000,76.53838901,0.00000000,0.00000000,94.69756566,107.32720193,101.68074366,1745.79450000,27442.73531390,9891.18697000
7,59,0.373000,0.238000,59.67334380,47.53802421,0.00000000,71.25367474,0.00000000,0.00000000,94.69756566,107.21136801,101.68074366,1745.79450000,27510.30373985,9508.36302575
7,60,0.379000,0.227000,60.63323673,46.69396519,0.00000000,66.60736112,0.00000000,0.00000000,94.69756566,107.32720193,101.68074366,1745.79450000,27510.30373965,9891.18697000
7,61,0.331000,0.238000,52.95409329,54.37310863,0.00000000,64.41859032,0.00000000,0.00000000,94.69756566,107.32720193,101.68074366,1745.79450000,27510.30373944,9891.18697000
7,62,0.290000,0.256000,46.39482494,60.93237699,0.00000000,66.84356811,0.00000000,0.00000000,94.69756566,107.32720193,101.68074366,1745.79450000,27510.30373924,9891.18697000
7,63,0.222000,0.279000,35.51603840,71.81116352,0.00000000,67.44465164,0.00000000,0.00000000,94.69756566,107.32720193,101.68074366,1745.79450000,27510.30373903,9891.18697000
7,64,0.127000,0.300000,20.31773368,87.00946825,0.00000000,62.72796741,0.00000000,0.00000000,94.69756566,107.32720193,101.68074366,1745.79450000,27510.30373883,9891.18697000
7,65,0.038000,0.294000,6.07932189,101.24788004,0.00000000,45.49480691,0.00000000,0.00000000,94.69756566,107.32720193,101.68074366,1745.79450000,27510.30373862,9891.18697000
7,66,0.000000,0.315000,0.00000000,107.32720193,0.00000000,49.89710551,0.00000000,0.00000000,94.69756566,107.32720193,101.68074366,1745.79450000,27510.30373842,9891.18697000
7,67,0.000000,0.262000,0.00000000,107.32720193,0.00000000,23.44349188,0.00000000,0.00000000,94.69756566,107.32720193,101.68074366,1745.79450000,27510.30373821,9891.18697000
7,68,0.000000,0.200000,0.00000000,99.82495710,0.00000000,0.00000000,5.00596806,0.00000000,92.95209510,104.83092517,99.82495710,1718.21550139,27831.88363944,7912.94957600
7,69,0.000000,0.151000,0.00000000,75.36784261,0.00000000,0.00000000,4.44443338,0.00000000,69.97270346,79.81227599,75.36784261,1348.78478859,27784.03282786,7912.94957600
7,70,0.000000,0.123000,0.00000000,61.39234862,0.00000000,0.00000000,4.10718103,0.00000000,56.88471565,65.49952965,61.39234862,1126.90824192,27514.30546962,7912.94957600
7,71,0.000000,0.105000,0.00000000,52.40810248,0.00000000,0.00000000,3.88408496,0.00000000,48.48756443,56.29218744,52.40810248,980.13451152,27097.80438098,7912.94957600
7,72,0.000000,0.100000,0.00000000,49.91247855,0.00000000,0.00000000,3.81956014,0.00000000,46.16174267,53.73203869,49.91247855,937.68397030,26638.85275112,7912.94957600
7,73,0.000000,0.112000,0.00000000,55.90197598,0.00000000,0.00000000,3.97183163,0.00000000,51.75052563,59.87380761,55.90197598,1037.86258637,26280.07973732,7912.94957600
7,74,0.000000,0.130000,0.00000000,64.88622212,0.00000000,0.00000000,4.19331246,0.00000000,60.15192748,69.07953458,64.88622212,1183.57365909,26067.01779625,7912.94957600
7,75,0.000000,0.140000,0.00000000,69.87746997,0.00000000,0.00000000,4.31503490,0.00000000,64.82285314,74.19250487,69.87746997,1263.65420910,25934.03640518,7912.94957600
7,76,0.000000,0.133000,0.00000000,66.38359647,0.00000000,0.00000000,4.23022593,0.00000000,61.55216112,70.61382241,66.38359647,1207.85883788,25745.25964290,7912.94957600
7,77,0.000000,0.123000,0.00000000,61.39234862,0.00000000,0.00000000,4.10718103,0.00000000,56.88471565,65.49952965,61.39234862,1126.90824192,25475.53228466,7912.94957600
7,78,0.000000,0.107000,0.00000000,53.40635205,0.00000000,0.00000000,3.90989489,0.00000000,49.41789314,57.31624694,53.40635205,997.11472801,25076.01141250,7912.94957600
7,79,0.071000,0.069000,11.35873300,34.43961020,0.00000000,0.00000000,3.71318840,0.00000000,42.32753295,49.51153160,45.79834320,867.70256394,24547.07837628,7912.94957600
7,80,0.194000,0.076000,31.03653806,37.93348370,0.00000000,0.00000000,4.29364793,0.00000000,63.97168642,73.26366969,68.97002176,1249.58383591,24400.02661203,7912.94957600
7,81,0.306000,0.095000,48.95453942,47.41685462,0.00000000,0.00000000,4.92795606,0.00000000,89.70382679,101.29935010,96.37139404,1666.89181305,24670.28282492,7912.94957600
7,82,0.399000,0.113000,63.83287983,42.89575197,0.00000000,13.50534879,0.00000000,0.00000000,94.69756566,106.72863180,101.68074366,1745.79450000,25019.44172475,7912.94957600
7,83,0.459000,0.122000,73.43180913,33.29682267,0.00000000,27.59640116,0.00000000,0.00000000,94.69756566,106.72863180,101.68074366,1745.79450000,25368.60062459,7912.94957600
7,84,0.486000,0.127000,77.75132731,29.57587461,0.00000000,33.81297315,0.00000000,0.00000000,94.69756566,107.32720193,101.68074366,1745.79450000,25368.60062439,9891.18697000
7,85,0.465000,0.125000,74.39170206,32.33692974,0.00000000,30.05366845,0.00000000,0.00000000,94.69756566,106.72863180,101.68074366,1745.79450000,25717.75952422,7912.94957600
7,86,0.414000,0.132000,66.23261216,41.09458977,0.00000000,24.78988192,0.00000000,0.00000000,94.69756566,107.32720193,101.68074366,1745.79450000,25717.75952402,9891.18697000
7,87,0.329000,0.141000,52.63412898,54.69307294,0.00000000,15.68352182,0.00000000,0.00000000,94.69756566,107.32720193,101.68074366,1745.79450000,25717.75952381,9891.18697000
7,88,0.199000,0.139000,31.83644884,69.37834519,0.00000000,0.00000000,5.03736288,0.00000000,94.25931409,106.25215690,101.21479403,1738.86998366,26059.99390731,7912.94957600
7,89,0.067000,0.135000,10.71880438,67.38184605,0.00000000,0.00000000,4.50884088,0.00000000,72.53601785,82.60949131,78.10065043,1391.15814429,26054.51645144,7912.94957600
7,90,0.000000,0.147000,0.00000000,73.37134347,0.00000000,0.00000000,4.39737939,0.00000000,68.10003061,77.76872286,73.37134347,1317.82821423,25975.70906551,7912.94957600
7,91,0.000000,0.182000,0.00000000,90.84071096,0.00000000,0.00000000,4.80302430,0.00000000,84.50191148,95.64373527,90.84071096,1584.69987107,26163.77333641,7912.94957600
7,92,0.000000,0.218000,0.00000000,107.32720193,0.00000000,1.48200132,0.00000000,0.00000000,94.69756566,107.32720193,101.68074366,1745.79450000,26163.77333621,9891.18697000
7,93,0.000000,0.237000,0.00000000,107.32720193,0.00000000,10.96537224,0.00000000,0.00000000,94.69756566,107.32720193,101.68074366,1745.79450000,26163.77333600,9891.18697000
7,94,0.000000,0.241000,0.00000000,107.32720193,0.00000000,12.96187138,0.00000000,0.00000000,94.69756566,107.32720193,101.68074366,1745.79450000,26163.77333580,9891.18697000
7,95,0.000000,0.231000,0.00000000,107.32720193,0.00000000,7.97062353,0.00000000,0.00000000,94.69756566,107.32720193,101.68074366,1745.79450000,26163.77333559,9891.18697000
7,96,0.000000,0.215000,0.00000000,107.31182889,0.00000000,0.00000000,0.00000000,0.00000000,94.69756566,107.31182889,101.68074366,1745.79450000,26172.74076129,9840.38002439
7,97,0.000000,0.203000,0.00000000,101.32233146,0.00000000,0.00000000,5.03979202,0.00000000,94.36045904,106.36212348,101.32233146,1740.46810645,26516.57326757,7912.94957600
7,98,0.000000,0.192000,0.00000000,95.83195882,0.00000000,0.00000000,4.91577084,0.00000000,89.19645794,100.74772966,95.83195882,1658.87522125,26778.81288866,7912.94957600
7,99,0.000000,0.148000,0.00000000,73.87046826,0.00000000,0.00000000,4.40914288,0.00000000,68.56819883,78.27961114,73.87046826,1325.56735782,26707.74464631,7912.94957600
7,100,0.000000,0.123000,0.00000000,61.39234862,0.00000000,0.00000000,4.10718103,0.00000000,56.88471565,65.49952965,61.39234862,1126.90824192,26438.01728807,7912.94957600
7,101,0.000000,0.144000,0.00000000,71.87396912,0.00000000,0.00000000,4.36208889,0.00000000,66.69552598,76.23605801,71.87396912,1294.61078346,26335.99247136,7912.94957600
7,102,0.000000,0.140000,0.00000000,69.87746997,0.00000000,0.00000000,4.31503490,0.00000000,64.82285314,74.19250487,69.87746997,1263.65420910,26203.01108030,7912.94957600
7,103,0.083000,0.084000,13.27851886,41.92648198,0.00000000,0.00000000,3.95464971,0.00000000,51.09876609,59.15965055,55.20500085,1026.55868923,25832.93416936,7912.94957600
7,104,0.215000,0.072000,34.39616332,35.93698456,0.00000000,0.00000000,4.32577443,0.00000000,65.25026911,74.65892230,70.33314788,1270.71969015,25707.01825935,7912.94957600
7,105,0.342000,0.088000,54.71389700,43.92298113,0.00000000,0.00000000,4.97913073,0.00000000,91.83464068,103.61600885,98.63687812,1700.55936069,26010.94201988,7912.94957600
7,106,0.443000,0.091000,70.87209465,36.45510728,0.00000000,8.96524821,0.00000000,0.00000000,94.69756566,107.32720193,101.68074366,1745.79450000,26010.94201968,9891.18697000
7,107,0.502000,0.087000,80.31104179,27.01616013,0.00000000,16.40769621,0.00000000,0.00000000,94.69756566,107.32720193,101.68074366,1745.79450000,26010.94201947,9891.18697000
7,108,0.520000,0.087000,83.19072058,24.13648134,0.00000000,19.28737500,0.00000000,0.00000000,94.69756566,107.32720193,101.68074366,1745.79450000,26010.94201927,9891.18697000
7,109,0.489000,0.088000,78.23127378,29.09592815,0.00000000,14.82705298,0.00000000,0.00000000,94.69756566,107.32720193,101.68074366,1745.79450000,26010.94201906,9891.18697000
7,110,0.389000,0.089000,62.23305828,44.42210591,0.00000000,0.00000000,0.07346761,0.00000000,94.69756566,106.72863180,101.68074366,1745.79450000,26360.10091890,7912.94957600
7,111,0.263000,0.086000,42.07530676,42.92473155,0.00000000,0.00000000,4.67109025,0.00000000,79.00843372,89.67112856,85.00003831,1497.90114819,26461.36646693,7912.94957600
7,112,0.143000,0.076000,22.87744816,37.93348370,0.00000000,0.00000000,4.09284786,0.00000000,56.34101774,64.90377972,60.81093186,1117.47852925,26182.20939601,7912.94957600
7,113,0.038000,0.071000,6.07932189,35.43785977,0.00000000,0.00000000,1.96145790,0.00000000,36.84682300,43.47863956,39.91750131,767.66957627,25553.24337211,7912.94957600
7,114,0.000000,0.067000,0.00000000,33.44136063,0.00000000,0.00000000,3.38502028,0.00000000,30.83415067,36.82638091,33.44136063,651.80248977,24808.41026172,7912.94957600
7,115,0.000000,0.064000,0.00000000,31.94398627,0.00000000,0.00000000,3.34429935,0.00000000,29.44393668,35.28828562,31.94398627,625.01239784,24036.78705940,7912.94957600
7,116,0.000000,0.059000,0.00000000,29.44836235,0.00000000,0.00000000,3.27643111,0.00000000,27.12691337,32.72479346,29.44836235,580.36224461,23220.51370384,7912.94957600
7,117,0.000000,0.058000,0.00000000,28.94923756,0.00000000,0.00000000,3.26285747,0.00000000,26.66350870,32.21209503,28.94923756,571.43221396,22395.31031764,7912.94957600
7,118,0.000000,0.085000,0.00000000,42.42560677,0.00000000,0.00000000,3.62598567,0.00000000,39.18427738,46.05159244,42.42560677,810.33234665,21809.00706412,7912.94957600
7,119,0.000000,0.097000,0.00000000,48.41510420,0.00000000,0.00000000,3.78084524,0.00000000,44.76624961,52.19594944,48.41510420,912.21364557,21324.58510952,7912.94957600
7,120,0.000000,0.101000,0.00000000,50.41160334,0.00000000,0.00000000,3.83246510,0.00000000,46.62690702,54.24406844,50.41160334,946.17407854,20874.12358791,7912.94957600
7,121,0.000000,0.105000,0.00000000,52.40810248,0.00000000,0.00000000,3.88408496,0.00000000,48.48756443,56.29218744,52.40810248,980.13451152,20457.62249926,7912.94957600
7,122,0.000000,0.119000,0.00000000,59.39584948,0.00000000,0.00000000,4.05796307,0.00000000,55.01773746,63.45381254,59.39584948,1094.52800354,20155.51490264,7912.94957600
7,123,0.000000,0.105000,0.00000000,52.40810248,0.00000000,0.00000000,3.88408496,0.00000000,48.48756443,56.29218744,52.40810248,980.13451152,19739.01381399,7912.94957600
7,124,0.000000,0.097000,0.00000000,48.41510420,0.00000000,0.00000000,3.78084524,0.00000000,44.76624961,52.19594944,48.41510420,912.21364557,19254.59185940,7912.94957600
7,125,0.000000,0.152000,0.00000000,75.86696740,0.00000000,0.00000000,4.45619688,0.00000000,70.44087167,80.32316428,75.86696740,1356.52393218,19214.48019141,7912.94957600
7,126,0.000000,0.219000,0.00000000,107.32720193,0.00000000,1.98112610,0.00000000,0.00000000,94.69756566,107.32720193,101.68074366,1745.79450000,19214.48019121,9891.18697000
7,127,0.030000,0.213000,4.79946465,102.52773728,0.00000000,3.78584204,0.00000000,0.00000000,94.69756566,107.32720193,101.68074366,1745.79450000,19214.48019100,9891.18697000
7,128,0.120000,0.243000,19.19785860,88.12934333,0.00000000,33.15797955,0.00000000,0.00000000,94.69756566,107.32720193,101.68074366,1745.79450000,19214.48019080,9891.18697000
7,129,0.233000,0.375000,37.27584211,70.05135982,0.00000000,117.12043475,0.00000000,0.00000000,94.69756566,107.32720193,101.68074366,1745.79450000,19214.48019059,9891.18697000
7,130,0.323000,0.424000,51.67423605,55.65296587,0.00000000,155.97594319,0.00000000,0.00000000,94.69756566,107.32720193,101.68074366,1745.79450000,19214.48019039,9891.18697000
7,131,0.371000,0.398000,59.35337949,47.97382243,0.00000000,150.67784220,0.00000000,0.00000000,94.69756566,107.32720193,101.68074366,1745.79450000,19214.48019018,9891.18697000
7,132,0.393000,0.355000,62.87298690,44.45421502,0.00000000,132.73508384,0.00000000,0.00000000,94.69756566,107.32720193,101.68074366,1745.79450000,19214.48018998,9891.18697000
7,133,0.391000,0.325000,62.55302259,44.17560921,0.00000000,118.03994609,0.00000000,0.00000000,94.69756566,106.72863180,101.68074366,1745.79450000,19563.63908981,7912.94957600
7,134,0.361000,0.312000,57.75355794,48.97507386,0.00000000,106.75185922,0.00000000,0.00000000,94.69756566,106.72863180,101.68074366,1745.79450000,19912.79798965,7912.94957600
7,135,0.290000,0.294000,46.39482494,60.93237699,0.00000000,85.81030996,0.00000000,0.00000000,94.69756566,107.32720193,101.68074366,1745.79450000,19912.79798944,9891.18697000
7,136,0.185000,0.264000,29.59669867,77.73050326,0.00000000,54.03844012,0.00000000,0.00000000,94.69756566,107.32720193,101.68074366,1745.79450000,19912.79798924,9891.18697000
7,137,0.068000,0.235000,10.87878654,95.84984526,0.00000000,21.44447933,0.00000000,0.00000000,94.69756566,106.72863180,101.68074366,1745.79450000,20261.95688907,7912.94957600
7,138,0.000000,0.284000,0.00000000,106.72863180,0.00000000,35.02280729,0.00000000,0.00000000,94.69756566,106.72863180,101.68074366,1745.79450000,20611.11578891,7912.94957600
7,139,0.000000,0.358000,0.00000000,107.32720193,0.00000000,71.35947129,0.00000000,0.00000000,94.69756566,107.32720193,101.68074366,1745.79450000,20611.11578871,9891.18697000
7,140,0.000000,0.413000,0.00000000,106.72863180,0.00000000,99.40990462,0.00000000,0.00000000,94.69756566,106.72863180,101.68074366,1745.79450000,20960.27468854,7912.94957600
7,141,0.000000,0.448000,0.00000000,106.72863180,0.00000000,116.87927211,0.00000000,0.00000000,94.69756566,106.72863180,101.68074366,1745.79450000,21309.43358838,7912.94957600
7,142,0.000000,0.422000,0.00000000,107.32720193,0.00000000,103.30345756,0.00000000,0.00000000,94.69756566,107.32720193,101.68074366,1745.79450000,21309.43358817,9891.18697000
7,143,0.000000,0.386000,0.00000000,107.32720193,0.00000000,85.33496529,0.00000000,0.00000000,94.69756566,107.32720193,101.68074366,1745.79450000,21309.43358797,9891.18697000
7,144,0.000000,0.352000,0.00000000,107.32720193,0.00000000,68.36472258,0.00000000,0.00000000,94.69756566,107.32720193,101.68074366,1745.79450000,21309.43358776,9891.18697000
7,145,0.000000,0.320000,0.00000000,107.32720193,0.00000000,52.39272944,0.00000000,0.00000000,94.69756566,107.32720193,101.68074366,1745.79450000,21309.43358756,9891.18697000
7,146,0.000000,0.303000,0.00000000,107.32720193,0.00000000,43.90760809,0.00000000,0.00000000,94.69756566,107.32720193,101.68074366,1745.79450000,21309.43358735,9891.18697000
7,147,0.000000,0.300000,0.00000000,106.72863180,0.00000000,43.00880386,0.00000000,0.00000000,94.69756566,106.72863180,101.68074366,1745.79450000,21658.59248719,7912.94957600
7,148,0.000000,0.314000,0.00000000,107.32720193,0.00000000,49.39798073,0.00000000,0.00000000,94.69756566,107.32720193,101.68074366,1745.79450000,21658.59248698,9891.18697000
7,149,0.000000,0.338000,0.00000000,107.32720193,0.00000000,61.37697558,0.00000000,0.00000000,94.69756566,107.32720193,101.68074366,1745.79450000,21658.59248678,9891.18697000
7,150,0.000000,0.352000,0.00000000,107.32720193,0.00000000,68.36472258,0.00000000,0.00000000,94.69756566,107.32720193,101.68074366,1745.79450000,21658.59248657,9891.18697000
7,151,0.106000,0.308000,16.95810843,90.36909350,0.00000000,63.36134044,0.00000000,0.00000000,94.69756566,107.32720193,101.68074366,1745.79450000,21658.59248637,9891.18697000
7,152,0.256000,0.457000,40.95543167,65.77320013,0.00000000,162.32682685,0.00000000,0.00000000,94.69756566,106.72863180,101.68074366,1745.79450000,22007.75138620,7912.94957600
7,153,0.385000,0.451000,61.59312966,45.13550214,0.00000000,179.96977613,0.00000000,0.00000000,94.69756566,106.72863180,101.68074366,1745.79450000,22356.91028604,7912.94957600
7,154,0.480000,0.364000,76.79143438,30.53576754,0.00000000,151.14565439,0.00000000,0.00000000,94.69756566,107.32720193,101.68074366,1745.79450000,22356.91028584,9891.18697000
7,155,0.530000,0.264000,84.79054213,22.53665979,0.00000000,109.23228358,0.00000000,0.00000000,94.69756566,107.32720193,101.68074366,1745.79450000,22356.91028563,9891.18697000
7,156,0.538000,0.183000,86.07039937,21.25680255,0.00000000,70.08303320,0.00000000,0.00000000,94.69756566,107.32720193,101.68074366,1745.79450000,22356.91028543,9891.18697000
7,157,0.514000,0.137000,82.23082765,25.09637427,0.00000000,43.28372134,0.00000000,0.00000000,94.69756566,107.32720193,101.68074366,1745.79450000,22356.91028522,9891.18697000
7,158,0.476000,0.117000,76.15150576,31.17569616,0.00000000,27.22190374,0.00000000,0.00000000,94.69756566,107.32720193,101.68074366,1745.79450000,22356.91028502,9891.18697000
7,159,0.410000,0.121000,65.59268354,41.73451839,0.00000000,18.65958066,0.00000000,0.00000000,94.69756566,107.32720193,101.68074366,1745.79450000,22356.91028481,9891.18697000
7,160,0.274000,0.143000,43.83511046,63.49209147,0.00000000,7.88275286,0.00000000,0.00000000,94.69756566,107.32720193,101.68074366,1745.79450000,22356.91028461,9891.18697000
7,161,0.106000,0.179000,16.95810843,89.34333661,0.00000000,0.00000000,0.42718677,0.00000000,94.69756566,106.72863180,101.68074366,1745.79450000,22706.06918444,7912.94957600
7,162,0.000000,0.269000,0.00000000,106.72863180,0.00000000,27.53593550,0.00000000,0.00000000,94.69756566,106.72863180,101.68074366,1745.79450000,23055.22808428,7912.94957600
7,163,0.000000,0.386000,0.00000000,106.72863180,0.00000000,85.93353541,0.00000000,0.00000000,94.69756566,106.72863180,101.68074366,1745.79450000,23404.38698411,7912.94957600
7,164,0.000000,0.459000,0.00000000,107.32720193,0.00000000,121.77107463,0.00000000,0.00000000,94.69756566,107.32720193,101.68074366,1745.79450000,23404.38698391,9891.18697000
7,165,0.000000,0.475000,0.00000000,107.32720193,0.00000000,129.75707120,0.00000000,0.00000000,94.69756566,107.32720193,101.68074366,1745.79450000,23404.38698370,9891.18697000
7,166,0.000000,0.466000,0.00000000,106.72863180,0.00000000,125.86351825,0.00000000,0.00000000,94.69756566,106.72863180,101.68074366,1745.79450000,23753.54588354,7912.94957600
7,167,0.000000,0.442000,0.00000000,107.32720193,0.00000000,113.28595327,0.00000000,0.00000000,94.69756566,107.32720193,101.68074366,1745.79450000,23753.54588333,9891.18697000
7,168,0.000000,0.413000,0.00000000,106.72863180,0.00000000,99.40990462,0.00000000,0.00000000,94.69756566,106.72863180,101.68074366,1745.79450000,24102.70478317,7912.94957600
7,169,0.000000,0.379000,0.00000000,107.32720193,0.00000000,81.84109179,0.00000000,0.00000000,94.69756566,107.32720193,101.68074366,1745.79450000,24102.70478297,9891.18697000
7,170,0.000000,0.350000,0.00000000,107.32720193,0.00000000,67.36647301,0.00000000,0.00000000,94.69756566,107.32720193,101.68074366,1745.79450000,24102.70478276,9891.18697000
7,171,0.000000,0.337000,0.00000000,106.72863180,0.00000000,61.47642092,0.00000000,0.00000000,94.69756566,106.72863180,101.68074366,1745.79450000,24451.86368260,7912.94957600
7,172,0.000000,0.326000,0.00000000,107.32720193,0.00000000,55.38747815,0.00000000,0.00000000,94.69756566,107.32720193,101.68074366,1745.79450000,24451.86368239,9891.18697000
7,173,0.000000,0.317000,0.00000000,106.72863180,0.00000000,51.49392521,0.00000000,0.00000000,94.69756566,106.72863180,101.68074366,1745.79450000,24801.02258223,7912.94957600
7,174,0.000000,0.310000,0.00000000,107.32720193,0.00000000,47.40148159,0.00000000,0.00000000,94.69756566,107.32720193,101.68074366,1745.79450000,24801.02258202,9891.18697000
7,175,0.109000,0.256000,17.43805489,89.88914703,0.00000000,37.88679806,0.00000000,0.00000000,94.69756566,107.32720193,101.68074366,1745.79450000,24801.02258182,9891.18697000
7,176,0.290000,0.432000,46.39482494,60.93237699,0.00000000,154.68953036,0.00000000,0.00000000,94.69756566,107.32720193,101.68074366,1745.79450000,24801.02258161,9891.18697000
7,177,0.447000,0.450000,71.51202327,35.21660853,0.00000000,189.38954495,0.00000000,0.00000000,94.69756566,106.72863180,101.68074366,1745.79450000,25150.18148145,7912.94957600
7,178,0.561000,0.396000,89.74998894,17.57721299,0.00000000,180.07620208,0.00000000,0.00000000,94.69756566,107.32720193,101.68074366,1745.79450000,25150.18148124,9891.18697000
7,179,0.629000,0.337000,100.62877547,6.69842645,0.00000000,161.50662627,0.00000000,0.00000000,94.69756566,107.32720193,101.68074366,1745.79450000,25150.18148104,9891.18697000
7,180,0.648000,0.295000,103.66843642,3.65876551,0.00000000,143.58304622,0.00000000,0.00000000,94.69756566,107.32720193,101.68074366,1745.79450000,25150.18148083,9891.18697000
7,181,0.620000,0.264000,99.18893608,8.13826585,0.00000000,123.63067753,0.00000000,0.00000000,94.69756566,107.32720193,101.68074366,1745.79450000,25150.18148063,9891.18697000
7,182,0.543000,0.251000,86.87031015,20.45689178,0.00000000,104.82342939,0.00000000,0.00000000,94.69756566,107.32720193,101.68074366,1745.79450000,25150.18148042,9891.18697000
7,183,0.421000,0.260000,67.35248724,39.97471469,0.00000000,89.79772955,0.00000000,0.00000000,94.69756566,107.32720193,101.68074366,1745.79450000,25150.18148022,9891.18697000
7,184,0.259000,0.274000,41.43537814,65.89182379,0.00000000,70.86836744,0.00000000,0.00000000,94.69756566,107.32720193,101.68074366,1745.79450000,25150.18148001,9891.18697000
7,185,0.095000,0.266000,15.19830472,92.12889720,0.00000000,40.63829574,0.00000000,0.00000000,94.69756566,107.32720193,101.68074366,1745.79450000,25150.18147981,9891.18697000
7,186,0.000000,0.302000,0.00000000,107.32720193,0.00000000,43.40848330,0.00000000,0.00000000,94.69756566,107.32720193,101.68074366,1745.79450000,25150.18147960,9891.18697000
7,187,0.000000,0.342000,0.00000000,107.32720193,0.00000000,63.37347472,0.00000000,0.00000000,94.69756566,107.32720193,101.68074366,1745.79450000,25150.18147940,9891.18697000
7,188,0.000000,0.352000,0.00000000,107.32720193,0.00000000,68.36472258,0.00000000,0.00000000,94.69756566,107.32720193,101.68074366,1745.79450000,25150.18147919,9891.18697000
7,189,0.000000,0.341000,0.00000000,107.32720193,0.00000000,62.87434994,0.00000000,0.00000000,94.69756566,107.32720193,101.68074366,1745.79450000,25150.18147899,9891.18697000
7,190,0.000000,0.320000,0.00000000,107.32720193,0.00000000,52.39272944,0.00000000,0.00000000,94.69756566,107.32720193,101.68074366,1745.79450000,25150.18147878,9891.18697000
7,191,0.000000,0.295000,0.00000000,107.32720193,0.00000000,39.91460980,0.00000000,0.00000000,94.69756566,107.32720193,101.68074366,1745.79450000,25150.18147858,9891.18697000
7,192,0.000000,0.277000,0.00000000,107.32720193,0.00000000,30.93036366,0.00000000,0.00000000,94.69756566,107.32720193,101.68074366,1745.79450000,25150.18147837,9891.18697000
7,193,0.000000,0.271000,0.00000000,107.32720193,0.00000000,27.93561495,0.00000000,0.00000000,94.69756566,107.32720193,101.68074366,1745.79450000,25150.18147817,9891.18697000
7,194,0.000000,0.265000,0.00000000,107.32720193,0.00000000,24.94086624,0.00000000,0.00000000,94.69756566,107.32720193,101.68074366,1745.79450000,25150.18147796,9891.18697000
7,195,0.000000,0.268000,0.00000000,107.32720193,0.00000000,26.43824059,0.00000000,0.00000000,94.69756566,107.32720193,101.68074366,1745.79450000,25150.18147776,9891.18697000
7,196,0.000000,0.270000,0.00000000,107.32720193,0.00000000,27.43649017,0.00000000,0.00000000,94.69756566,107.32720193,101.68074366,1745.79450000,25150.18147755,9891.18697000
7,197,0.000000,0.266000,0.00000000,107.32720193,0.00000000,25.43999102,0.00000000,0.00000000,94.69756566,107.32720193,101.68074366,1745.79450000,25150.18147735,9891.18697000
7,198,0.000000,0.255000,0.00000000,107.32720193,0.00000000,19.94961838,0.00000000,0.00000000,94.69756566,107.32720193,101.68074366,1745.79450000,25150.18147714,9891.18697000
7,199,0.115000,0.229000,18.39794782,88.92925410,0.00000000,25.37032178,0.00000000,0.00000000,94.69756566,107.32720193,101.68074366,1745.79450000,25150.18147694,9891.18697000
7,200,0.296000,0.382000,47.35471787,59.97248406,0.00000000,130.69318401,0.00000000,0.00000000,94.69756566,107.32720193,101.68074366,1745.79450000,25150.18147673,9891.18697000
7,201,0.452000,0.400000,72.31193404,35.01526788,0.00000000,164.63464633,0.00000000,0.00000000,94.69756566,107.32720193,101.68074366,1745.79450000,25150.18147653,9891.18697000
7,202,0.555000,0.367000,88.79009601,18.53710592,0.00000000,164.64169037,0.00000000,0.00000000,94.69756566,107.32720193,101.68074366,1745.79450000,25150.18147632,9891.18697000
7,203,0.619000,0.332000,99.02895392,8.29824800,0.00000000,157.41118079,0.00000000,0.00000000,94.69756566,107.32720193,101.68074366,1745.79450000,25150.18147612,9891.18697000
7,204,0.619000,0.309000,99.02895392,8.29824800,0.00000000,145.93131072,0.00000000,0.00000000,94.69756566,107.32720193,101.68074366,1745.79450000,25150.18147591,9891.18697000
7,205,0.585000,0.295000,93.58956065,13.73764127,0.00000000,133.50417046,0.00000000,0.00000000,94.69756566,107.32720193,101.68074366,1745.79450000,25150.18147571,9891.18697000
7,206,0.485000,0.295000,77.59134516,29.73585677,0.00000000,117.50595496,0.00000000,0.00000000,94.69756566,107.32720193,101.68074366,1745.79450000,25150.18147550,9891.18697000
7,207,0.386000,0.309000,61.75311182,45.57409011,0.00000000,108.65546862,0.00000000,0.00000000,94.69756566,107.32720193,101.68074366,1745.79450000,25150.18147530,9891.18697000
7,208,0.216000,0.320000,34.55614547,72.77105645,0.00000000,86.94887491,0.00000000,0.00000000,94.69756566,107.32720193,101.68074366,1745.79450000,25150.18147509,9891.18697000
7,209,0.073000,0.301000,11.67869731,95.64850461,0.00000000,54.58805583,0.00000000,0.00000000,94.69756566,107.32720193,101.68074366,1745.79450000,25150.18147489,9891.18697000
7,210,0.000000,0.310000,0.00000000,107.32720193,0.00000000,47.40148159,0.00000000,0.00000000,94.69756566,107.32720193,101.68074366,1745.79450000,25150.18147468,9891.18697000
7,211,0.000000,0.335000,0.00000000,107.32720193,0.00000000,59.87960122,0.00000000,0.00000000,94.69756566,107.32720193,101.68074366,1745.79450000,25150.18147448,9891.18697000
7,212,0.000000,0.341000,0.00000000,107.32720193,0.00000000,62.87434994,0.00000000,0.00000000,94.69756566,107.32720193,101.68074366,1745.79450000,25150.18147427,9891.18697000
7,213,0.000000,0.341000,0.00000000,107.32720193,0.00000000,62.87434994,0.00000000,0.00000000,94.69756566,107.32720193,101.68074366,1745.79450000,25150.18147407,9891.18697000
7,214,0.000000,0.334000,0.00000000,107.32720193,0.00000000,59.38047644,0.00000000,0.00000000,94.69756566,107.32720193,101.68074366,1745.79450000,25150.18147386,9891.18697000
7,215,0.000000,0.374000,0.00000000,107.32720193,0.00000000,79.34546786,0.00000000,0.00000000,94.69756566,107.32720193,101.68074366,1745.79450000,25150.18147366,9891.18697000
7,216,0.000000,0.343000,0.00000000,107.32720193,0.00000000,63.87259951,0.00000000,0.00000000,94.69756566,107.32720193,101.68074366,1745.79450000,25150.18147345,9891.18697000
7,217,0.000000,0.257000,0.00000000,107.32720193,0.00000000,20.94786795,0.00000000,0.00000000,94.69756566,107.32720193,101.68074366,1745.79450000,25150.18147325,9891.18697000
7,218,0.000000,0.206000,0.00000000,102.81970582,0.00000000,0.00000000,3.90892598,0.00000000,94.69756566,106.72863180,101.68074366,1745.79450000,25499.34037308,7912.94957600
7,219,0.000000,0.187000,0.00000000,93.33633489,0.00000000,0.00000000,4.85939757,0.00000000,86.84918471,98.19573246,93.33633489,1621.78754616,25724.49231908,7912.94957600
7,220,0.000000,0.184000,0.00000000,91.83896054,0.00000000,0.00000000,4.82557361,0.00000000,85.44082077,96.66453415,91.83896054,1599.53494111,25927.39166002,7912.94957600
7,221,0.000000,0.193000,0.00000000,96.33108361,0.00000000,0.00000000,4.92704549,0.00000000,89.66591258,101.25812910,96.33108361,1666.29275627,26197.04881613,7912.94957600
7,222,0.000000,0.206000,0.00000000,102.81970582,0.00000000,0.00000000,3.90892598,0.00000000,94.69756566,106.72863180,101.68074366,1745.79450000,26546.20771596,7912.94957600
7,223,0.082000,0.191000,13.11853671,93.61009509,0.00000000,1.72273894,0.00000000,0.00000000,94.69756566,106.72863180,101.68074366,1745.79450000,26895.36661580,7912.94957600
7,224,0.221000,0.251000,35.35605625,71.97114568,0.00000000,53.30917549,0.00000000,0.00000000,94.69756566,107.32720193,101.68074366,1745.79450000,26895.36661559,9891.18697000
7,225,0.363000,0.323000,58.07352225,49.25367967,0.00000000,111.96362605,0.00000000,0.00000000,94.69756566,107.32720193,101.68074366,1745.79450000,26895.36661539,9891.18697000
7,226,0.449000,0.352000,71.83198758,35.49521435,0.00000000,140.19671016,0.00000000,0.00000000,94.69756566,107.32720193,101.68074366,1745.79450000,26895.36661518,9891.18697000
7,227,0.493000,0.370000,78.87120240,28.45599953,0.00000000,156.22017112,0.00000000,0.00000000,94.69756566,107.32720193,101.68074366,1745.79450000,26895.36661498,9891.18697000
7,228,0.493000,0.398000,78.87120240,28.45599953,0.00000000,170.19566511,0.00000000,0.00000000,94.69756566,107.32720193,101.68074366,1745.79450000,26895.36661477,9891.18697000
7,229,0.494000,0.388000,79.03118455,28.29601737,0.00000000,165.36439941,0.00000000,0.00000000,94.69756566,107.32720193,101.68074366,1745.79450000,26895.36661457,9891.18697000
7,230,0.446000,0.344000,71.35204111,35.97516081,0.00000000,135.72376541,0.00000000,0.00000000,94.69756566,107.32720193,101.68074366,1745.79450000,26895.36661436,9891.18697000
7,231,0.373000,0.333000,59.67334380,47.65385812,0.00000000,118.55469546,0.00000000,0.00000000,94.69756566,107.32720193,101.68074366,1745.79450000,26895.36661416,9891.18697000
7,232,0.200000,0.377000,31.99643099,75.33077093,0.00000000,112.83927321,0.00000000,0.00000000,94.69756566,107.32720193,101.68074366,1745.79450000,26895.36661395,9891.18697000
7,233,0.056000,0.402000,8.95900068,98.36820125,0.00000000,102.27996253,0.00000000,0.00000000,94.69756566,107.32720193,101.68074366,1745.79450000,26895.36661375,9891.18697000
7,234,0.000000,0.414000,0.00000000,107.32720193,0.00000000,99.31045928,0.00000000,0.00000000,94.69756566,107.32720193,101.68074366,1745.79450000,26895.36661354,9891.18697000
7,235,0.000000,0.434000,0.00000000,107.32720193,0.00000000,109.29295499,0.00000000,0.00000000,94.69756566,107.32720193,101.68074366,1745.79450000,26895.36661334,9891.18697000
7,236,0.000000,0.442000,0.00000000,107.32720193,0.00000000,113.28595327,0.00000000,0.00000000,94.69756566,107.32720193,101.68074366,1745.79450000,26895.36661313,9891.18697000
7,237,0.000000,0.442000,0.00000000,107.32720193,0.00000000,113.28595327,0.00000000,0.00000000,94.69756566,107.32720193,101.68074366,1745.79450000,26895.36661293,9891.18697000
7,238,0.000000,0.425000,0.00000000,107.32720193,0.00000000,104.80083192,0.00000000,0.00000000,94.69756566,107.32720193,101.68074366,1745.79450000,26895.36661272,9891.18697000
7,239,0.000000,0.394000,0.00000000,107.32720193,0.00000000,89.32796357,0.00000000,0.00000000,94.69756566,107.32720193,101.68074366,1745.79450000,26895.36661252,9891.18697000
7,240,0.000000,0.366000,0.00000000,107.32720193,0.00000000,75.35246958,0.00000000,0.00000000,94.69756566,107.32720193,101.68074366,1745.79450000,26895.36661231,9891.18697000
7,241,0.000000,0.361000,0.00000000,107.32720193,0.00000000,72.85684565,0.00000000,0.00000000,94.69756566,107.32720193,101.68074366,1745.79450000,26895.36661211,9891.18697000
7,242,0.000000,0.373000,0.00000000,107.32720193,0.00000000,78.84634307,0.00000000,0.00000000,94.69756566,107.32720193,101.68074366,1745.79450000,26895.36661190,9891.18697000
7,243,0.000000,0.352000,0.00000000,107.32720193,0.00000000,68.36472258,0.00000000,0.00000000,94.69756566,107.32720193,101.68074366,1745.79450000,26895.36661170,9891.18697000
7,244,0.000000,0.284000,0.00000000,107.32720193,0.00000000,34.42423716,0.00000000,0.00000000,94.69756566,107.32720193,101.68074366,1745.79450000,26895.36661149,9891.18697000
7,245,0.000000,0.227000,0.00000000,107.32720193,0.00000000,5.97412439,0.00000000,0.00000000,94.69756566,107.32720193,101.68074366,1745.79450000,26895.36661129,9891.18697000
7,246,0.000000,0.223000,0.00000000,107.32720193,0.00000000,3.97762525,0.00000000,0.00000000,94.69756566,107.32720193,101.68074366,1745.79450000,26895.36661108,9891.18697000
7,247,0.089000,0.239000,14.23841179,93.08879013,0.00000000,26.20203361,0.00000000,0.00000000,94.69756566,107.32720193,101.68074366,1745.79450000,26895.36661088,9891.18697000
7,248,0.273000,0.383000,43.67512831,63.65207362,0.00000000,127.51271923,0.00000000,0.00000000,94.69756566,107.32720193,101.68074366,1745.79450000,26895.36661067,9891.18697000
7,249,0.438000,0.463000,70.07218387,37.25501805,0.00000000,193.83975765,0.00000000,0.00000000,94.69756566,107.32720193,101.68074366,1745.79450000,26895.36661047,9891.18697000
7,250,0.562000,0.416000,89.90997109,17.41723084,0.00000000,190.21867994,0.00000000,0.00000000,94.69756566,107.32720193,101.68074366,1745.79450000,26895.36661026,9891.18697000
7,251,0.643000,0.339000,102.86852564,4.45867628,0.00000000,164.74462601,0.00000000,0.00000000,94.69756566,107.32720193,101.68074366,1745.79450000,26895.36661006,9891.18697000
7,252,0.671000,0.274000,107.32720193,0.00000000,0.02082406,136.76019123,0.00000000,0.00000000,94.69756566,107.32720193,101.68074366,1745.79450000,26895.36660985,9891.18697000
7,253,0.655000,0.234000,104.78831150,2.53889042,0.00000000,114.25630939,0.00000000,0.00000000,94.69756566,107.32720193,101.68074366,1745.79450000,26895.36660965,9891.18697000
7,254,0.582000,0.219000,93.10961419,14.21758774,0.00000000,95.09074029,0.00000000,0.00000000,94.69756566,107.32720193,101.68074366,1745.79450000,26895.36660944,9891.18697000
7,255,0.467000,0.218000,74.71166637,32.61553556,0.00000000,76.19366769,0.00000000,0.00000000,94.69756566,107.32720193,101.68074366,1745.79450000,26895.36660924,9891.18697000
7,256,0.303000,0.230000,48.47459295,58.85260897,0.00000000,55.94609170,0.00000000,0.00000000,94.69756566,107.32720193,101.68074366,1745.79450000,26895.36660903,9891.18697000
7,257,0.108000,0.255000,17.27807274,90.04912919,0.00000000,37.22769112,0.00000000,0.00000000,94.69756566,107.32720193,101.68074366,1745.79450000,26895.36660883,9891.18697000
7,258,0.000000,0.337000,0.00000000,107.32720193,0.00000000,60.87785080,0.00000000,0.00000000,94.69756566,107.32720193,101.68074366,1745.79450000,26895.36660862,9891.18697000
7,259,0.000000,0.425000,0.00000000,107.32720193,0.00000000,104.80083192,0.00000000,0.00000000,94.69756566,107.32720193,101.68074366,1745.79450000,26895.36660842,9891.18697000
7,260,0.000000,0.457000,0.00000000,107.32720193,0.00000000,120.77282506,0.00000000,0.00000000,94.69756566,107.32720193,101.68074366,1745.79450000,26895.36660821,9891.18697000
7,261,0.000000,0.455000,0.00000000,107.32720193,0.00000000,119.77457549,0.00000000,0.00000000,94.69756566,107.32720193,101.68074366,1745.79450000,26895.36660801,9891.18697000
7,262,0.000000,0.448000,0.00000000,106.91885217,0.00000000,116.68905174,0.00000000,0.00000000,94.69756566,106.91885217,101.68074366,1745.79450000,27133.56585002,8541.61619258
7,263,0.000000,0.426000,0.00000000,107.32720193,0.00000000,105.29995671,0.00000000,0.00000000,94.69756566,107.32720193,101.68074366,1745.79450000,27133.56584981,9891.18697000
7,264,0.000000,0.387000,0.00000000,107.32720193,0.00000000,85.83409007,0.00000000,0.00000000,94.69756566,107.32720193,101.68074366,1745.79450000,27133.56584961,9891.18697000
7,265,0.000000,0.352000,0.00000000,107.32720193,0.00000000,68.36472258,0.00000000,0.00000000,94.69756566,107.32720193,101.68074366,1745.79450000,27133.56584940,9891.18697000
7,266,0.000000,0.317000,0.00000000,107.32720193,0.00000000,50.89535508,0.00000000,0.00000000,94.69756566,107.32720193,101.68074366,1745.79450000,27133.56584920,9891.18697000
7,267,0.000000,0.279000,0.00000000,107.32720193,0.00000000,31.92861323,0.00000000,0.00000000,94.69756566,107.32720193,101.68074366,1745.79450000,27133.56584899,9891.18697000
7,268,0.000000,0.249000,0.00000000,107.32720193,0.00000000,16.95486967,0.00000000,0.00000000,94.69756566,107.32720193,101.68074366,1745.79450000,27133.56584879,9891.18697000
7,269,0.000000,0.231000,0.00000000,107.32720193,0.00000000,7.97062353,0.00000000,0.00000000,94.69756566,107.32720193,101.68074366,1745.79450000,27133.56584858,9891.18697000
7,270,0.000000,0.221000,0.00000000,107.32720193,0.00000000,2.97937567,0.00000000,0.00000000,94.69756566,107.32720193,101.68074366,1745.79450000,27133.56584838,9891.18697000
7,271,0.115000,0.169000,18.39794782,84.35208875,0.00000000,0.00000000,3.97859523,0.00000000,94.69756566,106.72863180,101.68074366,1745.79450000,27482.72474821,7912.94957600
7,272,0.301000,0.320000,48.15462864,59.17257328,0.00000000,100.54735809,0.00000000,0.00000000,94.69756566,107.32720193,101.68074366,1745.79450000,27482.72474801,9891.18697000
7,273,0.485000,0.420000,77.59134516,29.73585677,0.00000000,179.89655315,0.00000000,0.00000000,94.69756566,107.32720193,101.68074366,1745.79450000,27482.72474780,9891.18697000
7,274,0.624000,0.385000,99.82886470,7.49833723,0.00000000,184.66470520,0.00000000,0.00000000,94.69756566,107.32720193,101.68074366,1745.79450000,27482.72474760,9891.18697000
7,275,0.697000,0.332000,107.32720193,0.00000000,4.18036009,165.70942879,0.00000000,0.00000000,94.69756566,107.32720193,101.68074366,1745.79450000,27482.72474739,9891.18697000
7,276,0.721000,0.282000,107.32720193,0.00000000,8.01993180,140.75318952,0.00000000,0.00000000,94.69756566,107.32720193,101.68074366,1745.79450000,27482.72474719,9891.18697000
7,277,0.695000,0.251000,107.32720193,0.00000000,3.86039578,125.28032117,0.00000000,0.00000000,94.69756566,107.32720193,101.68074366,1745.79450000,27482.72474698,9891.18697000
7,278,0.622000,0.235000,99.50890039,7.81830154,0.00000000,109.47602306,0.00000000,0.00000000,94.69756566,107.32720193,101.68074366,1745.79450000,27482.72474678,9891.18697000
7,279,0.502000,0.234000,80.31104179,27.01616013,0.00000000,89.77903968,0.00000000,0.00000000,94.69756566,107.32720193,101.68074366,1745.79450000,27482.72474657,9891.18697000
7,280,0.331000,0.251000,52.95409329,54.37310863,0.00000000,70.90721253,0.00000000,0.00000000,94.69756566,107.32720193,101.68074366,1745.79450000,27482.72474637,9891.18697000
7,281,0.124000,0.294000,19.83778722,87.48941471,0.00000000,59.25327223,0.00000000,0.00000000,94.69756566,107.32720193,101.68074366,1745.79450000,27482.72474616,9891.18697000
7,282,0.000000,0.403000,0.00000000,107.32720193,0.00000000,93.82008664,0.00000000,0.00000000,94.69756566,107.32720193,101.68074366,1745.79450000,27482.72474596,9891.18697000
7,283,0.000000,0.473000,0.00000000,107.32720193,0.00000000,128.75882163,0.00000000,0.00000000,94.69756566,107.32720193,101.68074366,1745.79450000,27482.72474575,9891.18697000
7,284,0.000000,0.476000,0.00000000,107.32720193,0.00000000,130.25619598,0.00000000,0.00000000,94.69756566,107.32720193,101.68074366,1745.79450000,27482.72474555,9891.18697000
7,285,0.000000,0.450000,0.00000000,107.32720193,0.00000000,117.27895156,0.00000000,0.00000000,94.69756566,107.32720193,101.68074366,1745.79450000,27482.72474534,9891.18697000
7,286,0.000000,0.425000,0.00000000,107.32720193,0.00000000,104.80083192,0.00000000,0.00000000,94.69756566,107.32720193,101.68074366,1745.79450000,27482.72474514,9891.18697000
7,287,0.000000,0.377000,0.00000000,107.32720193,0.00000000,80.84284222,0.00000000,0.00000000,94.69756566,107.32720193,101.68074366,1745.79450000,27482.72474493,9891.18697000
7,288,0.000000,0.320000,0.00000000,107.32720193,0.00000000,52.39272944,0.00000000,0.00000000,94.69756566,107.32720193,101.68074366,1745.79450000,27482.72474473,9891.18697000
7,289,0.000000,0.302000,0.00000000,107.32720193,0.00000000,43.40848330,0.00000000,0.00000000,94.69756566,107.32720193,101.68074366,1745.79450000,27482.72474452,9891.18697000
7,290,0.000000,0.310000,0.00000000,107.32720193,0.00000000,47.40148159,0.00000000,0.00000000,94.69756566,107.32720193,101.68074366,1745.79450000,27482.72474432,9891.18697000
7,291,0.000000,0.320000,0.00000000,107.32720193,0.00000000,52.39272944,0.00000000,0.00000000,94.69756566,107.32720193,101.68074366,1745.79450000,27482.72474411,9891.18697000
7,292,0.000000,0.328000,0.00000000,107.32720193,0.00000000,56.38572773,0.00000000,0.00000000,94.69756566,107.32720193,101.68074366,1745.79450000,27482.72474391,9891.18697000
7,293,0.000000,0.328000,0.00000000,107.32720193,0.00000000,56.38572773,0.00000000,0.00000000,94.69756566,107.32720193,101.68074366,1745.79450000,27482.72474370,9891.18697000
7,294,0.000000,0.317000,0.00000000,107.32720193,0.00000000,50.89535508,0.00000000,0.00000000,94.69756566,107.32720193,101.68074366,1745.79450000,27482.72474350,9891.18697000
7,295,0.154000,0.238000,24.63725186,82.68995006,0.00000000,36.10174889,0.00000000,0.00000000,94.69756566,107.32720193,101.68074366,1745.79450000,27482.72474329,9891.18697000
7,296,0.362000,0.432000,57.91354010,49.41366183,0.00000000,166.20824552,0.00000000,0.00000000,94.69756566,107.32720193,101.68074366,1745.79450000,27482.72474309,9891.18697000
7,297,0.529000,0.461000,84.63055998,22.69664195,0.00000000,207.39988418,0.00000000,0.00000000,94.69756566,107.32720193,101.68074366,1745.79450000,27482.72474288,9891.18697000
7,298,0.642000,0.374000,102.70854349,4.61865844,0.00000000,182.05401135,0.00000000,0.00000000,94.69756566,107.32720193,101.68074366,1745.79450000,27482.72474268,9891.18697000
7,299,0.707000,0.284000,107.32720193,0.00000000,5.78018163,141.75143909,0.00000000,0.00000000,94.69756566,107.32720193,101.68074366,1745.79450000,27482.72474247,9891.18697000
7,300,0.726000,0.223000,107.32720193,0.00000000,8.81984258,111.30482717,0.00000000,0.00000000,94.69756566,107.32720193,101.68074366,1745.79450000,27482.72474227,9891.18697000
7,301,0.700000,0.180000,107.32720193,0.00000000,4.66030655,89.84246139,0.00000000,0.00000000,94.69756566,107.32720193,101.68074366,1745.79450000,27482.72474206,9891.18697000
7,302,0.627000,0.156000,100.30881116,7.01839076,0.00000000,70.84507578,0.00000000,0.00000000,94.69756566,107.32720193,101.68074366,1745.79450000,27482.72474186,9891.18697000
7,303,0.506000,0.162000,80.95097041,26.37623151,0.00000000,54.48198374,0.00000000,0.00000000,94.69756566,107.32720193,101.68074366,1745.79450000,27482.72474165,9891.18697000
7,304,0.334000,0.190000,53.43403976,53.89316217,0.00000000,40.94054708,0.00000000,0.00000000,94.69756566,107.32720193,101.68074366,1745.79450000,27482.72474145,9891.18697000
7,305,0.126000,0.251000,20.15775153,87.16945040,0.00000000,38.11087077,0.00000000,0.00000000,94.69756566,107.32720193,101.68074366,1745.79450000,27482.72474124,9891.18697000
7,306,0.000000,0.392000,0.00000000,107.32720193,0.00000000,88.32971400,0.00000000,0.00000000,94.69756566,107.32720193,101.68074366,1745.79450000,27482.72474104,9891.18697000
7,307,0.000000,0.465000,0.00000000,107.32720193,0.00000000,124.76582334,0.00000000,0.00000000,94.69756566,107.32720193,101.68074366,1745.79450000,27482.72474083,9891.18697000
7,308,0.000000,0.466000,0.00000000,107.32720193,0.00000000,125.26494813,0.00000000,0.00000000,94.69756566,107.32720193,101.68074366,1745.79450000,27482.72474063,9891.18697000
7,309,0.000000,0.442000,0.00000000,107.32720193,0.00000000,113.28595327,0.00000000,0.00000000,94.69756566,107.32720193,101.68074366,1745.79450000,27482.72474042,9891.18697000
7,310,0.000000,0.425000,0.00000000,107.32720193,0.00000000,104.80083192,0.00000000,0.00000000,94.69756566,107.32720193,101.68074366,1745.79450000,27482.72474022,9891.18697000
7,311,0.000000,0.407000,0.00000000,107.32720193,0.00000000,95.81658578,0.00000000,0.00000000,94.69756566,107.32720193,101.68074366,1745.79450000,27482.72474001,9891.18697000
7,312,0.000000,0.378000,0.00000000,107.32720193,0.00000000,81.34196700,0.00000000,0.00000000,94.69756566,107.32720193,101.68074366,1745.79450000,27482.72473981,9891.18697000
7,313,0.000000,0.310000,0.00000000,107.32720193,0.00000000,47.40148159,0.00000000,0.00000000,94.69756566,107.32720193,101.68074366,1745.79450000,27482.72473960,9891.18697000
7,314,0.000000,0.206000,0.00000000,102.81970582,0.00000000,0.00000000,3.90892598,0.00000000,94.69756566,106.72863180,101.68074366,1745.79450000,27831.88363944,7912.94957600
7,315,0.000000,0.132000,0.00000000,65.88447169,0.00000000,0.00000000,4.21792144,0.00000000,61.08541658,70.10239313,65.88447169,1199.76377829,27635.01181756,7912.94957600
7,316,0.000000,0.109000,0.00000000,54.40460162,0.00000000,0.00000000,3.93491816,0.00000000,50.35029199,58.33951978,54.40460162,1013.57740758,27251.95362498,7912.94957600
7,317,0.000000,0.118000,0.00000000,58.89672469,0.00000000,0.00000000,4.04565858,0.00000000,54.55099292,62.94238327,58.89672469,1086.43294394,26941.75096876,7912.94957600
7,318,0.000000,0.140000,0.00000000,69.87746997,0.00000000,0.00000000,4.31503490,0.00000000,64.82285314,74.19250487,69.87746997,1263.65420910,26808.76957769,7912.94957600
7,319,0.122000,0.121000,19.51782291,60.39409905,0.00000000,0.00000000,4.55152938,0.00000000,74.23495121,84.46345134,79.91192195,1419.24268513,26831.37666265,7912.94957600
7,320,0.310000,0.172000,49.59446804,57.73273389,0.00000000,28.11672922,0.00000000,0.00000000,94.69756566,107.32720193,101.68074366,1745.79450000,26831.37666245,9891.18697000
7,321,0.460000,0.144000,73.59179128,33.13684052,0.00000000,38.73712860,0.00000000,0.00000000,94.69756566,106.72863180,101.68074366,1745.79450000,27180.53556229,7912.94957600
7,322,0.599000,0.100000,95.82931082,11.17508418,0.00000000,38.73739437,0.00000000,0.00000000,94.69756566,107.00439500,101.68074366,1745.79450000,27368.83582134,8824.32997705
7,323,0.660000,0.074000,105.58822228,1.73897965,0.00000000,35.19625448,0.00000000,0.00000000,94.69756566,107.32720193,101.68074366,1745.79450000,27368.83582113,9891.18697000
7,324,0.683000,0.071000,107.32720193,0.00000000,1.94060992,35.43785977,0.00000000,0.00000000,94.69756566,107.32720193,101.68074366,1745.79450000,27368.83582093,9891.18697000
7,325,0.673000,0.089000,107.32720193,0.00000000,0.34078837,44.42210591,0.00000000,0.00000000,94.69756566,107.32720193,101.68074366,1745.79450000,27368.83582072,9891.18697000
7,326,0.601000,0.119000,96.14927513,11.17792679,0.00000000,48.21792269,0.00000000,0.00000000,94.69756566,107.32720193,101.68074366,1745.79450000,27368.83582052,9891.18697000
7,327,0.483000,0.147000,77.27138085,29.45725095,0.00000000,43.91409252,0.00000000,0.00000000,94.69756566,106.72863180,101.68074366,1745.79450000,27717.99472035,7912.94957600
7,328,0.317000,0.169000,50.71434312,56.61285880,0.00000000,27.73922995,0.00000000,0.00000000,94.69756566,107.32720193,101.68074366,1745.79450000,27717.99472015,9891.18697000
7,329,0.105000,0.203000,16.79812627,90.52907565,0.00000000,10.79325581,0.00000000,0.00000000,94.69756566,107.32720193,101.68074366,1745.79450000,27717.99471994,9891.18697000
7,330,0.000000,0.270000,0.00000000,107.32720193,0.00000000,27.43649017,0.00000000,0.00000000,94.69756566,107.32720193,101.68074366,1745.79450000,27717.99471974,9891.18697000
7,331,0.000000,0.324000,0.00000000,107.32720193,0.00000000,54.38922858,0.00000000,0.00000000,94.69756566,107.32720193,101.68074366,1745.79450000,27717.99471953,9891.18697000
7,332,0.000000,0.326000,0.00000000,107.32720193,0.00000000,55.38747815,0.00000000,0.00000000,94.69756566,107.32720193,101.68074366,1745.79450000,27717.99471933,9891.18697000
7,333,0.000000,0.304000,0.00000000,107.32720193,0.00000000,44.40673287,0.00000000,0.00000000,94.69756566,107.32720193,101.68074366,1745.79450000,27717.99471912,9891.18697000
7,334,0.000000,0.264000,0.00000000,107.32720193,0.00000000,24.44174145,0.00000000,0.00000000,94.69756566,107.32720193,101.68074366,1745.79450000,27717.99471892,9891.18697000
7,335,0.000000,0.216000,0.00000000,107.32720193,0.00000000,0.48375175,0.00000000,0.00000000,94.69756566,107.32720193,101.68074366,1745.79450000,27717.99471871,9891.18697000
7,336,0.000000,0.172000,0.00000000,85.84946311,0.00000000,0.00000000,4.69027777,0.00000000,79.80736503,90.53974088,85.84946311,1510.52452089,27831.88363944,7912.94957600
7,337,0.000000,0.129000,0.00000000,64.38709733,0.00000000,0.00000000,4.18100797,0.00000000,59.68518293,68.56810530,64.38709733,1175.47859950,27610.72663877,7912.94957600
7,338,0.000000,0.093000,0.00000000,46.41860505,0.00000000,0.00000000,3.72922538,0.00000000,42.90559220,50.14783044,46.41860505,878.25321260,27092.34425121,7912.94957600
7,339,0.000000,0.072000,0.00000000,35.93698456,0.00000000,0.00000000,3.45288852,0.00000000,33.15117399,39.38987308,35.93698456,696.45264300,26392.16129405,7912.94957600
7,340,0.000000,0.058000,0.00000000,28.94923756,0.00000000,0.00000000,3.26285747,0.00000000,26.66350870,32.21209503,28.94923756,571.43221396,25566.95790784,7912.94957600
7,341,0.000000,0.045000,0.00000000,22.46061535,0.00000000,0.00000000,3.07928767,0.00000000,20.65796491,25.53990301,22.46061535,450.66260844,24620.98491612,7912.94957600
7,342,0.000000,0.035000,0.00000000,17.46936749,0.00000000,0.00000000,2.93599674,0.00000000,16.04379843,20.40536424,17.46936749,356.39226549,23580.74158145,7912.94957600
7,343,0.116000,0.022000,18.55792998,10.98074528,0.00000000,0.00000000,3.27888716,0.00000000,27.21076299,32.81756242,29.53867526,581.97806713,22766.08404841,7912.94957600
7,344,0.304000,0.042000,48.63457511,20.96324099,0.00000000,0.00000000,4.30844395,0.00000000,64.56054388,73.90626005,69.59781610,1259.31805604,22628.76650428,7912.94957600
7,345,0.458000,0.074000,73.27182697,33.45680483,0.00000000,3.47842930,0.00000000,0.00000000,94.69756566,106.72863180,101.68074366,1745.79450000,22977.92540412,7912.94957600
7,346,0.569000,0.087000,91.02984618,15.69878563,0.00000000,27.72507072,0.00000000,0.00000000,94.69756566,106.72863180,101.68074366,1745.79450000,23327.08430396,7912.94957600
7,347,0.644000,0.070000,103.02850780,3.80951009,0.00000000,31.12922490,0.00000000,0.00000000,94.69756566,106.83801788,101.68074366,1745.79450000,23612.43593605,8274.46384083
7,348,0.650000,0.050000,103.98840073,3.33880120,0.00000000,21.61743808,0.00000000,0.00000000,94.69756566,107.32720193,101.68074366,1745.79450000,23612.43593584,9891.18697000
7,349,0.626000,0.046000,84.36746179,22.95974013,15.78136722,0.00000000,0.00000000,0.00000000,94.69756566,107.32720193,101.68074366,1745.79450000,23612.43593564,9891.18697000
7,350,0.552000,0.068000,88.31014954,18.41848226,0.00000000,15.52200316,0.00000000,0.00000000,94.69756566,106.72863180,101.68074366,1745.79450000,23961.59483548,7912.94957600
7,351,0.416000,0.105000,66.55257647,40.17605533,0.00000000,12.23204714,0.00000000,0.00000000,94.69756566,106.72863180,101.68074366,1745.79450000,24310.75373531,7912.94957600
7,352,0.227000,0.155000,36.31594918,70.41268262,0.00000000,6.95165913,0.00000000,0.00000000,94.69756566,106.72863180,101.68074366,1745.79450000,24659.91263515,7912.94957600
7,353,0.079000,0.208000,12.63859024,94.68861168,0.00000000,9.12934371,0.00000000,0.00000000,94.69756566,107.32720193,101.68074366,1745.79450000,24659.91263494,9891.18697000
7,354,0.000000,0.263000,0.00000000,106.72863180,0.00000000,24.54118679,0.00000000,0.00000000,94.69756566,106.72863180,101.68074366,1745.79450000,25009.07153478,7912.94957600
7,355,0.000000,0.279000,0.00000000,106.72863180,0.00000000,32.52718336,0.00000000,0.00000000,94.69756566,106.72863180,101.68074366,1745.79450000,25358.23043461,7912.94957600
7,356,0.000000,0.261000,0.00000000,107.32720193,0.00000000,22.94436710,0.00000000,0.00000000,94.69756566,107.32720193,101.68074366,1745.79450000,25358.23043441,9891.18697000
7,357,0.000000,0.254000,0.00000000,107.32720193,0.00000000,19.45049360,0.00000000,0.00000000,94.69756566,107.32720193,101.68074366,1745.79450000,25358.23043420,9891.18697000
7,358,0.000000,0.261000,0.00000000,106.72863180,0.00000000,23.54293722,0.00000000,0.00000000,94.69756566,106.72863180,101.68074366,1745.79450000,25707.38933404,7912.94957600
7,359,0.000000,0.251000,0.00000000,106.72863180,0.00000000,18.55168937,0.00000000,0.00000000,94.69756566,106.72863180,101.68074366,1745.79450000,26056.54823388,7912.94957600
7,360,0.000000,0.223000,0.00000000,107.32720193,0.00000000,3.97762525,0.00000000,0.00000000,94.69756566,107.32720193,101.68074366,1745.79450000,26056.54823367,9891.18697000
7,361,0.000000,0.199000,0.00000000,99.32583232,0.00000000,0.00000000,4.99469341,0.00000000,92.48264045,104.32052573,99.32583232,1710.79796637,26370.71059988,7912.94957600
7,362,0.000000,0.183000,0.00000000,91.33983575,0.00000000,0.00000000,4.81429896,0.00000000,84.97136613,96.15413471,91.33983575,1592.11740609,26566.19240581,7912.94957600
7,363,0.000000,0.176000,0.00000000,87.84596225,0.00000000,0.00000000,4.73537638,0.00000000,81.68518361,92.58133864,87.84596225,1540.19466096,26709.75146661,7912.94957600
7,364,0.000000,0.169000,0.00000000,84.35208875,0.00000000,0.00000000,4.65617635,0.00000000,78.39973126,89.00826510,84.35208875,1488.08937321,26801.20523965,7912.94957600
7,365,0.000000,0.152000,0.00000000,75.86696740,0.00000000,0.00000000,4.45619688,0.00000000,70.44087167,80.32316428,75.86696740,1356.52393218,26761.09357166,7912.94957600
7,366,0.000000,0.124000,0.00000000,61.89147340,0.00000000,0.00000000,4.11948552,0.00000000,57.35146020,66.01095892,61.89147340,1135.00330152,26499.46127302,7912.94957600
7,367,0.053000,0.094000,8.47905421,46.91772984,0.00000000,0.00000000,3.95937757,0.00000000,51.27810755,59.35616163,55.39678405,1029.66912680,26132.49479965,7912.94957600
7,368,0.157000,0.136000,25.11719833,67.88097083,0.00000000,0.00000000,4.85175880,0.00000000,86.53112101,97.84992796,92.99816916,1616.76203705,26352.62123654,7912.94957600
7,369,0.293000,0.174000,46.87477140,59.85386040,0.00000000,26.99385229,0.00000000,0.00000000,94.69756566,106.72863180,101.68074366,1745.79450000,26701.78013637,7912.94957600
7,370,0.422000,0.186000,67.51246940,39.81473253,0.00000000,53.02247758,0.00000000,0.00000000,94.69756566,107.32720193,101.68074366,1745.79450000,26701.78013617,9891.18697000
7,371,0.521000,0.192000,83.35070274,23.97649919,0.00000000,71.85545963,0.00000000,0.00000000,94.69756566,107.32720193,101.68074366,1745.79450000,26701.78013596,9891.18697000
7,372,0.565000,0.205000,90.38991756,16.93728437,0.00000000,85.38329666,0.00000000,0.00000000,94.69756566,107.32720193,101.68074366,1745.79450000,26701.78013576,9891.18697000
7,373,0.553000,0.197000,88.47013170,18.25850010,0.00000000,80.06908264,0.00000000,0.00000000,94.69756566,106.72863180,101.68074366,1745.79450000,27050.93903559,7912.94957600
7,374,0.478000,0.183000,76.47147007,30.25716173,0.00000000,61.08267402,0.00000000,0.00000000,94.69756566,106.72863180,101.68074366,1745.79450000,27400.09793543,7912.94957600
7,375,0.317000,0.179000,50.71434312,56.01428868,0.00000000,33.32904793,0.00000000,0.00000000,94.69756566,106.72863180,101.68074366,1745.79450000,27749.25683526,7912.94957600
7,376,0.149000,0.175000,23.83734109,83.48986084,0.00000000,3.85697663,0.00000000,0.00000000,94.69756566,107.32720193,101.68074366,1745.79450000,27749.25683506,9891.18697000
7,377,0.037000,0.156000,5.91933973,77.86346654,0.00000000,0.00000000,4.64275936,0.00000000,77.86575666,88.42556563,83.78280628,1479.26240454,27831.88363944,7912.94957600
7,378,0.000000,0.137000,0.00000000,68.38009562,0.00000000,0.00000000,4.27944390,0.00000000,63.41913931,72.65953951,68.38009562,1240.23907627,27675.48711554,7912.94957600
7,379,0.000000,0.139000,0.00000000,69.37834519,0.00000000,0.00000000,4.30327140,0.00000000,64.35468493,73.68161659,69.37834519,1255.91506551,27534.76658089,7912.94957600
7,380,0.000000,0.136000,0.00000000,67.88097083,0.00000000,0.00000000,4.26713941,0.00000000,62.95239476,72.14811024,67.88097083,1232.14401667,27370.27499739,7912.94957600
7,381,0.000000,0.129000,0.00000000,64.38709733,0.00000000,0.00000000,4.18100797,0.00000000,59.68518293,68.56810530,64.38709733,1175.47859950,27149.11799673,7912.94957600
7,382,0.000000,0.126000,0.00000000,62.88972298,0.00000000,0.00000000,4.14409450,0.00000000,58.28494929,67.03381748,62.88972298,1151.19342071,26903.67581727,7912.94957600
7,383,0.000000,0.123000,0.00000000,61.39234862,0.00000000,0.00000000,4.10718103,0.00000000,56.88471565,65.49952965,61.39234862,1126.90824192,26633.94845903,7912.94957600
7,384,0.000000,0.117000,0.00000000,58.39759991,0.00000000,0.00000000,4.03335408,0.00000000,54.08424837,62.43095399,58.39759991,1078.33788435,26315.65074322,7912.94957600
7,385,0.000000,0.112000,0.00000000,55.90197598,0.00000000,0.00000000,3.97183163,0.00000000,51.75052563,59.87380761,55.90197598,1037.86258637,25956.87772942,7912.94957600
7,386,0.000000,0.114000,0.00000000,56.90022555,0.00000000,0.00000000,3.99644061,0.00000000,52.68401473,60.89666616,56.90022555,1054.05270556,25614.29483482,7912.94957600
7,387,0.000000,0.127000,0.00000000,63.38884776,0.00000000,0.00000000,4.15639899,0.00000000,58.75169384,67.54524675,63.38884776,1159.28848031,25376.94771496,7912.94957600
7,388,0.000000,0.144000,0.00000000,71.87396912,0.00000000,0.00000000,4.36208889,0.00000000,66.69552598,76.23605801,71.87396912,1294.61078346,25274.92289825,7912.94957600
7,389,0.000000,0.160000,0.00000000,79.85996568,0.00000000,0.00000000,4.55030486,0.00000000,74.18621736,84.41027055,79.85996568,1418.43708090,25296.72437899,7912.94957600
7,390,0.000000,0.175000,0.00000000,87.34683747,0.00000000,0.00000000,4.72410173,0.00000000,81.21572896,92.07093920,87.34683747,1532.77712595,25432.86590477,7912.94957600
7,391,0.046000,0.135000,7.35917913,67.38184605,0.00000000,0.00000000,4.42966039,0.00000000,69.38476231,79.17068556,74.74102517,1339.06571570,25375.29602030,7912.94957600
7,392,0.129000,0.200000,20.63769799,86.09093381,0.00000000,13.73402329,0.00000000,0.00000000,94.69756566,106.72863180,101.68074366,1745.79450000,25724.45492014,7912.94957600
7,393,0.220000,0.248000,35.19607409,71.53255771,0.00000000,52.25038910,0.00000000,0.00000000,94.69756566,106.72863180,101.68074366,1745.79450000,26073.61381997,7912.94957600
7,394,0.326000,0.220000,52.15418252,54.57444928,0.00000000,55.23300353,0.00000000,0.00000000,94.69756566,106.72863180,101.68074366,1745.79450000,26422.77271981,7912.94957600
7,395,0.403000,0.170000,64.47280845,42.85439347,0.00000000,41.99682006,0.00000000,0.00000000,94.69756566,107.32720193,101.68074366,1745.79450000,26422.77271960,9891.18697000
7,396,0.448000,0.120000,71.67200542,35.65519650,0.00000000,24.23977776,0.00000000,0.00000000,94.69756566,107.32720193,101.68074366,1745.79450000,26422.77271940,9891.18697000
7,397,0.462000,0.084000,73.91175559,32.81687621,0.00000000,9.10960578,0.00000000,0.00000000,94.69756566,106.72863180,101.68074366,1745.79450000,26771.93161924,7912.94957600
7,398,0.433000,0.067000,69.27227310,33.44136063,0.00000000,0.00000000,4.01499807,0.00000000,94.69756566,106.72863180,101.68074366,1745.79450000,27121.09051907,7912.94957600
7,399,0.337000,0.074000,53.91398622,36.93523413,0.00000000,0.00000000,4.80321652,0.00000000,84.50991503,95.65243687,90.84922035,1584.82632978,27309.28124869,7912.94957600
7,400,0.198000,0.102000,31.67646668,50.91072812,0.00000000,0.00000000,4.61458088,0.00000000,76.74429906,87.20177569,82.58719481,1460.72393660,27373.36958513,7912.94957600
7,401,0.064000,0.152000,10.23885792,75.86696740,0.00000000,0.00000000,4.69606870,0.00000000,80.04848795,90.80189402,86.10582532,1514.33434101,27491.06832598,7912.94957600
7,402,0.000000,0.264000,0.00000000,107.32720193,0.00000000,24.44174145,0.00000000,0.00000000,94.69756566,107.32720193,101.68074366,1745.79450000,27491.06832577,9891.18697000
7,403,0.000000,0.347000,0.00000000,107.32720193,0.00000000,65.86909865,0.00000000,0.00000000,94.69756566,107.32720193,101.68074366,1745.79450000,27491.06832557,9891.18697000
7,404,0.000000,0.367000,0.00000000,106.97632553,0.00000000,76.20247075,0.00000000,0.00000000,94.69756566,106.97632553,101.68074366,1745.79450000,27695.74211448,8731.56210249
7,405,0.000000,0.362000,0.00000000,107.32720193,0.00000000,73.35597043,0.00000000,0.00000000,94.69756566,107.32720193,101.68074366,1745.79450000,27695.74211427,9891.18697000
7,406,0.000000,0.326000,0.00000000,107.32720193,0.00000000,55.38747815,0.00000000,0.00000000,94.69756566,107.32720193,101.68074366,1745.79450000,27695.74211407,9891.18697000
7,407,0.000000,0.269000,0.00000000,107.32720193,0.00000000,26.93736538,0.00000000,0.00000000,94.69756566,107.32720193,101.68074366,1745.79450000,27695.74211386,9891.18697000
7,408,0.000000,0.218000,0.00000000,107.32720193,0.00000000,1.48200132,0.00000000,0.00000000,94.69756566,107.32720193,101.68074366,1745.79450000,27695.74211366,9891.18697000
7,409,0.000000,0.175000,0.00000000,87.34683747,0.00000000,0.00000000,4.72410173,0.00000000,81.21572896,92.07093920,87.34683747,1532.77712595,27831.88363944,7912.94957600
7,410,0.000000,0.142000,0.00000000,70.87571954,0.00000000,0.00000000,4.33856189,0.00000000,65.75918956,75.21428144,70.87571954,1279.13249628,27714.38053555,7912.94957600
7,411,0.000000,0.119000,0.00000000,59.39584948,0.00000000,0.00000000,4.05796307,0.00000000,55.01773746,63.45381254,59.39584948,1094.52800354,27412.27293893,7912.94957600
7,412,0.000000,0.101000,0.00000000,50.41160334,0.00000000,0.00000000,3.83246510,0.00000000,46.62690702,54.24406844,50.41160334,946.17407854,26961.81141731,7912.94957600
7,413,0.000000,0.090000,0.00000000,44.92123070,0.00000000,0.00000000,3.69051049,0.00000000,41.51009915,48.61174119,44.92123070,852.78288786,26417.95870501,7912.94957600
7,414,0.000000,0.081000,0.00000000,40.42910763,0.00000000,0.00000000,3.57436581,0.00000000,37.32361997,44.00347344,40.42910763,776.37191367,25797.69501852,7912.94957600
7,415,0.132000,0.046000,21.11764446,22.95974013,0.00000000,0.00000000,3.66869269,0.00000000,40.72366830,47.74607728,44.07738459,838.42907294,25239.48849130,7912.94957600
7,416,0.331000,0.054000,52.95409329,26.95273842,0.00000000,0.00000000,4.55140941,0.00000000,74.23017668,84.45824113,79.90683171,1419.16375874,25262.01664987,7912.94957600
7,417,0.498000,0.036000,79.67111317,17.96849228,0.00000000,0.00000000,4.95660349,0.00000000,90.89665022,102.59620894,97.63960545,1685.73880843,25551.11985814,7912.94957600
7,418,0.614000,0.021000,98.22904315,8.49958865,0.00000000,1.98203184,0.00000000,0.00000000,94.69756566,106.72863180,101.68074366,1745.79450000,25900.27875798,7912.94957600
7,419,0.677000,0.014000,106.72863180,0.00000000,1.57928711,6.98774700,0.00000000,0.00000000,94.69756566,106.72863180,101.68074366,1745.79450000,26249.43765781,7912.94957600
7,420,0.679000,0.015000,107.32720193,0.00000000,1.30068130,7.48687178,0.00000000,0.00000000,94.69756566,107.32720193,101.68074366,1745.79450000,26249.43765761,9891.18697000
7,421,0.627000,0.021000,96.24818565,10.48162050,4.06062551,0.00000000,0.00000000,0.00000000,94.69756566,106.72980615,101.68074366,1745.79450000,26597.91153393,7916.83072904
7,422,0.551000,0.035000,88.15016739,17.46936749,0.00000000,0.00000000,1.10909692,0.00000000,94.69756566,106.72863180,101.68074366,1745.79450000,26947.07043377,7912.94957600
7,423,0.435000,0.054000,69.59223741,26.95273842,0.00000000,0.00000000,4.93187707,0.00000000,89.86709012,101.47685290,96.54497583,1669.47142641,27219.90626001,7912.94957600
7,424,0.277000,0.079000,44.31505693,39.43085806,0.00000000,0.00000000,4.64188989,0.00000000,77.83115342,88.38780487,83.74591498,1478.69038924,27301.96104908,7912.94957600
7,425,0.100000,0.122000,15.99821550,60.89322383,0.00000000,0.00000000,4.48034189,0.00000000,71.40180410,81.37178122,76.89143933,1372.40880828,27277.73425720,7912.94957600
7,426,0.000000,0.193000,0.00000000,96.33108361,0.00000000,0.00000000,4.92704549,0.00000000,89.66591258,101.25812910,96.33108361,1666.29275627,27547.39141330,7912.94957600
7,427,0.000000,0.195000,0.00000000,97.32933318,0.00000000,0.00000000,4.94959480,0.00000000,90.60482187,102.27892797,97.32933318,1681.12782630,27831.88363944,7912.94957600
7,428,0.000000,0.155000,0.00000000,77.36434176,0.00000000,0.00000000,4.49148737,0.00000000,71.84537630,81.85582913,77.36434176,1379.74136295,27814.98940222,7912.94957600
7,429,0.000000,0.125000,0.00000000,62.39059819,0.00000000,0.00000000,4.13179001,0.00000000,57.81820475,66.52238820,62.39059819,1143.09836111,27561.45216317,7912.94957600
7,430,0.000000,0.108000,0.00000000,53.90547684,0.00000000,0.00000000,3.76453785,0.00000000,49.73928100,57.67001469,53.75120360,1002.98064984,27167.79721285,7912.94957600
7,431,0.000000,0.100000,0.00000000,49.91247855,0.00000000,0.00000000,3.81956014,0.00000000,46.16174267,53.73203869,49.91247855,937.68397030,26708.84558298,7912.94957600
7,432,0.000000,0.081000,0.00000000,40.42910763,0.00000000,0.00000000,3.57436581,0.00000000,37.32361997,44.00347344,40.42910763,776.37191367,26088.58189649,7912.94957600
7,433,0.000000,0.045000,0.00000000,22.46061535,0.00000000,0.00000000,3.07928767,0.00000000,20.65796491,25.53990301,22.46061535,450.66260844,25142.60890477,7912.94957600
7,434,0.000000,0.016000,0.00000000,2.39428050,0.00000000,5.59171607,0.00000000,0.00000000,0.00000000,2.39428050,0.00000000,0.00000000,23745.97330460,7912.94957600
7,435,0.000000,0.011000,0.00000000,2.39428050,0.00000000,3.09609214,0.00000000,0.00000000,0.00000000,2.39428050,0.00000000,0.00000000,22349.33770444,7912.94957600
7,436,0.000000,0.023000,0.00000000,2.39428050,0.00000000,9.08558957,0.00000000,0.00000000,0.00000000,2.39428050,0.00000000,0.00000000,20952.70210427,7912.94957600
7,437,0.000000,0.041000,0.00000000,20.46411621,0.00000000,0.00000000,3.02197130,0.00000000,18.81229832,23.48608750,20.46411621,412.95447126,19969.02097537,7912.94957600
7,438,0.000000,0.045000,0.00000000,22.46061535,0.00000000,0.00000000,3.07928767,0.00000000,20.65796491,25.53990301,22.46061535,450.66260844,19023.04798365,7912.94957600
7,439,0.062000,0.024000,9.91889361,11.97899485,0.00000000,0.00000000,3.06313266,0.00000000,20.13775121,24.96102112,21.89788846,440.03431302,18066.44669650,7912.94957600
7,440,0.200000,0.007000,31.99643099,3.49387350,0.00000000,0.00000000,3.44074110,0.00000000,32.73646081,38.93104559,35.49030449,688.46092071,17358.27201705,7912.94957600
7,441,0.353000,0.004000,56.47370070,1.99649914,0.00000000,0.00000000,4.03514383,0.00000000,54.15213846,62.50534367,58.47019984,1079.51534708,17041.15176396,7912.94957600
7,442,0.519000,0.004000,83.03073843,1.99649914,0.00000000,0.00000000,4.67170465,0.00000000,79.03401613,89.69894221,85.02723757,1498.30535864,17142.82152244,7912.94957600
7,443,0.623000,0.006000,99.66888254,2.99474871,0.00000000,0.00000000,4.06500054,0.00000000,94.69756566,106.72863180,101.68074366,1745.79450000,17491.98042227,7912.94957600
7,444,0.653000,0.020000,104.46834719,2.26028461,0.00000000,7.72221110,0.00000000,0.00000000,94.69756566,106.72863180,101.68074366,1745.79450000,17841.13932211,7912.94957600
7,445,0.633000,0.055000,101.26870409,5.45992771,0.00000000,21.99193550,0.00000000,0.00000000,94.69756566,106.72863180,101.68074366,1745.79450000,18190.29822194,7912.94957600
7,446,0.566000,0.095000,90.54989971,16.17873209,0.00000000,31.23812253,0.00000000,0.00000000,94.69756566,106.72863180,101.68074366,1745.79450000,18539.45712178,7912.94957600
7,447,0.448000,0.128000,71.67200542,35.05662638,0.00000000,28.83134617,0.00000000,0.00000000,94.69756566,106.72863180,101.68074366,1745.79450000,18888.61602162,7912.94957600
7,448,0.289000,0.160000,46.23484279,60.49378902,0.00000000,19.36617667,0.00000000,0.00000000,94.69756566,106.72863180,101.68074366,1745.79450000,19237.77492145,7912.94957600
7,449,0.100000,0.217000,15.99821550,90.73041630,0.00000000,17.57966215,0.00000000,0.00000000,94.69756566,106.72863180,101.68074366,1745.79450000,19586.93382129,7912.94957600
7,450,0.000000,0.284000,0.00000000,106.72863180,0.00000000,35.02280729,0.00000000,0.00000000,94.69756566,106.72863180,101.68074366,1745.79450000,19936.09272112,7912.94957600
7,451,0.000000,0.297000,0.00000000,106.72863180,0.00000000,41.51142950,0.00000000,0.00000000,94.69756566,106.72863180,101.68074366,1745.79450000,20285.25162096,7912.94957600
7,452,0.000000,0.265000,0.00000000,106.72863180,0.00000000,25.53943636,0.00000000,0.00000000,94.69756566,106.72863180,101.68074366,1745.79450000,20634.41052080,7912.94957600
7,453,0.000000,0.229000,0.00000000,106.72863180,0.00000000,7.57094408,0.00000000,0.00000000,94.69756566,106.72863180,101.68074366,1745.79450000,20983.56942063,7912.94957600
7,454,0.000000,0.194000,0.00000000,96.83020839,0.00000000,0.00000000,4.93832014,0.00000000,90.13536723,101.76852853,96.83020839,1673.71029129,21260.64411175,7912.94957600
7,455,0.000000,0.163000,0.00000000,81.35734004,0.00000000,0.00000000,4.58559536,0.00000000,75.59072199,85.94293540,81.35734004,1441.65451167,21305.66302326,7912.94957600
7,456,0.000000,0.132000,0.00000000,65.88447169,0.00000000,0.00000000,4.21792144,0.00000000,61.08541658,70.10239313,65.88447169,1199.76377829,21108.79120138,7912.94957600
7,457,0.000000,0.111000,0.00000000,55.40285119,0.00000000,0.00000000,3.95952714,0.00000000,51.28378109,59.36237833,55.40285119,1029.76752677,20741.92312799,7912.94957600
7,458,0.000000,0.103000,0.00000000,51.40985291,0.00000000,0.00000000,3.85827503,0.00000000,47.55723573,55.26812794,51.40985291,963.15429503,20308.44182286,7912.94957600
7,459,0.000000,0.105000,0.00000000,52.40810248,0.00000000,0.00000000,3.88408496,0.00000000,48.48756443,56.29218744,52.40810248,980.13451152,19891.94073421,7912.94957600
7,460,0.000000,0.107000,0.00000000,53.40635205,0.00000000,0.00000000,3.90989489,0.00000000,49.41789314,57.31624694,53.40635205,997.11472801,19492.41986205,7912.94957600
7,461,0.000000,0.089000,0.00000000,44.42210591,0.00000000,0.00000000,3.67760553,0.00000000,41.04493479,48.09971144,44.42210591,844.29277962,18940.07704151,7912.94957600
7,462,0.000000,0.070000,0.00000000,34.93873499,0.00000000,0.00000000,3.42574122,0.00000000,32.22436466,38.36447621,34.93873499,678.59258171,18222.03402306,7912.94957600
7,463,0.058000,0.046000,9.27896499,22.95974013,0.00000000,0.00000000,3.35231419,0.00000000,29.71756382,35.59101932,32.23870512,630.28532442,17455.68374731,7912.94957600
7,464,0.179000,0.041000,28.63680574,20.46411621,0.00000000,0.00000000,3.79857719,0.00000000,45.40540435,52.89949913,49.10092195,923.87939950,16982.92754665,7912.94957600
7,465,0.295000,0.043000,47.19473571,21.46236578,0.00000000,0.00000000,4.28627295,0.00000000,63.67817400,72.94337444,68.65710149,1244.73187308,16831.02381957,7912.94957600
7,466,0.379000,0.040000,60.63323673,19.96499142,0.00000000,0.00000000,4.56770442,0.00000000,74.87869153,85.16593257,80.59822815,1429.88415671,16864.27237611,7912.94957600
7,467,0.446000,0.035000,71.35204111,17.46936749,0.00000000,0.00000000,4.75741059,0.00000000,82.60264521,93.57881920,88.82140861,1554.69085052,17022.32762647,7912.94957600
7,468,0.469000,0.028000,75.03163068,13.97549399,0.00000000,0.00000000,4.76160570,0.00000000,82.77732150,93.76873038,89.00712467,1557.45079244,17183.14281875,7912.94957600
7,469,0.478000,0.025000,76.47147007,12.47811964,0.00000000,0.00000000,4.76030606,0.00000000,82.72320667,93.70989577,88.94958971,1556.59576058,17343.10297917,7912.94957600
7,470,0.442000,0.024000,70.71211249,11.97899485,0.00000000,0.00000000,4.61702992,0.00000000,76.84176677,87.30813727,82.69110735,1462.33514506,17408.80252407,7912.94957600
7,471,0.345000,0.028000,55.19384346,13.97549399,0.00000000,0.00000000,4.29834545,0.00000000,64.15864021,73.46768291,69.16933746,1252.67431113,17264.84123504,7912.94957600
7,472,0.220000,0.037000,35.19607409,18.46761706,0.00000000,0.00000000,3.91654844,0.00000000,49.65772290,57.58023959,53.66369116,1001.49206395,16869.69769883,7912.94957600
7,473,0.079000,0.062000,12.63859024,30.94573670,0.00000000,0.00000000,3.65594459,0.00000000,40.26415828,47.24027154,43.58432694,830.04216671,16303.10426537,7912.94957600
7,474,0.000000,0.115000,0.00000000,57.39935034,0.00000000,0.00000000,4.00874510,0.00000000,53.15075927,61.40809544,57.39935034,1062.14776516,15968.61643036,7912.94957600
7,475,0.000000,0.207000,0.00000000,103.31883060,0.00000000,0.00000000,3.40980120,0.00000000,94.69756566,106.72863180,101.68074366,1745.79450000,16317.77533020,7912.94957600
7,476,0.000000,0.286000,0.00000000,106.72863180,0.00000000,36.02105686,0.00000000,0.00000000,94.69756566,106.72863180,101.68074366,1745.79450000,16666.93423004,7912.94957600
7,477,0.000000,0.333000,0.00000000,106.72863180,0.00000000,59.47992178,0.00000000,0.00000000,94.69756566,106.72863180,101.68074366,1745.79450000,17016.09312987,7912.94957600
7,478,0.000000,0.351000,0.00000000,106.72863180,0.00000000,68.46416792,0.00000000,0.00000000,94.69756566,106.72863180,101.68074366,1745.79450000,17365.25202971,7912.94957600
7,479,0.000000,0.346000,0.00000000,106.72863180,0.00000000,65.96854399,0.00000000,0.00000000,94.69756566,106.72863180,101.68074366,1745.79450000,17714.41092954,7912.94957600
7,480,0.000000,0.294000,0.00000000,106.72863180,0.00000000,40.01405514,0.00000000,0.00000000,94.69756566,106.72863180,101.68074366,1745.79450000,18063.56982938,7912.94957600
7,481,0.000000,0.251000,0.00000000,106.72863180,0.00000000,18.55168937,0.00000000,0.00000000,94.69756566,106.72863180,101.68074366,1745.79450000,18412.72872922,7912.94957600
7,482,0.000000,0.251000,0.00000000,106.72863180,0.00000000,18.55168937,0.00000000,0.00000000,94.69756566,106.72863180,101.68074366,1745.79450000,18761.88762905,7912.94957600
7,483,0.000000,0.278000,0.00000000,106.72863180,0.00000000,32.02805857,0.00000000,0.00000000,94.69756566,106.72863180,101.68074366,1745.79450000,19111.04652889,7912.94957600
7,484,0.000000,0.289000,0.00000000,106.72863180,0.00000000,37.51843122,0.00000000,0.00000000,94.69756566,106.72863180,101.68074366,1745.79450000,19460.20542872,7912.94957600
7,485,0.000000,0.263000,0.00000000,106.72863180,0.00000000,24.54118679,0.00000000,0.00000000,94.69756566,106.72863180,101.68074366,1745.79450000,19809.36432856,7912.94957600
7,486,0.000000,0.289000,0.00000000,106.72863180,0.00000000,37.51843122,0.00000000,0.00000000,94.69756566,106.72863180,101.68074366,1745.79450000,20158.52322840,7912.94957600
7,487,0.067000,0.243000,10.71880438,96.00982742,0.00000000,25.27749546,0.00000000,0.00000000,94.69756566,106.72863180,101.68074366,1745.79450000,20507.68212823,7912.94957600
7,488,0.196000,0.245000,31.35650237,75.97069955,0.00000000,46.31487290,0.00000000,0.00000000,94.69756566,107.32720193,101.68074366,1745.79450000,20507.68212803,9891.18697000
7,489,0.347000,0.314000,55.51380777,51.21482403,0.00000000,105.51035863,0.00000000,0.00000000,94.69756566,106.72863180,101.68074366,1745.79450000,20856.84102786,7912.94957600
7,490,0.414000,0.296000,66.23261216,40.49601964,0.00000000,107.24491687,0.00000000,0.00000000,94.69756566,106.72863180,101.68074366,1745.79450000,21205.99992770,7912.94957600
7,491,0.409000,0.256000,65.43270138,41.29593042,0.00000000,86.48001467,0.00000000,0.00000000,94.69756566,106.72863180,101.68074366,1745.79450000,21555.15882753,7912.94957600
7,492,0.346000,0.231000,55.35382562,51.37480618,0.00000000,63.92301927,0.00000000,0.00000000,94.69756566,106.72863180,101.68074366,1745.79450000,21904.31772737,7912.94957600
7,493,0.280000,0.205000,44.79500339,61.93362841,0.00000000,40.38695262,0.00000000,0.00000000,94.69756566,106.72863180,101.68074366,1745.79450000,22253.47662721,7912.94957600
7,494,0.195000,0.177000,31.19652022,75.53211158,0.00000000,12.81297545,0.00000000,0.00000000,94.69756566,106.72863180,101.68074366,1745.79450000,22602.63552704,7912.94957600
7,495,0.122000,0.153000,19.51782291,76.36609218,0.00000000,0.00000000,4.91694447,0.00000000,89.24532570,100.80085956,95.88391509,1659.64734771,22865.64727459,7912.94957600
7,496,0.057000,0.118000,9.11898283,58.89672469,0.00000000,0.00000000,4.27046095,0.00000000,63.07839055,72.28616848,68.01570752,1234.32924489,22703.34091931,7912.94957600
7,497,0.013000,0.094000,2.07976801,46.91772984,0.00000000,0.00000000,3.79590314,0.00000000,45.30901723,52.79340099,48.99749785,922.12015661,22228.82547576,7912.94957600
7,498,0.000000,0.090000,0.00000000,44.92123070,0.00000000,0.00000000,3.69051049,0.00000000,41.51009915,48.61174119,44.92123070,852.78288786,21684.97276346,7912.94957600
7,499,0.000000,0.100000,0.00000000,49.91247855,0.00000000,0.00000000,3.81956014,0.00000000,46.16174267,53.73203869,49.91247855,937.68397030,21226.02113359,7912.94957600
7,500,0.000000,0.118000,0.00000000,58.89672469,0.00000000,0.00000000,4.04565858,0.00000000,54.55099292,62.94238327,58.89672469,1086.43294394,20915.81847737,7912.94957600
7,501,0.000000,0.140000,0.00000000,69.87746997,0.00000000,0.00000000,4.31503490,0.00000000,64.82285314,74.19250487,69.87746997,1263.65420910,20782.83708631,7912.94957600
7,502,0.000000,0.163000,0.00000000,81.35734004,0.00000000,0.00000000,4.58559536,0.00000000,75.59072199,85.94293540,81.35734004,1441.65451167,20827.85599781,7912.94957600
7,503,0.000000,0.178000,0.00000000,88.84421182,0.00000000,0.00000000,4.75792569,0.00000000,82.62409290,93.60213751,88.84421182,1555.02973100,20986.25012865,7912.94957600
7,504,0.000000,0.165000,0.00000000,82.35558961,0.00000000,0.00000000,4.60912235,0.00000000,76.52705842,86.96471197,82.35558961,1457.13279885,21046.74732733,7912.94957600
7,505,0.000000,0.137000,0.00000000,68.38009562,0.00000000,0.00000000,4.27944390,0.00000000,63.41913931,72.65953951,68.38009562,1240.23907627,20890.35080343,7912.94957600
7,506,0.000000,0.129000,0.00000000,64.38709733,0.00000000,0.00000000,4.18100797,0.00000000,59.68518293,68.56810530,64.38709733,1175.47859950,20669.19380277,7912.94957600
7,507,0.000000,0.121000,0.00000000,60.39409905,0.00000000,0.00000000,4.08257205,0.00000000,55.95122656,64.47667110,60.39409905,1110.71812273,20383.27632533,7912.94957600
7,508,0.000000,0.124000,0.00000000,61.89147340,0.00000000,0.00000000,4.11948552,0.00000000,57.35146020,66.01095892,61.89147340,1135.00330152,20121.64402669,7912.94957600
7,509,0.000000,0.159000,0.00000000,79.36084090,0.00000000,0.00000000,4.53854137,0.00000000,73.71804915,83.89938226,79.36084090,1410.69793731,20135.70636383,7912.94957600
7,510,0.000000,0.220000,0.00000000,106.72863180,0.00000000,3.07882101,0.00000000,0.00000000,94.69756566,106.72863180,101.68074366,1745.79450000,20484.86526367,7912.94957600
7,511,0.014000,0.217000,2.23975017,104.48888163,0.00000000,3.82119683,0.00000000,0.00000000,94.69756566,106.72863180,101.68074366,1745.79450000,20834.02416351,7912.94957600
7,512,0.068000,0.165000,10.87878654,82.35558961,0.00000000,0.00000000,4.85709444,0.00000000,86.75328683,98.09147059,93.23437615,1620.27232877,21057.66089212,7912.94957600
7,513,0.129000,0.245000,20.63769799,86.09093381,0.00000000,36.19463864,0.00000000,0.00000000,94.69756566,106.72863180,101.68074366,1745.79450000,21406.81979195,7912.94957600
7,514,0.177000,0.338000,28.31684143,78.41179037,0.00000000,90.29238713,0.00000000,0.00000000,94.69756566,106.72863180,101.68074366,1745.79450000,21755.97869179,7912.94957600
7,515,0.226000,0.316000,36.15596702,70.57266478,0.00000000,87.15076745,0.00000000,0.00000000,94.69756566,106.72863180,101.68074366,1745.79450000,22105.13759162,7912.94957600
7,516,0.267000,0.270000,42.71523538,64.01339642,0.00000000,70.75029567,0.00000000,0.00000000,94.69756566,106.72863180,101.68074366,1745.79450000,22454.29649146,7912.94957600
7,517,0.253000,0.280000,40.47548521,66.75725605,0.00000000,72.99768389,0.00000000,0.00000000,94.69756566,107.23274126,101.68074366,1745.79450000,22509.39743995,9579.00029184
7,518,0.181000,0.306000,28.95677005,77.77186175,0.00000000,74.96032262,0.00000000,0.00000000,94.69756566,106.72863180,101.68074366,1745.79450000,22858.55633979,7912.94957600
7,519,0.112000,0.278000,17.91800136,88.81063044,0.00000000,49.94605993,0.00000000,0.00000000,94.69756566,106.72863180,101.68074366,1745.79450000,23207.71523962,7912.94957600
7,520,0.053000,0.189000,8.47905421,94.33458446,0.00000000,0.00000000,3.91499312,0.00000000,94.69756566,106.72863180,101.68074366,1745.79450000,23556.87413946,7912.94957600
7,521,0.014000,0.140000,2.23975017,69.87746997,0.00000000,0.00000000,4.36782189,0.00000000,66.92369016,76.48504204,72.11722014,1298.38249483,23458.62103413,7912.94957600
7,522,0.000000,0.139000,0.00000000,69.37834519,0.00000000,0.00000000,4.30327140,0.00000000,64.35468493,73.68161659,69.37834519,1255.91506551,23317.90049947,7912.94957600
7,523,0.000000,0.147000,0.00000000,73.37134347,0.00000000,0.00000000,4.39737939,0.00000000,68.10003061,77.76872286,73.37134347,1317.82821423,23239.09311353,7912.94957600
7,524,0.000000,0.149000,0.00000000,74.36959304,0.00000000,0.00000000,4.42090638,0.00000000,69.03636704,78.79049943,74.36959304,1333.30650141,23175.76401478,7912.94957600
7,525,0.000000,0.155000,0.00000000,77.36434176,0.00000000,0.00000000,4.49148737,0.00000000,71.84537630,81.85582913,77.36434176,1379.74136295,23158.86977756,7912.94957600
7,526,0.000000,0.157000,0.00000000,78.36259133,0.00000000,0.00000000,4.51501437,0.00000000,72.78171273,82.87760570,78.36259133,1395.21965013,23157.45382752,7912.94957600
7,527,0.000000,0.181000,0.00000000,90.34158618,0.00000000,0.00000000,4.79174965,0.00000000,84.03245684,95.13333583,90.34158618,1577.28233605,23338.10056341,7912.94957600
7,528,0.000000,0.223000,0.00000000,106.72863180,0.00000000,4.57619537,0.00000000,0.00000000,94.69756566,106.72863180,101.68074366,1745.79450000,23687.25946325,7912.94957600
7,529,0.000000,0.184000,0.00000000,91.83896054,0.00000000,0.00000000,4.82557361,0.00000000,85.44082077,96.66453415,91.83896054,1599.53494111,23890.15880419,7912.94957600
7,530,0.000000,0.083000,0.00000000,41.42735720,0.00000000,0.00000000,3.60017574,0.00000000,38.25394868,45.02753294,41.42735720,793.35213016,23286.87533419,7912.94957600
7,531,0.000000,0.029000,0.00000000,2.39428050,0.00000000,12.08033828,0.00000000,0.00000000,0.00000000,2.39428050,0.00000000,0.00000000,21890.23973402,7912.94957600
7,532,0.000000,0.011000,0.00000000,2.99285063,0.00000000,2.49752202,0.00000000,0.00000000,0.00000000,2.99285063,0.00000000,0.00000000,20144.44523382,9891.18697000
7,533,0.000000,0.005000,0.00000000,2.39428050,0.00000000,0.10134343,0.00000000,0.00000000,0.00000000,2.39428050,0.00000000,0.00000000,18747.80963365,7912.94957600
7,534,0.000000,0.004000,0.00000000,1.99649914,0.00000000,0.00000000,0.39778136,0.00000000,0.00000000,2.39428050,0.00000000,0.00000000,17351.17403349,7912.94957600
7,535,0.046000,0.002000,2.99285063,0.00000000,4.36632850,0.99824957,0.00000000,0.00000000,0.00000000,2.99285063,0.00000000,0.00000000,15605.37953328,9891.18697000
7,536,0.143000,0.002000,22.87744816,0.99824957,0.00000000,0.00000000,3.11991247,0.00000000,21.96613992,26.99561020,23.87569773,477.38945218,14686.13338530,7912.94957600
7,537,0.235000,0.003000,37.59580642,1.49737436,0.00000000,0.00000000,3.53872095,0.00000000,36.08149539,42.63190172,39.09318077,752.92134532,14042.41913046,7912.94957600
7,538,0.308000,0.002000,49.27450373,0.99824957,0.00000000,0.00000000,3.82887511,0.00000000,46.49750434,54.10162841,50.27275330,943.81224062,13589.59577092,7912.94957600
7,539,0.360000,0.001000,57.59357579,0.07643890,0.00000000,0.42268589,0.00000000,0.00000000,49.73928100,57.67001469,53.75120360,1002.98064984,13195.94082059,7912.94957600
7,540,0.360000,0.000000,57.59357579,0.00000000,0.00000000,0.00000000,4.01353318,0.00000000,53.33238454,61.60710896,57.59357579,1065.29781232,12864.60303275,7912.94957600
7,541,0.326000,0.001000,52.15418252,0.49912479,0.00000000,0.00000000,3.89042477,0.00000000,48.71608553,56.54373208,52.65330730,984.30544344,12452.27287603,7912.94957600
7,542,0.270000,0.003000,43.19518184,1.49737436,0.00000000,0.00000000,3.68459807,0.00000000,41.29698365,48.37715427,44.69255620,848.89313662,11904.53041248,7912.94957600
7,543,0.188000,0.008000,30.07664513,3.99299828,0.00000000,0.00000000,3.40210637,0.00000000,31.41747008,37.47174979,34.06964342,663.04333517,11170.93814749,7912.94957600
7,544,0.102000,0.021000,16.31817981,10.48162050,0.00000000,0.00000000,3.20385888,0.00000000,24.66933088,30.00365918,26.79980030,532.61735515,10306.91990248,7912.94957600
7,545,0.030000,0.045000,4.79946465,22.46061535,0.00000000,0.00000000,3.21692100,0.00000000,25.09523657,30.47700100,27.26008000,541.21085602,9451.49515833,7912.94957600
7,546,0.000000,0.093000,0.00000000,46.41860505,0.00000000,0.00000000,3.72922538,0.00000000,42.90559220,50.14783044,46.41860505,878.25321260,8933.11277076,7912.94957600
7,547,0.000000,0.174000,0.00000000,86.84771268,0.00000000,0.00000000,4.71282708,0.00000000,80.74627432,91.56053976,86.84771268,1525.35959093,9061.83676152,7912.94957600
7,548,0.000000,0.255000,0.00000000,106.72863180,0.00000000,20.54818851,0.00000000,0.00000000,94.69756566,106.72863180,101.68074366,1745.79450000,9410.99566136,7912.94957600
7,549,0.000000,0.299000,0.00000000,107.32720193,0.00000000,41.91110895,0.00000000,0.00000000,94.69756566,107.32720193,101.68074366,1745.79450000,9410.99566116,9891.18697000
7,550,0.000000,0.312000,0.00000000,107.32720193,0.00000000,48.39973116,0.00000000,0.00000000,94.69756566,107.32720193,101.68074366,1745.79450000,9410.99566095,9891.18697000
7,551,0.000000,0.312000,0.00000000,106.72863180,0.00000000,48.99830128,0.00000000,0.00000000,94.69756566,106.72863180,101.68074366,1745.79450000,9760.15456079,7912.94957600
7,552,0.000000,0.311000,0.00000000,106.72863180,0.00000000,48.49917650,0.00000000,0.00000000,94.69756566,106.72863180,101.68074366,1745.79450000,10109.31346062,7912.94957600
7,553,0.000000,0.305000,0.00000000,106.72863180,0.00000000,45.50442778,0.00000000,0.00000000,94.69756566,106.72863180,101.68074366,1745.79450000,10458.47236046,7912.94957600
7,554,0.000000,0.297000,0.00000000,106.72863180,0.00000000,41.51142950,0.00000000,0.00000000,94.69756566,106.72863180,101.68074366,1745.79450000,10807.63126029,7912.94957600
7,555,0.000000,0.302000,0.00000000,106.72863180,0.00000000,44.00705343,0.00000000,0.00000000,94.69756566,106.72863180,101.68074366,1745.79450000,11156.79016013,7912.94957600
7,556,0.000000,0.297000,0.00000000,106.72863180,0.00000000,41.51142950,0.00000000,0.00000000,94.69756566,106.72863180,101.68074366,1745.79450000,11505.94905997,7912.94957600
7,557,0.000000,0.220000,0.00000000,106.72863180,0.00000000,3.07882101,0.00000000,0.00000000,94.69756566,106.72863180,101.68074366,1745.79450000,11855.10795980,7912.94957600
7,558,0.000000,0.171000,0.00000000,85.35033832,0.00000000,0.00000000,4.67900312,0.00000000,79.33791038,90.02934144,85.35033832,1503.10698587,11961.57934551,7912.94957600
7,559,0.099000,0.131000,15.83823334,65.38534690,0.00000000,0.00000000,4.58244287,0.00000000,75.46525821,85.80602312,81.22358024,1439.58050875,12004.52425410,7912.94957600
7,560,0.277000,0.159000,44.31505693,63.01214500,0.00000000,16.34869590,0.00000000,0.00000000,94.69756566,107.32720193,101.68074366,1745.79450000,12004.52425389,9891.18697000
7,561,0.442000,0.185000,70.71211249,36.61508943,0.00000000,55.72299589,0.00000000,0.00000000,94.69756566,107.32720193,101.68074366,1745.79450000,12004.52425369,9891.18697000
7,562,0.556000,0.167000,88.95007816,18.37712376,0.00000000,64.97671542,0.00000000,0.00000000,94.69756566,107.32720193,101.68074366,1745.79450000,12004.52425348,9891.18697000
7,563,0.617000,0.137000,98.70898961,8.61821231,0.00000000,59.76188330,0.00000000,0.00000000,94.69756566,107.32720193,101.68074366,1745.79450000,12004.52425328,9891.18697000
7,564,0.632000,0.111000,101.10872194,6.21847999,0.00000000,49.18437121,0.00000000,0.00000000,94.69756566,107.32720193,101.68074366,1745.79450000,12004.52425307,9891.18697000
7,565,0.593000,0.088000,94.86941789,12.45778403,0.00000000,31.46519709,0.00000000,0.00000000,94.69756566,107.32720193,101.68074366,1745.79450000,12004.52425287,9891.18697000
7,566,0.504000,0.079000,80.63100610,26.69619582,0.00000000,12.73466223,0.00000000,0.00000000,94.69756566,107.32720193,101.68074366,1745.79450000,12004.52425266,9891.18697000
7,567,0.387000,0.082000,61.91309397,40.92823241,0.00000000,0.00000000,3.88730542,0.00000000,94.69756566,106.72863180,101.68074366,1745.79450000,12353.68315250,7912.94957600
7,568,0.200000,0.099000,31.99643099,49.41335377,0.00000000,0.00000000,4.58683139,0.00000000,75.63991400,85.99661615,81.40978476,1442.46768951,12399.51524185,7912.94957600
7,569,0.056000,0.133000,8.95900068,66.38359647,0.00000000,0.00000000,4.44383839,0.00000000,69.94902376,79.78643554,75.34259715,1348.39334690,12351.27298858,7912.94957600
7,570,0.000000,0.189000,0.00000000,94.33458446,0.00000000,0.00000000,4.88194688,0.00000000,87.78809400,99.21653134,94.33458446,1636.62261620,12591.26000461,7912.94957600
7,571,0.000000,0.286000,0.00000000,107.32720193,0.00000000,35.42248673,0.00000000,0.00000000,94.69756566,107.32720193,101.68074366,1745.79450000,12591.26000441,9891.18697000
7,572,0.000000,0.378000,0.00000000,107.32720193,0.00000000,81.34196700,0.00000000,0.00000000,94.69756566,107.32720193,101.68074366,1745.79450000,12591.26000420,9891.18697000
7,573,0.000000,0.437000,0.00000000,107.32720193,0.00000000,110.79032935,0.00000000,0.00000000,94.69756566,107.32720193,101.68074366,1745.79450000,12591.26000400,9891.18697000
7,574,0.000000,0.429000,0.00000000,107.32720193,0.00000000,106.79733106,0.00000000,0.00000000,94.69756566,107.32720193,101.68074366,1745.79450000,12591.26000379,9891.18697000
7,575,0.000000,0.433000,0.00000000,107.32720193,0.00000000,108.79383021,0.00000000,0.00000000,94.69756566,107.32720193,101.68074366,1745.79450000,12591.26000359,9891.18697000
7,576,0.000000,0.447000,0.00000000,107.32720193,0.00000000,115.78157720,0.00000000,0.00000000,94.69756566,107.32720193,101.68074366,1745.79450000,12591.26000338,9891.18697000
7,577,0.000000,0.432000,0.00000000,107.32720193,0.00000000,108.29470542,0.00000000,0.00000000,94.69756566,107.32720193,101.68074366,1745.79450000,12591.26000318,9891.18697000
7,578,0.000000,0.403000,0.00000000,107.32720193,0.00000000,93.82008664,0.00000000,0.00000000,94.69756566,107.32720193,101.68074366,1745.79450000,12591.26000297,9891.18697000
7,579,0.000000,0.328000,0.00000000,107.32720193,0.00000000,56.38572773,0.00000000,0.00000000,94.69756566,107.32720193,101.68074366,1745.79450000,12591.26000277,9891.18697000
7,580,0.000000,0.280000,0.00000000,107.32720193,0.00000000,32.42773802,0.00000000,0.00000000,94.69756566,107.32720193,101.68074366,1745.79450000,12591.26000256,9891.18697000
7,581,0.000000,0.274000,0.00000000,107.32720193,0.00000000,29.43298931,0.00000000,0.00000000,94.69756566,107.32720193,101.68074366,1745.79450000,12591.26000236,9891.18697000
7,582,0.000000,0.272000,0.00000000,107.32720193,0.00000000,28.43473974,0.00000000,0.00000000,94.69756566,107.32720193,101.68074366,1745.79450000,12591.26000215,9891.18697000
7,583,0.123000,0.210000,19.67780506,87.64939687,0.00000000,17.16680809,0.00000000,0.00000000,94.69756566,107.32720193,101.68074366,1745.79450000,12591.26000195,9891.18697000
7,584,0.315000,0.315000,50.39437881,56.93282311,0.00000000,100.29148433,0.00000000,0.00000000,94.69756566,107.32720193,101.68074366,1745.79450000,12591.26000174,9891.18697000
7,585,0.478000,0.374000,76.47147007,30.85573185,0.00000000,155.81693793,0.00000000,0.00000000,94.69756566,107.32720193,101.68074366,1745.79450000,12591.26000154,9891.18697000
7,586,0.588000,0.347000,94.06950712,13.25769481,0.00000000,159.93860577,0.00000000,0.00000000,94.69756566,107.32720193,101.68074366,1745.79450000,12591.26000133,9891.18697000
7,587,0.652000,0.291000,104.30836504,3.01883689,0.00000000,142.22647570,0.00000000,0.00000000,94.69756566,107.32720193,101.68074366,1745.79450000,12591.26000113,9891.18697000
7,588,0.669000,0.235000,107.02806167,0.29914025,0.00000000,116.99518434,0.00000000,0.00000000,94.69756566,107.32720193,101.68074366,1745.79450000,12591.26000092,9891.18697000
7,589,0.643000,0.188000,102.86852564,4.45867628,0.00000000,89.37678340,0.00000000,0.00000000,94.69756566,107.32720193,101.68074366,1745.79450000,12591.26000072,9891.18697000
7,590,0.562000,0.156000,89.90997109,17.41723084,0.00000000,60.44623571,0.00000000,0.00000000,94.69756566,107.32720193,101.68074366,1745.79450000,12591.26000051,9891.18697000
7,591,0.431000,0.139000,68.95230879,38.37489314,0.00000000,31.00345205,0.00000000,0.00000000,94.69756566,107.32720193,101.68074366,1745.79450000,12591.26000031,9891.18697000
7,592,0.249000,0.133000,39.83555659,66.38359647,0.00000000,0.00000000,0.50947874,0.00000000,94.69756566,106.72863180,101.68074366,1745.79450000,12940.41890014,7912.94957600
7,593,0.080000,0.155000,12.79857240,77.36434176,0.00000000,0.00000000,4.78771366,0.00000000,83.86440585,94.95062781,90.16291415,1574.62707619,13118.41037616,7912.94957600
7,594,0.000000,0.216000,0.00000000,107.32720193,0.00000000,0.48375175,0.00000000,0.00000000,94.69756566,107.32720193,101.68074366,1745.79450000,13118.41037596,9891.18697000
7,595,0.000000,0.360000,0.00000000,107.32720193,0.00000000,72.35772086,0.00000000,0.00000000,94.69756566,107.32720193,101.68074366,1745.79450000,13118.41037575,9891.18697000
7,596,0.000000,0.484000,0.00000000,107.32720193,0.00000000,134.24919427,0.00000000,0.00000000,94.69756566,107.32720193,101.68074366,1745.79450000,13118.41037555,9891.18697000
7,597,0.000000,0.484000,0.00000000,107.32720193,0.00000000,134.24919427,0.00000000,0.00000000,94.69756566,107.32720193,101.68074366,1745.79450000,13118.41037534,9891.18697000
7,598,0.000000,0.434000,0.00000000,107.32720193,0.00000000,109.29295499,0.00000000,0.00000000,94.69756566,107.32720193,101.68074366,1745.79450000,13118.41037514,9891.18697000
7,599,0.000000,0.391000,0.00000000,107.32720193,0.00000000,87.83058921,0.00000000,0.00000000,94.69756566,107.32720193,101.68074366,1745.79450000,13118.41037493,9891.18697000
7,600,0.000000,0.362000,0.00000000,107.32720193,0.00000000,73.35597043,0.00000000,0.00000000,94.69756566,107.32720193,101.68074366,1745.79450000,13118.41037473,9891.18697000
7,601,0.000000,0.343000,0.00000000,107.32720193,0.00000000,63.87259951,0.00000000,0.00000000,94.69756566,107.32720193,101.68074366,1745.79450000,13118.41037452,9891.18697000
7,602,0.000000,0.328000,0.00000000,107.32720193,0.00000000,56.38572773,0.00000000,0.00000000,94.69756566,107.32720193,101.68074366,1745.79450000,13118.41037432,9891.18697000
7,603,0.000000,0.316000,0.00000000,107.32720193,0.00000000,50.39623030,0.00000000,0.00000000,94.69756566,107.32720193,101.68074366,1745.79450000,13118.41037411,9891.18697000
7,604,0.000000,0.315000,0.00000000,107.32720193,0.00000000,49.89710551,0.00000000,0.00000000,94.69756566,107.32720193,101.68074366,1745.79450000,13118.41037391,9891.18697000
7,605,0.000000,0.329000,0.00000000,107.32720193,0.00000000,56.88485251,0.00000000,0.00000000,94.69756566,107.32720193,101.68074366,1745.79450000,13118.41037370,9891.18697000
7,606,0.000000,0.342000,0.00000000,107.32720193,0.00000000,63.37347472,0.00000000,0.00000000,94.69756566,107.32720193,101.68074366,1745.79450000,13118.41037350,9891.18697000
7,607,0.065000,0.245000,10.39884007,96.92836185,0.00000000,25.35721060,0.00000000,0.00000000,94.69756566,107.32720193,101.68074366,1745.79450000,13118.41037329,9891.18697000
7,608,0.208000,0.249000,33.27628823,74.05091369,0.00000000,50.23115790,0.00000000,0.00000000,94.69756566,107.32720193,101.68074366,1745.79450000,13118.41037309,9891.18697000
7,609,0.318000,0.221000,50.87432528,56.45287665,0.00000000,53.85370095,0.00000000,0.00000000,94.69756566,107.32720193,101.68074366,1745.79450000,13118.41037288,9891.18697000
7,610,0.389000,0.199000,62.23305828,45.09414364,0.00000000,54.23168867,0.00000000,0.00000000,94.69756566,107.32720193,101.68074366,1745.79450000,13118.41037268,9891.18697000
7,611,0.418000,0.200000,66.87254078,40.45466115,0.00000000,59.37029595,0.00000000,0.00000000,94.69756566,107.32720193,101.68074366,1745.79450000,13118.41037247,9891.18697000
7,612,0.415000,0.192000,66.39259431,40.93460762,0.00000000,54.89735121,0.00000000,0.00000000,94.69756566,107.32720193,101.68074366,1745.79450000,13118.41037227,9891.18697000
7,613,0.395000,0.163000,63.19295121,44.13425071,0.00000000,37.22308933,0.00000000,0.00000000,94.69756566,107.32720193,101.68074366,1745.79450000,13118.41037206,9891.18697000
7,614,0.346000,0.137000,55.35382562,51.97337631,0.00000000,16.40671931,0.00000000,0.00000000,94.69756566,107.32720193,101.68074366,1745.79450000,13118.41037186,9891.18697000
7,615,0.277000,0.118000,44.31505693,58.89672469,0.00000000,0.00000000,3.51685018,0.00000000,94.69756566,106.72863180,101.68074366,1745.79450000,13467.56927170,7912.94957600
7,616,0.165000,0.108000,26.39705557,53.90547684,0.00000000,0.00000000,4.56073539,0.00000000,74.60133534,84.86326779,80.30253241,1425.29926749,13496.23293902,7912.94957600
7,617,0.053000,0.110000,8.47905421,54.90372641,0.00000000,0.00000000,4.15624942,0.00000000,58.74602030,67.53903004,63.38278062,1159.19008033,13258.78741919,7912.94957600
7,618,0.000000,0.130000,0.00000000,64.88622212,0.00000000,0.00000000,4.19331246,0.00000000,60.15192748,69.07953458,64.88622212,1183.57365909,13045.72547812,7912.94957600
7,619,0.000000,0.179000,0.00000000,89.34333661,0.00000000,0.00000000,4.76920034,0.00000000,83.09354754,94.11253695,89.34333661,1562.44726602,13211.53714398,7912.94957600
7,620,0.000000,0.233000,0.00000000,107.32720193,0.00000000,8.96887310,0.00000000,0.00000000,94.69756566,107.32720193,101.68074366,1745.79450000,13211.53714377,9891.18697000
7,621,0.000000,0.256000,0.00000000,107.32720193,0.00000000,20.44874317,0.00000000,0.00000000,94.69756566,107.32720193,101.68074366,1745.79450000,13211.53714357,9891.18697000
7,622,0.000000,0.227000,0.00000000,107.32720193,0.00000000,5.97412439,0.00000000,0.00000000,94.69756566,107.32720193,101.68074366,1745.79450000,13211.53714336,9891.18697000
7,623,0.000000,0.168000,0.00000000,83.85296397,0.00000000,0.00000000,4.64441285,0.00000000,77.93156305,88.49737682,83.85296397,1480.35022962,13295.25177281,7912.94957600
7,624,0.000000,0.133000,0.00000000,66.38359647,0.00000000,0.00000000,4.23022593,0.00000000,61.55216112,70.61382241,66.38359647,1207.85883788,13106.47501053,7912.94957600
7,625,0.000000,0.121000,0.00000000,60.39409905,0.00000000,0.00000000,4.08257205,0.00000000,55.95122656,64.47667110,60.39409905,1110.71812273,12820.55753310,7912.94957600
7,626,0.000000,0.126000,0.00000000,62.88972298,0.00000000,0.00000000,4.14409450,0.00000000,58.28494929,67.03381748,62.88972298,1151.19342071,12575.11535365,7912.94957600
7,627,0.000000,0.137000,0.00000000,68.38009562,0.00000000,0.00000000,4.27944390,0.00000000,63.41913931,72.65953951,68.38009562,1240.23907627,12418.71882975,7912.94957600
7,628,0.000000,0.155000,0.00000000,77.36434176,0.00000000,0.00000000,4.49148737,0.00000000,71.84537630,81.85582913,77.36434176,1379.74136295,12401.82459253,7912.94957600
7,629,0.000000,0.171000,0.00000000,85.35033832,0.00000000,0.00000000,4.67900312,0.00000000,79.33791038,90.02934144,85.35033832,1503.10698587,12508.29597824,7912.94957600
7,630,0.000000,0.180000,0.00000000,89.84246139,0.00000000,0.00000000,4.78047500,0.00000000,83.56300219,94.62293639,89.84246139,1569.86480103,12681.52517911,7912.94957600
7,631,0.072000,0.136000,11.51871516,67.88097083,0.00000000,0.00000000,4.53945688,0.00000000,73.75448500,83.93914286,79.39968599,1411.30024707,12696.18982602,7912.94957600
7,632,0.205000,0.159000,32.79634177,74.53086016,0.00000000,4.82998074,0.00000000,0.00000000,94.69756566,107.32720193,101.68074366,1745.79450000,12696.18982582,9891.18697000
7,633,0.325000,0.208000,51.99420036,55.33300156,0.00000000,48.48495383,0.00000000,0.00000000,94.69756566,107.32720193,101.68074366,1745.79450000,12696.18982561,9891.18697000
7,634,0.420000,0.213000,67.19250509,40.13469684,0.00000000,66.17888248,0.00000000,0.00000000,94.69756566,107.32720193,101.68074366,1745.79450000,12696.18982541,9891.18697000
7,635,0.489000,0.192000,78.23127378,29.09592815,0.00000000,66.73603067,0.00000000,0.00000000,94.69756566,107.32720193,101.68074366,1745.79450000,12696.18982520,9891.18697000
7,636,0.507000,0.157000,81.11095257,26.21624936,0.00000000,52.14634197,0.00000000,0.00000000,94.69756566,107.32720193,101.68074366,1745.79450000,12696.18982500,9891.18697000
7,637,0.478000,0.116000,76.47147007,30.85573185,0.00000000,27.04274327,0.00000000,0.00000000,94.69756566,107.32720193,101.68074366,1745.79450000,12696.18982479,9891.18697000
7,638,0.412000,0.085000,65.91264785,41.41455408,0.00000000,1.01105269,0.00000000,0.00000000,94.69756566,107.32720193,101.68074366,1745.79450000,12696.18982459,9891.18697000
7,639,0.306000,0.072000,48.95453942,35.93698456,0.00000000,0.00000000,4.66863903,0.00000000,78.90636995,89.56016301,84.89152398,1496.28850764,12795.84273206,7912.94957600
7,640,0.182000,0.070000,29.11675220,34.93873499,0.00000000,0.00000000,4.17283307,0.00000000,59.37508568,68.22832026,64.05548719,1170.10037758,12569.30750948,7912.94957600
7,641,0.055000,0.085000,8.79901852,42.42560677,0.00000000,0.00000000,3.85348593,0.00000000,47.38461099,55.07811123,51.22462529,960.00357490,12132.67548421,7912.94957600
7,642,0.000000,0.121000,0.00000000,60.39409905,0.00000000,0.00000000,4.08257205,0.00000000,55.95122656,64.47667110,60.39409905,1110.71812273,11846.75800678,7912.94957600
7,643,0.000000,0.188000,0.00000000,93.83545968,0.00000000,0.00000000,4.87067222,0.00000000,87.31863935,98.70613190,93.83545968,1629.20508118,12079.32748779,7912.94957600
7,644,0.000000,0.254000,0.00000000,107.32720193,0.00000000,19.45049360,0.00000000,0.00000000,94.69756566,107.32720193,101.68074366,1745.79450000,12079.32748759,9891.18697000
7,645,0.000000,0.297000,0.00000000,107.32720193,0.00000000,40.91285937,0.00000000,0.00000000,94.69756566,107.32720193,101.68074366,1745.79450000,12079.32748738,9891.18697000
7,646,0.000000,0.294000,0.00000000,107.32720193,0.00000000,39.41548502,0.00000000,0.00000000,94.69756566,107.32720193,101.68074366,1745.79450000,12079.32748718,9891.18697000
7,647,0.000000,0.291000,0.00000000,107.32720193,0.00000000,37.91811066,0.00000000,0.00000000,94.69756566,107.32720193,101.68074366,1745.79450000,12079.32748697,9891.18697000
7,648,0.000000,0.264000,0.00000000,107.32720193,0.00000000,24.44174145,0.00000000,0.00000000,94.69756566,107.32720193,101.68074366,1745.79450000,12079.32748677,9891.18697000
7,649,0.000000,0.224000,0.00000000,107.32720193,0.00000000,4.47675003,0.00000000,0.00000000,94.69756566,107.32720193,101.68074366,1745.79450000,12079.32748656,9891.18697000
7,650,0.000000,0.199000,0.00000000,99.32583232,0.00000000,0.00000000,4.99469341,0.00000000,92.48264045,104.32052573,99.32583232,1710.79796637,12393.48985277,7912.94957600
7,651,0.000000,0.200000,0.00000000,99.82495710,0.00000000,0.00000000,5.00596806,0.00000000,92.95209510,104.83092517,99.82495710,1718.21550139,12715.06975400,7912.94957600
7,652,0.000000,0.264000,0.00000000,107.32720193,0.00000000,24.44174145,0.00000000,0.00000000,94.69756566,107.32720193,101.68074366,1745.79450000,12715.06975380,9891.18697000
7,653,0.000000,0.320000,0.00000000,107.32720193,0.00000000,52.39272944,0.00000000,0.00000000,94.69756566,107.32720193,101.68074366,1745.79450000,12715.06975359,9891.18697000
7,654,0.000000,0.337000,0.00000000,107.32720193,0.00000000,60.87785080,0.00000000,0.00000000,94.69756566,107.32720193,101.68074366,1745.79450000,12715.06975339,9891.18697000
7,655,0.045000,0.311000,7.19919697,100.12800495,0.00000000,55.09980334,0.00000000,0.00000000,94.69756566,107.32720193,101.68074366,1745.79450000,12715.06975318,9891.18697000
7,656,0.166000,0.277000,26.55703772,80.77016420,0.00000000,57.48740139,0.00000000,0.00000000,94.69756566,107.32720193,101.68074366,1745.79450000,12715.06975298,9891.18697000
7,657,0.288000,0.368000,46.07486063,61.25234130,0.00000000,122.42557978,0.00000000,0.00000000,94.69756566,107.32720193,101.68074366,1745.79450000,12715.06975277,9891.18697000
7,658,0.361000,0.391000,57.75355794,49.57364398,0.00000000,145.58414716,0.00000000,0.00000000,94.69756566,107.32720193,101.68074366,1745.79450000,12715.06975257,9891.18697000
7,659,0.409000,0.344000,65.43270138,41.89450054,0.00000000,129.80442567,0.00000000,0.00000000,94.69756566,107.32720193,101.68074366,1745.79450000,12715.06975236,9891.18697000
7,660,0.401000,0.283000,64.15284414,43.17435778,0.00000000,98.07795652,0.00000000,0.00000000,94.69756566,107.32720193,101.68074366,1745.79450000,12715.06975216,9891.18697000
7,661,0.351000,0.237000,56.15373639,51.17346553,0.00000000,67.11910864,0.00000000,0.00000000,94.69756566,107.32720193,101.68074366,1745.79450000,12715.06975195,9891.18697000
7,662,0.276000,0.203000,44.15507477,63.17212716,0.00000000,38.15020431,0.00000000,0.00000000,94.69756566,107.32720193,101.68074366,1745.79450000,12715.06975175,9891.18697000
7,663,0.183000,0.171000,29.27673436,78.05046757,0.00000000,7.29987076,0.00000000,0.00000000,94.69756566,107.32720193,101.68074366,1745.79450000,12715.06975154,9891.18697000
7,664,0.096000,0.159000,15.35828688,79.36084090,0.00000000,0.00000000,4.89063327,0.00000000,88.14977839,99.60976104,94.71912777,1642.33734638,12960.77149775,7912.94957600
7,665,0.025000,0.153000,3.99955387,76.36609218,0.00000000,0.00000000,4.56222287,0.00000000,74.66053457,84.92786892,80.36564606,1426.27787172,12990.41376931,7912.94957600
7,666,0.000000,0.176000,0.00000000,87.84596225,0.00000000,0.00000000,4.73537638,0.00000000,81.68518361,92.58133864,87.84596225,1540.19466096,13133.97283011,7912.94957600
7,667,0.000000,0.225000,0.00000000,107.32720193,0.00000000,4.97587482,0.00000000,0.00000000,94.69756566,107.32720193,101.68074366,1745.79450000,13133.97282990,9891.18697000
7,668,0.000000,0.274000,0.00000000,107.32720193,0.00000000,29.43298931,0.00000000,0.00000000,94.69756566,107.32720193,101.68074366,1745.79450000,13133.97282970,9891.18697000
7,669,0.000000,0.292000,0.00000000,107.32720193,0.00000000,38.41723545,0.00000000,0.00000000,94.69756566,107.32720193,101.68074366,1745.79450000,13133.97282949,9891.18697000
7,670,0.000000,0.291000,0.00000000,107.32720193,0.00000000,37.91811066,0.00000000,0.00000000,94.69756566,107.32720193,101.68074366,1745.79450000,13133.97282929,9891.18697000
7,671,0.000000,0.289000,0.00000000,107.32720193,0.00000000,36.91986109,0.00000000,0.00000000,94.69756566,107.32720193,101.68074366,1745.79450000,13133.97282908,9891.18697000
7,672,0.000000,0.288000,0.00000000,107.32720193,0.00000000,36.42073630,0.00000000,0.00000000,94.69756566,107.32720193,101.68074366,1745.79450000,13133.97282888,9891.18697000
7,673,0.000000,0.291000,0.00000000,107.32720193,0.00000000,37.91811066,0.00000000,0.00000000,94.69756566,107.32720193,101.68074366,1745.79450000,13133.97282867,9891.18697000
7,674,0.000000,0.291000,0.00000000,107.32720193,0.00000000,37.91811066,0.00000000,0.00000000,94.69756566,107.32720193,101.68074366,1745.79450000,13133.97282847,9891.18697000
7,675,0.000000,0.294000,0.00000000,107.32720193,0.00000000,39.41548502,0.00000000,0.00000000,94.69756566,107.32720193,101.68074366,1745.79450000,13133.97282826,9891.18697000
7,676,0.000000,0.300000,0.00000000,107.32720193,0.00000000,42.41023373,0.00000000,0.00000000,94.69756566,107.32720193,101.68074366,1745.79450000,13133.97282806,9891.18697000
7,677,0.000000,0.311000,0.00000000,107.32720193,0.00000000,47.90060637,0.00000000,0.00000000,94.69756566,107.32720193,101.68074366,1745.79450000,13133.97282785,9891.18697000
7,678,0.000000,0.322000,0.00000000,107.32720193,0.00000000,53.39097901,0.00000000,0.00000000,94.69756566,107.32720193,101.68074366,1745.79450000,13133.97282765,9891.18697000
7,679,0.046000,0.247000,7.35917913,99.96802280,0.00000000,23.31579923,0.00000000,0.00000000,94.69756566,107.32720193,101.68074366,1745.79450000,13133.97282744,9891.18697000
7,680,0.145000,0.218000,23.19741247,84.12978946,0.00000000,24.67941379,0.00000000,0.00000000,94.69756566,107.32720193,101.68074366,1745.79450000,13133.97282724,9891.18697000
7,681,0.251000,0.323000,40.15552090,67.17168103,0.00000000,94.04562469,0.00000000,0.00000000,94.69756566,107.32720193,101.68074366,1745.79450000,13133.97282703,9891.18697000
7,682,0.342000,0.367000,54.71389700,52.61330493,0.00000000,130.56549136,0.00000000,0.00000000,94.69756566,107.32720193,101.68074366,1745.79450000,13133.97282683,9891.18697000
7,683,0.398000,0.355000,63.67289768,43.65430425,0.00000000,133.53499461,0.00000000,0.00000000,94.69756566,107.32720193,101.68074366,1745.79450000,13133.97282662,9891.18697000
7,684,0.390000,0.313000,62.39304044,44.93416149,0.00000000,111.29189638,0.00000000,0.00000000,94.69756566,107.32720193,101.68074366,1745.79450000,13133.97282642,9891.18697000
7,685,0.337000,0.273000,53.91398622,53.41321570,0.00000000,82.84785075,0.00000000,0.00000000,94.69756566,107.32720193,101.68074366,1745.79450000,13133.97282621,9891.18697000
7,686,0.252000,0.221000,40.31550305,67.01169887,0.00000000,43.29487873,0.00000000,0.00000000,94.69756566,107.32720193,101.68074366,1745.79450000,13133.97282601,9891.18697000
7,687,0.179000,0.174000,28.63680574,78.69039619,0.00000000,8.15731649,0.00000000,0.00000000,94.69756566,107.32720193,101.68074366,1745.79450000,13133.97282580,9891.18697000
7,688,0.108000,0.145000,17.27807274,72.37309390,0.00000000,0.00000000,4.77615387,0.00000000,83.38307882,94.42732051,89.65116664,1567.02195372,13304.35917935,7912.94957600
7,689,0.033000,0.127000,5.27941111,63.38884776,0.00000000,0.00000000,4.28653591,0.00000000,63.68863938,72.95479478,68.66825888,1244.90487308,13152.62845227,7912.94957600
7,690,0.000000,0.134000,0.00000000,66.88272126,0.00000000,0.00000000,4.24253042,0.00000000,62.01890567,71.12525168,66.88272126,1215.95389748,12971.94674959,7912.94957600
7,691,0.000000,0.162000,0.00000000,80.85821525,0.00000000,0.00000000,4.57383186,0.00000000,75.12255378,85.43204711,80.85821525,1433.91536808,13009.22651750,7912.94957600
7,692,0.000000,0.195000,0.00000000,97.32933318,0.00000000,0.00000000,4.94959480,0.00000000,90.60482187,102.27892797,97.32933318,1681.12782630,13293.71874364,7912.94957600
7,693,0.000000,0.227000,0.00000000,107.32720193,0.00000000,5.97412439,0.00000000,0.00000000,94.69756566,107.32720193,101.68074366,1745.79450000,13293.71874343,9891.18697000
7,694,0.000000,0.233000,0.00000000,107.32720193,0.00000000,8.96887310,0.00000000,0.00000000,94.69756566,107.32720193,101.68074366,1745.79450000,13293.71874323,9891.18697000
7,695,0.000000,0.225000,0.00000000,107.32720193,0.00000000,4.97587482,0.00000000,0.00000000,94.69756566,107.32720193,101.68074366,1745.79450000,13293.71874302,9891.18697000
7,696,0.000000,0.222000,0.00000000,107.32720193,0.00000000,3.47850046,0.00000000,0.00000000,94.69756566,107.32720193,101.68074366,1745.79450000,13293.71874282,9891.18697000
7,697,0.000000,0.227000,0.00000000,107.32720193,0.00000000,5.97412439,0.00000000,0.00000000,94.69756566,107.32720193,101.68074366,1745.79450000,13293.71874261,9891.18697000
7,698,0.000000,0.231000,0.00000000,107.32720193,0.00000000,7.97062353,0.00000000,0.00000000,94.69756566,107.32720193,101.68074366,1745.79450000,13293.71874241,9891.18697000
7,699,0.000000,0.235000,0.00000000,107.32720193,0.00000000,9.96712267,0.00000000,0.00000000,94.69756566,107.32720193,101.68074366,1745.79450000,13293.71874220,9891.18697000
7,700,0.000000,0.243000,0.00000000,107.32720193,0.00000000,13.96012096,0.00000000,0.00000000,94.69756566,107.32720193,101.68074366,1745.79450000,13293.71874200,9891.18697000
7,701,0.000000,0.244000,0.00000000,107.32720193,0.00000000,14.45924574,0.00000000,0.00000000,94.69756566,107.32720193,101.68074366,1745.79450000,13293.71874179,9891.18697000
7,702,0.000000,0.237000,0.00000000,107.32720193,0.00000000,10.96537224,0.00000000,0.00000000,94.69756566,107.32720193,101.68074366,1745.79450000,13293.71874159,9891.18697000
7,703,0.093000,0.173000,14.87834041,86.34858790,0.00000000,0.00000000,5.03763697,0.00000000,94.27072706,106.26456528,101.22692831,1739.05031223,13636.13345365,7912.94957600
7,704,0.264000,0.227000,42.23528891,65.09191301,0.00000000,48.20941330,0.00000000,0.00000000,94.69756566,107.32720193,101.68074366,1745.79450000,13636.13345345,9891.18697000
7,705,0.422000,0.347000,67.51246940,39.81473253,0.00000000,133.38156805,0.00000000,0.00000000,94.69756566,107.32720193,101.68074366,1745.79450000,13636.13345324,9891.18697000
7,706,0.525000,0.334000,83.99063136,23.33657057,0.00000000,143.37110780,0.00000000,0.00000000,94.69756566,107.32720193,101.68074366,1745.79450000,13636.13345304,9891.18697000
7,707,0.548000,0.256000,87.67022092,19.65698100,0.00000000,108.11896409,0.00000000,0.00000000,94.69756566,107.32720193,101.68074366,1745.79450000,13636.13345283,9891.18697000
7,708,0.500000,0.190000,79.99107748,27.33612444,0.00000000,67.49758481,0.00000000,0.00000000,94.69756566,107.32720193,101.68074366,1745.79450000,13636.13345263,9891.18697000
7,709,0.415000,0.140000,66.39259431,40.93460762,0.00000000,28.94286236,0.00000000,0.00000000,94.69756566,107.32720193,101.68074366,1745.79450000,13636.13345242,9891.18697000
7,710,0.345000,0.113000,55.19384346,52.13335846,0.00000000,4.26774230,0.00000000,0.00000000,94.69756566,107.32720193,101.68074366,1745.79450000,13636.13345222,9891.18697000
7,711,0.255000,0.100000,40.79544952,49.91247855,0.00000000,0.00000000,4.80002489,0.00000000,84.37702177,95.50795296,90.70792807,1582.72657338,13822.22442544,7912.94957600
7,712,0.140000,0.110000,22.39750170,54.90372641,0.00000000,0.00000000,4.48999989,0.00000000,71.78617707,81.79122800,77.30122810,1378.76275872,13804.35158399,7912.94957600
7,713,0.035000,0.138000,5.59937542,68.87922040,0.00000000,0.00000000,4.42347539,0.00000000,69.13860928,78.90207121,74.47859583,1334.99663625,13742.71262008,7912.94957600
7,714,0.000000,0.180000,0.00000000,89.84246139,0.00000000,0.00000000,4.78047500,0.00000000,83.56300219,94.62293639,89.84246139,1569.86480103,13915.94182095,7912.94957600
7,715,0.000000,0.225000,0.00000000,107.32720193,0.00000000,4.97587482,0.00000000,0.00000000,94.69756566,107.32720193,101.68074366,1745.79450000,13915.94182074,9891.18697000
7,716,0.000000,0.254000,0.00000000,107.32720193,0.00000000,19.45049360,0.00000000,0.00000000,94.69756566,107.32720193,101.68074366,1745.79450000,13915.94182054,9891.18697000
7,717,0.000000,0.284000,0.00000000,107.32720193,0.00000000,34.42423716,0.00000000,0.00000000,94.69756566,107.32720193,101.68074366,1745.79450000,13915.94182033,9891.18697000
7,718,0.000000,0.302000,0.00000000,107.32720193,0.00000000,43.40848330,0.00000000,0.00000000,94.69756566,107.32720193,101.68074366,1745.79450000,13915.94182013,9891.18697000
7,719,0.000000,0.298000,0.00000000,107.32720193,0.00000000,41.41198416,0.00000000,0.00000000,94.69756566,107.32720193,101.68074366,1745.79450000,13915.94181992,9891.18697000
7,720,0.000000,0.286000,0.00000000,107.32720193,0.00000000,35.42248673,0.00000000,0.00000000,94.69756566,107.32720193,101.68074366,1745.79450000,13915.94181972,9891.18697000
8,1,0.000000,0.678000,0.00000000,106.72863180,0.00000000,231.67797278,0.00000000,0.00000000,94.69756566,106.72863180,101.68074366,1745.79450000,14265.10071956,7912.94957600
8,2,0.000000,0.652000,0.00000000,106.72863180,0.00000000,218.70072836,0.00000000,0.00000000,94.69756566,106.72863180,101.68074366,1745.79450000,14614.25961939,7912.94957600
8,3,0.000000,0.634000,0.00000000,2.39428050,0.00000000,314.05083352,0.00000000,0.00000000,0.00000000,2.39428050,0.00000000,0.00000000,13217.62401923,7912.94957600
8,4,0.000000,0.630000,0.00000000,106.72863180,0.00000000,207.71998308,0.00000000,0.00000000,94.69756566,106.72863180,101.68074366,1745.79450000,13566.78291906,7912.94957600
8,5,0.000000,0.604000,0.00000000,2.39428050,0.00000000,299.07708995,0.00000000,0.00000000,0.00000000,2.39428050,0.00000000,0.00000000,12170.14731890,7912.94957600
8,6,0.000000,0.574000,0.00000000,89.29817159,0.00000000,197.19945530,0.00000000,0.00000000,78.66539600,89.29817159,84.63531998,1492.48099468,12265.99271341,7912.94957600
8,7,0.124000,0.677000,2.39428050,0.00000000,17.44350672,337.90747980,0.00000000,0.00000000,0.00000000,2.39428050,0.00000000,0.00000000,10869.35711325,7912.94957600
8,8,0.319000,0.849000,0.00000000,72.94337341,51.03430743,350.81356950,0.00000000,0.00000000,63.67817400,72.94337341,68.65710075,1244.73168631,10717.45319939,7912.94957600
8,9,0.479000,0.866000,76.63145223,30.09717957,0.00000000,402.14488469,0.00000000,0.00000000,94.69756566,106.72863180,101.68074366,1745.79450000,11066.61209923,7912.94957600
8,10,0.589000,0.840000,94.22948927,12.49914253,0.00000000,406.76567731,0.00000000,0.00000000,94.69756566,106.72863180,101.68074366,1745.79450000,11415.77099907,7912.94957600
8,11,0.650000,0.800000,103.98840073,2.74023107,0.00000000,396.55959734,0.00000000,0.00000000,94.69756566,106.72863180,101.68074366,1745.79450000,11764.92989890,7912.94957600
8,12,0.665000,0.757000,2.39428050,0.00000000,103.99385255,377.83746264,0.00000000,0.00000000,0.00000000,2.39428050,0.00000000,0.00000000,10368.29429874,7912.94957600
8,13,0.637000,0.707000,101.90863271,4.81999909,0.00000000,348.06122428,0.00000000,0.00000000,94.69756566,106.72863180,101.68074366,1745.79450000,10717.45319857,7912.94957600
8,14,0.556000,0.645000,2.39428050,0.00000000,86.55579766,321.93548666,0.00000000,0.00000000,0.00000000,2.39428050,0.00000000,0.00000000,9320.81759841,7912.94957600
8,15,0.376000,0.604000,60.15329027,29.14488132,0.00000000,272.32648913,0.00000000,0.00000000,78.66539600,89.29817159,84.63531998,1492.48099468,9416.66299292,7912.94957600
8,16,0.216000,0.618000,34.55614547,72.17248633,0.00000000,236.28663112,0.00000000,0.00000000,94.69756566,106.72863180,101.68074366,1745.79450000,9765.82189276,7912.94957600
8,17,0.065000,0.657000,10.39884007,96.32979173,0.00000000,231.59519236,0.00000000,0.00000000,94.69756566,106.72863180,101.68074366,1745.79450000,10114.98079259,7912.94957600
8,18,0.000000,0.641000,0.00000000,106.72863180,0.00000000,213.21035572,0.00000000,0.00000000,94.69756566,106.72863180,101.68074366,1745.79450000,10464.13969243,7912.94957600
8,19,0.000000,0.601000,0.00000000,106.72863180,0.00000000,193.24536430,0.00000000,0.00000000,94.69756566,106.72863180,101.68074366,1745.79450000,10813.29859227,7912.94957600
8,20,0.000000,0.571000,0.00000000,106.72863180,0.00000000,178.27162073,0.00000000,0.00000000,94.69756566,106.72863180,101.68074366,1745.79450000,11162.45749210,7912.94957600
8,21,0.000000,0.546000,0.00000000,106.72863180,0.00000000,165.79350109,0.00000000,0.00000000,94.69756566,106.72863180,101.68074366,1745.79450000,11511.61639194,7912.94957600
8,22,0.000000,0.649000,0.00000000,106.72863180,0.00000000,217.20335400,0.00000000,0.00000000,94.69756566,106.72863180,101.68074366,1745.79450000,11860.77529177,7912.94957600
8,23,0.000000,0.685000,0.00000000,72.94337341,0.00000000,268.95710467,0.00000000,0.00000000,63.67817400,72.94337341,68.65710075,1244.73168631,11708.87137792,7912.94957600
8,24,0.000000,0.675000,0.00000000,106.72863180,0.00000000,230.18059843,0.00000000,0.00000000,94.69756566,106.72863180,101.68074366,1745.79450000,12058.03027776,7912.94957600
8,25,0.000000,0.683000,0.00000000,106.72863180,0.00000000,234.17359671,0.00000000,0.00000000,94.69756566,106.72863180,101.68074366,1745.79450000,12407.18917759,7912.94957600
8,26,0.000000,0.690000,0.00000000,89.29817159,0.00000000,255.09793042,0.00000000,0.00000000,78.66539600,89.29817159,84.63531998,1492.48099468,12503.03457211,7912.94957600
8,27,0.000000,0.705000,0.00000000,106.72863180,0.00000000,245.15434199,0.00000000,0.00000000,94.69756566,106.72863180,101.68074366,1745.79450000,12852.19347194,7912.94957600
8,28,0.000000,0.706000,0.00000000,106.72863180,0.00000000,245.65346678,0.00000000,0.00000000,94.69756566,106.72863180,101.68074366,1745.79450000,13201.35237178,7912.94957600
8,29,0.000000,0.665000,0.00000000,89.29817159,0.00000000,242.61981078,0.00000000,0.00000000,78.66539600,89.29817159,84.63531998,1492.48099468,13297.19776629,7912.94957600
8,30,0.000000,0.633000,0.00000000,106.72863180,0.00000000,209.21735743,0.00000000,0.00000000,94.69756566,106.72863180,101.68074366,1745.79450000,13646.35666612,7912.94957600
8,31,0.122000,0.709000,19.51782291,53.42555050,0.00000000,300.45392243,0.00000000,0.00000000,63.67817400,72.94337341,68.65710075,1244.73168631,13494.45275227,7912.94957600
8,32,0.318000,0.769000,50.87432528,55.85430652,0.00000000,327.97265354,0.00000000,0.00000000,94.69756566,106.72863180,101.68074366,1745.79450000,13843.61165211,7912.94957600
8,33,0.479000,0.748000,76.63145223,30.09717957,0.00000000,343.24816000,0.00000000,0.00000000,94.69756566,106.72863180,101.68074366,1745.79450000,14192.77055194,7912.94957600
8,34,0.591000,0.692000,94.54945358,12.17917822,0.00000000,333.21517337,0.00000000,0.00000000,94.69756566,106.72863180,101.68074366,1745.79450000,14541.92945178,7912.94957600
8,35,0.653000,0.596000,104.46834719,2.26028461,0.00000000,295.21808756,0.00000000,0.00000000,94.69756566,106.72863180,101.68074366,1745.79450000,14891.08835162,7912.94957600
8,36,0.669000,0.481000,106.72863180,0.00000000,0.29942987,240.07902184,0.00000000,0.00000000,94.69756566,106.72863180,101.68074366,1745.79450000,15240.24725145,7912.94957600
8,37,0.643000,0.362000,102.86852564,3.86010616,0.00000000,176.82306620,0.00000000,0.00000000,94.69756566,106.72863180,101.68074366,1745.79450000,15589.40615129,7912.94957600
8,38,0.572000,0.261000,91.50979264,15.21883916,0.00000000,115.05272986,0.00000000,0.00000000,94.69756566,106.72863180,101.68074366,1745.79450000,15938.56505112,7912.94957600
8,39,0.453000,0.198000,72.47191620,34.25671560,0.00000000,64.56999193,0.00000000,0.00000000,94.69756566,106.72863180,101.68074366,1745.79450000,16287.72395096,7912.94957600
8,40,0.277000,0.178000,44.31505693,62.41357488,0.00000000,26.43063695,0.00000000,0.00000000,94.69756566,106.72863180,101.68074366,1745.79450000,16636.88285080,7912.94957600
8,41,0.092000,0.226000,2.39428050,0.00000000,12.32407776,112.80220153,0.00000000,0.00000000,0.00000000,2.39428050,0.00000000,0.00000000,15240.24725063,7912.94957600
8,42,0.000000,0.444000,0.00000000,106.72863180,0.00000000,114.88277297,0.00000000,0.00000000,94.69756566,106.72863180,101.68074366,1745.79450000,15589.40615047,7912.94957600
8,43,0.000000,0.687000,0.00000000,106.72863180,0.00000000,236.17009585,0.00000000,0.00000000,94.69756566,106.72863180,101.68074366,1745.79450000,15938.56505030,7912.94957600
8,44,0.000000,0.806000,0.00000000,89.29817159,0.00000000,312.99640554,0.00000000,0.00000000,78.66539600,89.29817159,84.63531998,1492.48099468,16034.41044482,7912.94957600
8,45,0.000000,0.820000,0.00000000,106.72863180,0.00000000,302.55369233,0.00000000,0.00000000,94.69756566,106.72863180,101.68074366,1745.79450000,16383.56934465,7912.94957600
8,46,0.000000,0.772000,0.00000000,106.72863180,0.00000000,278.59570262,0.00000000,0.00000000,94.69756566,106.72863180,101.68074366,1745.79450000,16732.72824449,7912.94957600
8,47,0.000000,0.676000,0.00000000,106.72863180,0.00000000,230.67972321,0.00000000,0.00000000,94.69756566,106.72863180,101.68074366,1745.79450000,17081.88714432,7912.94957600
8,48,0.000000,0.569000,0.00000000,89.29817159,0.00000000,194.70383137,0.00000000,0.00000000,78.66539600,89.29817159,84.63531998,1492.48099468,17177.73253884,7912.94957600
8,49,0.000000,0.467000,0.00000000,106.72863180,0.00000000,126.36264304,0.00000000,0.00000000,94.69756566,106.72863180,101.68074366,1745.79450000,17526.89143867,7912.94957600
8,50,0.000000,0.404000,0.00000000,106.72863180,0.00000000,94.91778155,0.00000000,0.00000000,94.69756566,106.72863180,101.68074366,1745.79450000,17876.05033851,7912.94957600
8,51,0.000000,0.369000,0.00000000,43.47863956,0.00000000,140.69840630,0.00000000,0.00000000,36.84682300,43.47863956,39.91750131,767.66957627,17247.08431461,7912.94957600
8,52,0.000000,0.298000,0.00000000,106.72863180,0.00000000,42.01055428,0.00000000,0.00000000,94.69756566,106.72863180,101.68074366,1745.79450000,17596.24321445,7912.94957600
8,53,0.000000,0.241000,0.00000000,106.72863180,0.00000000,13.56044151,0.00000000,0.00000000,94.69756566,106.72863180,101.68074366,1745.79450000,17945.40211428,7912.94957600
8,54,0.000000,0.188000,0.00000000,93.83545968,0.00000000,0.00000000,0.00000000,0.00000000,82.83869771,93.83545968,89.07237993,1558.42055628,18107.18707040,7912.94957600
8,55,0.114000,0.341000,18.23796567,25.24067390,0.00000000,144.96087797,0.00000000,0.00000000,36.84682300,43.47863956,39.91750131,767.66957627,17478.22104651,7912.94957600
8,56,0.285000,0.520000,45.59491417,61.13371764,0.00000000,198.41117084,0.00000000,0.00000000,94.69756566,106.72863180,101.68074366,1745.79450000,17827.37994634,7912.94957600
8,57,0.445000,0.499000,71.19205896,1.75131445,0.00000000,247.31195353,0.00000000,0.00000000,63.67817400,72.94337341,68.65710075,1244.73168631,17675.47603249,7912.94957600
8,58,0.558000,0.420000,89.27004247,17.45858933,0.00000000,192.17382059,0.00000000,0.00000000,94.69756566,106.72863180,101.68074366,1745.79450000,18024.63493232,7912.94957600
8,59,0.622000,0.320000,99.50890039,7.21973141,0.00000000,152.50019995,0.00000000,0.00000000,94.69756566,106.72863180,101.68074366,1745.79450000,18373.79383216,7912.94957600
8,60,0.589000,0.208000,94.22948927,12.49914253,0.00000000,91.31881286,0.00000000,0.00000000,94.69756566,106.72863180,101.68074366,1745.79450000,18722.95273200,7912.94957600
8,61,0.536000,0.125000,85.75043506,20.97819674,0.00000000,41.41240145,0.00000000,0.00000000,94.69756566,106.72863180,101.68074366,1745.79450000,19072.11163183,7912.94957600
8,62,0.464000,0.084000,74.23171990,32.49691190,0.00000000,9.42957009,0.00000000,0.00000000,94.69756566,106.72863180,101.68074366,1745.79450000,19421.27053167,7912.94957600
8,63,0.348000,0.076000,43.47863956,0.00000000,12.19515037,37.93348370,0.00000000,0.00000000,36.84682300,43.47863956,39.91750131,767.66957627,18792.30450777,7912.94957600
8,64,0.196000,0.090000,31.35650237,44.92123070,0.00000000,0.00000000,0.00000000,0.00000000,66.73371621,76.27773307,71.91468459,1295.24209428,18690.91100189,7912.94957600
8,65,0.053000,0.134000,2.39428050,0.00000000,6.08477371,66.88272126,0.00000000,0.00000000,0.00000000,2.39428050,0.00000000,0.00000000,17294.27540173,7912.94957600
8,66,0.000000,0.215000,0.00000000,106.72863180,0.00000000,0.58319709,0.00000000,0.00000000,94.69756566,106.72863180,101.68074366,1745.79450000,17643.43430156,7912.94957600
8,67,0.000000,0.328000,0.00000000,106.72863180,0.00000000,56.98429785,0.00000000,0.00000000,94.69756566,106.72863180,101.68074366,1745.79450000,17992.59320140,7912.94957600
8,68,0.000000,0.432000,0.00000000,106.72863180,0.00000000,108.89327554,0.00000000,0.00000000,94.69756566,106.72863180,101.68074366,1745.79450000,18341.75210124,7912.94957600
8,69,0.000000,0.471000,0.00000000,106.72863180,0.00000000,128.35914218,0.00000000,0.00000000,94.69756566,106.72863180,101.68074366,1745.79450000,18690.91100107,7912.94957600
8,70,0.000000,0.482000,0.00000000,106.72863180,0.00000000,133.84951482,0.00000000,0.00000000,94.69756566,106.72863180,101.68074366,1745.79450000,19040.06990091,7912.94957600
8,71,0.000000,0.488000,0.00000000,106.72863180,0.00000000,136.84426353,0.00000000,0.00000000,94.69756566,106.72863180,101.68074366,1745.79450000,19389.22880074,7912.94957600
8,72,0.000000,0.470000,0.00000000,106.72863180,0.00000000,127.86001739,0.00000000,0.00000000,94.69756566,106.72863180,101.68074366,1745.79450000,19738.38770058,7912.94957600
8,73,0.000000,0.432000,0.00000000,106.72863180,0.00000000,108.89327554,0.00000000,0.00000000,94.69756566,106.72863180,101.68074366,1745.79450000,20087.54660042,7912.94957600
8,74,0.000000,0.402000,0.00000000,106.72863180,0.00000000,93.91953198,0.00000000,0.00000000,94.69756566,106.72863180,101.68074366,1745.79450000,20436.70550025,7912.94957600
8,75,0.000000,0.376000,0.00000000,89.29817159,0.00000000,98.37274777,0.00000000,0.00000000,78.66539600,89.29817159,84.63531998,1492.48099468,20532.55089476,7912.94957600
8,76,0.000000,0.349000,0.00000000,106.72863180,0.00000000,67.46591835,0.00000000,0.00000000,94.69756566,106.72863180,101.68074366,1745.79450000,20881.70979460,7912.94957600
8,77,0.000000,0.306000,0.00000000,72.94337341,0.00000000,79.78881096,0.00000000,0.00000000,63.67817400,72.94337341,68.65710075,1244.73168631,20729.80588075,7912.94957600
8,78,0.000000,0.278000,0.00000000,106.72863180,0.00000000,32.02805857,0.00000000,0.00000000,94.69756566,106.72863180,101.68074366,1745.79450000,21078.96478058,7912.94957600
8,79,0.089000,0.370000,14.23841179,92.49022001,0.00000000,92.18595063,0.00000000,0.00000000,94.69756566,106.72863180,101.68074366,1745.79450000,21428.12368042,7912.94957600
8,80,0.268000,0.469000,42.87521753,63.85341427,0.00000000,170.23611014,0.00000000,0.00000000,94.69756566,106.72863180,101.68074366,1745.79450000,21777.28258026,7912.94957600
8,81,0.452000,0.516000,72.31193404,0.63143936,0.00000000,256.91694997,0.00000000,0.00000000,63.67817400,72.94337341,68.65710075,1244.73168631,21625.37866640,7912.94957600
8,82,0.567000,0.501000,89.29817159,0.00000000,1.41171027,250.06151755,0.00000000,0.00000000,78.66539600,89.29817159,84.63531998,1492.48099468,21721.22406091,7912.94957600
8,83,0.622000,0.435000,99.50890039,7.21973141,0.00000000,209.89955029,0.00000000,0.00000000,94.69756566,106.72863180,101.68074366,1745.79450000,22070.38296075,7912.94957600
8,84,0.638000,0.366000,72.94337341,0.00000000,29.12524146,182.67967150,0.00000000,0.00000000,63.67817400,72.94337341,68.65710075,1244.73168631,21918.47904690,7912.94957600
8,85,0.596000,0.315000,95.34936436,11.37926744,0.00000000,145.84504000,0.00000000,0.00000000,94.69756566,106.72863180,101.68074366,1745.79450000,22267.63794673,7912.94957600
8,86,0.492000,0.312000,78.71122024,28.01741156,0.00000000,127.70952153,0.00000000,0.00000000,94.69756566,106.72863180,101.68074366,1745.79450000,22616.79684657,7912.94957600
8,87,0.309000,0.356000,43.47863956,0.00000000,5.95584632,177.68842365,0.00000000,0.00000000,36.84682300,43.47863956,39.91750131,767.66957627,21987.83082268,7912.94957600
8,88,0.160000,0.417000,25.59714479,17.88149477,0.00000000,190.25354080,0.00000000,0.00000000,36.84682300,43.47863956,39.91750131,767.66957627,21358.86479878,7912.94957600
8,89,0.053000,0.444000,8.47905421,98.24957759,0.00000000,123.36182718,0.00000000,0.00000000,94.69756566,106.72863180,101.68074366,1745.79450000,21708.02369862,7912.94957600
8,90,0.000000,0.420000,0.00000000,106.72863180,0.00000000,102.90377812,0.00000000,0.00000000,94.69756566,106.72863180,101.68074366,1745.79450000,22057.18259845,7912.94957600
8,91,0.000000,0.428000,0.00000000,106.72863180,0.00000000,106.89677640,0.00000000,0.00000000,94.69756566,106.72863180,101.68074366,1745.79450000,22406.34149829,7912.94957600
8,92,0.000000,0.458000,0.00000000,106.72863180,0.00000000,121.87051997,0.00000000,0.00000000,94.69756566,106.72863180,101.68074366,1745.79450000,22755.50039812,7912.94957600
8,93,0.000000,0.564000,0.00000000,106.72863180,0.00000000,174.77774723,0.00000000,0.00000000,94.69756566,106.72863180,101.68074366,1745.79450000,23104.65929796,7912.94957600
8,94,0.000000,0.669000,0.00000000,106.72863180,0.00000000,227.18584971,0.00000000,0.00000000,94.69756566,106.72863180,101.68074366,1745.79450000,23453.81819780,7912.94957600
8,95,0.000000,0.656000,0.00000000,106.72863180,0.00000000,220.69722750,0.00000000,0.00000000,94.69756566,106.72863180,101.68074366,1745.79450000,23802.97709763,7912.94957600
8,96,0.000000,0.624000,0.00000000,106.72863180,0.00000000,204.72523436,0.00000000,0.00000000,94.69756566,106.72863180,101.68074366,1745.79450000,24152.13599747,7912.94957600
8,97,0.000000,0.574000,0.00000000,72.94337341,0.00000000,213.55425348,0.00000000,0.00000000,63.67817400,72.94337341,68.65710075,1244.73168631,24000.23208362,7912.94957600
8,98,0.000000,0.516000,0.00000000,106.72863180,0.00000000,150.81975753,0.00000000,0.00000000,94.69756566,106.72863180,101.68074366,1745.79450000,24349.39098345,7912.94957600
8,99,0.000000,0.454000,0.00000000,89.29817159,0.00000000,137.30448104,0.00000000,0.00000000,78.66539600,89.29817159,84.63531998,1492.48099468,24445.23637796,7912.94957600
8,100,0.000000,0.393000,0.00000000,106.72863180,0.00000000,89.42740891,0.00000000,0.00000000,94.69756566,106.72863180,101.68074366,1745.79450000,24794.39527780,7912.94957600
8,101,0.000000,0.349000,0.00000000,106.72863180,0.00000000,67.46591835,0.00000000,0.00000000,94.69756566,106.72863180,101.68074366,1745.79450000,25143.55417764,7912.94957600
8,102,0.000000,0.393000,0.00000000,106.72863180,0.00000000,89.42740891,0.00000000,0.00000000,94.69756566,106.72863180,101.68074366,1745.79450000,25492.71307747,7912.94957600
8,103,0.115000,0.472000,18.39794782,88.33068398,0.00000000,147.25621479,0.00000000,0.00000000,94.69756566,106.72863180,101.68074366,1745.79450000,25841.87197731,7912.94957600
8,104,0.278000,0.614000,44.47503908,28.46833433,0.00000000,277.99428398,0.00000000,0.00000000,63.67817400,72.94337341,68.65710075,1244.73168631,25689.96806345,7912.94957600
8,105,0.416000,0.690000,66.55257647,40.17605533,0.00000000,304.22004668,0.00000000,0.00000000,94.69756566,106.72863180,101.68074366,1745.79450000,26039.12696329,7912.94957600
8,106,0.535000,0.683000,85.59045291,21.13817889,0.00000000,319.76404962,0.00000000,0.00000000,94.69756566,106.72863180,101.68074366,1745.79450000,26388.28586313,7912.94957600
8,107,0.607000,0.621000,30.37356422,0.00000000,66.73560384,309.95649181,0.00000000,0.00000000,25.00174700,30.37356422,27.15938231,539.40882693,25531.05908989,7912.94957600
8,108,0.617000,0.539000,98.70898961,8.01964219,0.00000000,261.00861721,0.00000000,0.00000000,94.69756566,106.72863180,101.68074366,1745.79450000,25880.21798972,7912.94957600
8,109,0.584000,0.464000,93.42957850,13.29905330,0.00000000,218.29484718,0.00000000,0.00000000,94.69756566,106.72863180,101.68074366,1745.79450000,26229.37688956,7912.94957600
8,110,0.540000,0.411000,57.67001469,0.00000000,28.72034899,205.14028685,0.00000000,0.00000000,49.73928100,57.67001469,53.75120360,1002.98064984,25835.72193923,7912.94957600
8,111,0.398000,0.391000,63.67289768,9.27047573,0.00000000,185.88731541,0.00000000,0.00000000,63.67817400,72.94337341,68.65710075,1244.73168631,25683.81802538,7912.94957600
8,112,0.235000,0.405000,37.59580642,69.13282538,0.00000000,133.01271275,0.00000000,0.00000000,94.69756566,106.72863180,101.68074366,1745.79450000,26032.97692521,7912.94957600
8,113,0.076000,0.460000,12.15864378,94.56998802,0.00000000,135.02741332,0.00000000,0.00000000,94.69756566,106.72863180,101.68074366,1745.79450000,26382.13582505,7912.94957600
8,114,0.000000,0.502000,0.00000000,106.72863180,0.00000000,143.83201053,0.00000000,0.00000000,94.69756566,106.72863180,101.68074366,1745.79450000,26731.29472489,7912.94957600
8,115,0.000000,0.494000,0.00000000,107.32720193,0.00000000,139.24044212,0.00000000,0.00000000,94.69756566,107.32720193,101.68074366,1745.79450000,26731.29472468,9891.18697000
8,116,0.000000,0.589000,0.00000000,106.72863180,0.00000000,187.25586687,0.00000000,0.00000000,94.69756566,106.72863180,101.68074366,1745.79450000,27080.45362452,7912.94957600
8,117,0.000000,0.724000,0.00000000,106.72863180,0.00000000,254.63771292,0.00000000,0.00000000,94.69756566,106.72863180,101.68074366,1745.79450000,27429.61252435,7912.94957600
8,118,0.000000,0.808000,0.00000000,107.32720193,0.00000000,295.96562478,0.00000000,0.00000000,94.69756566,107.32720193,101.68074366,1745.79450000,27429.61252415,9891.18697000
8,119,0.000000,0.775000,0.00000000,89.89674172,0.00000000,296.92496706,0.00000000,0.00000000,78.66539600,89.89674172,84.63531998,1492.48099468,27176.29901862,9891.18697000
8,120,0.000000,0.711000,0.00000000,106.72863180,0.00000000,248.14909071,0.00000000,0.00000000,94.69756566,106.72863180,101.68074366,1745.79450000,27525.45791846,7912.94957600
8,121,0.000000,0.648000,0.00000000,106.80189015,0.00000000,216.63097087,0.00000000,0.00000000,94.69756566,106.80189015,101.68074366,1745.79450000,27831.88363944,8155.06390377
8,122,0.000000,0.591000,0.00000000,89.46248128,0.00000000,205.52026696,0.00000000,0.00000000,78.66539600,89.46248128,84.63531998,1492.48099468,27831.88363944,8455.98297267
8,123,0.000000,0.566000,0.00000000,72.94337341,0.00000000,209.56125520,0.00000000,0.00000000,63.67817400,72.94337341,68.65710075,1244.73168631,27679.97972559,7912.94957600
8,124,0.000000,0.507000,0.00000000,107.32720193,0.00000000,145.72906433,0.00000000,0.00000000,94.69756566,107.32720193,101.68074366,1745.79450000,27679.97972538,9891.18697000
8,125,0.000000,0.444000,0.00000000,107.23109968,0.00000000,114.38030509,0.00000000,0.00000000,94.69756566,107.23109968,101.68074366,1745.79450000,27736.03824534,9573.57495776
8,126,0.000000,0.430000,0.00000000,107.32720193,0.00000000,107.29645585,0.00000000,0.00000000,94.69756566,107.32720193,101.68074366,1745.79450000,27736.03824513,9891.18697000
8,127,0.118000,0.661000,18.87789429,88.44930764,0.00000000,241.47217559,0.00000000,0.00000000,94.69756566,107.32720193,101.68074366,1745.79450000,27736.03824493,9891.18697000
8,128,0.310000,0.849000,49.59446804,39.70370355,0.00000000,384.05323936,0.00000000,0.00000000,78.66539600,89.29817159,84.63531998,1492.48099468,27831.88363944,7912.94957600
8,129,0.470000,0.852000,73.54194353,0.00000000,1.64966930,425.25431726,0.00000000,0.00000000,63.67817400,73.54194353,68.65710075,1244.73168631,27330.82082555,9891.18697000
8,130,0.582000,0.804000,89.29817159,0.00000000,3.81144260,401.29632756,0.00000000,0.00000000,78.66539600,89.29817159,84.63531998,1492.48099468,27426.66622006,7912.94957600
8,131,0.642000,0.748000,102.70854349,4.02008831,0.00000000,369.32525126,0.00000000,0.00000000,94.69756566,106.72863180,101.68074366,1745.79450000,27775.82511989,7912.94957600
8,132,0.656000,0.690000,104.94829366,2.37890827,0.00000000,342.01719374,0.00000000,0.00000000,94.69756566,107.32720193,101.68074366,1745.79450000,27775.82511969,9891.18697000
8,133,0.616000,0.627000,98.54900746,8.77819447,0.00000000,304.17304606,0.00000000,0.00000000,94.69756566,107.32720193,101.68074366,1745.79450000,27775.82511948,9891.18697000
8,134,0.551000,0.578000,88.15016739,19.17703454,0.00000000,269.31709149,0.00000000,0.00000000,94.69756566,107.32720193,101.68074366,1745.79450000,27775.82511928,9891.18697000
8,135,0.444000,0.568000,0.00000000,57.67001469,71.03207680,225.83286349,0.00000000,0.00000000,49.73928100,57.67001469,53.75120360,1002.98064984,27382.17016895,7912.94957600
8,136,0.291000,0.600000,46.55480710,60.17382471,0.00000000,239.30104661,0.00000000,0.00000000,94.69756566,106.72863180,101.68074366,1745.79450000,27731.32906879,7912.94957600
8,137,0.101000,0.649000,16.15819765,73.73854406,0.00000000,250.19344174,0.00000000,0.00000000,78.66539600,89.89674172,84.63531998,1492.48099468,27478.01556326,9891.18697000
8,138,0.000000,0.683000,0.00000000,107.32720193,0.00000000,233.57502659,0.00000000,0.00000000,94.69756566,107.32720193,101.68074366,1745.79450000,27478.01556305,9891.18697000
8,139,0.000000,0.743000,0.00000000,107.32720193,0.00000000,263.52251372,0.00000000,0.00000000,94.69756566,107.32720193,101.68074366,1745.79450000,27478.01556285,9891.18697000
8,140,0.000000,0.753000,0.00000000,107.32720193,0.00000000,268.51376157,0.00000000,0.00000000,94.69756566,107.32720193,101.68074366,1745.79450000,27478.01556264,9891.18697000
8,141,0.000000,0.772000,0.00000000,107.32720193,0.00000000,277.99713250,0.00000000,0.00000000,94.69756566,107.32720193,101.68074366,1745.79450000,27478.01556244,9891.18697000
8,142,0.000000,0.837000,0.00000000,106.72863180,0.00000000,311.03881368,0.00000000,0.00000000,94.69756566,106.72863180,101.68074366,1745.79450000,27827.17446227,7912.94957600
8,143,0.000000,0.866000,0.00000000,44.07720969,0.00000000,388.16485458,0.00000000,0.00000000,36.84682300,44.07720969,39.91750131,767.66957627,26849.04953834,9891.18697000
8,144,0.000000,0.817000,0.00000000,107.32720193,0.00000000,300.45774785,0.00000000,0.00000000,94.69756566,107.32720193,101.68074366,1745.79450000,26849.04953813,9891.18697000
8,145,0.000000,0.752000,0.00000000,106.72863180,0.00000000,268.61320691,0.00000000,0.00000000,94.69756566,106.72863180,101.68074366,1745.79450000,27198.20843797,7912.94957600
8,146,0.000000,0.697000,0.00000000,107.32720193,0.00000000,240.56277358,0.00000000,0.00000000,94.69756566,107.32720193,101.68074366,1745.79450000,27198.20843776,9891.18697000
8,147,0.000000,0.666000,0.00000000,106.83944991,0.00000000,225.57765725,0.00000000,0.00000000,94.69756566,106.83944991,101.68074366,1745.79450000,27482.72473960,8279.19659014
8,148,0.000000,0.644000,0.00000000,106.72863180,0.00000000,214.70773008,0.00000000,0.00000000,94.69756566,106.72863180,101.68074366,1745.79450000,27831.88363944,7912.94957600
8,149,0.000000,0.621000,0.00000000,107.32720193,0.00000000,202.62928988,0.00000000,0.00000000,94.69756566,107.32720193,101.68074366,1745.79450000,27831.88363923,9891.18697000
8,150,0.000000,0.622000,0.00000000,107.32720193,0.00000000,203.12841467,0.00000000,0.00000000,94.69756566,107.32720193,101.68074366,1745.79450000,27831.88363903,9891.18697000
8,151,0.125000,0.752000,19.99776937,87.32943256,0.00000000,288.01240616,0.00000000,0.00000000,94.69756566,107.32720193,101.68074366,1745.79450000,27831.88363882,9891.18697000
8,152,0.319000,0.909000,51.03430743,56.29289449,0.00000000,397.41153555,0.00000000,0.00000000,94.69756566,107.32720193,101.68074366,1745.79450000,27831.88363862,9891.18697000
8,153,0.481000,0.926000,76.95141654,30.37578539,0.00000000,431.81376601,0.00000000,0.00000000,94.69756566,107.32720193,101.68074366,1745.79450000,27831.88363841,9891.18697000
8,154,0.593000,0.903000,94.86941789,12.45778403,0.00000000,438.25189730,0.00000000,0.00000000,94.69756566,107.32720192,101.68074366,1745.79450000,27831.88363944,9891.18696303
8,155,0.655000,0.867000,104.78831150,2.53889042,0.00000000,430.20229862,0.00000000,0.00000000,94.69756566,107.32720193,101.68074366,1745.79450000,27831.88363923,9891.18697000
8,156,0.670000,0.826000,73.28153160,0.00000000,33.90651223,412.27707284,0.00000000,0.00000000,63.67817400,73.28153160,68.65710075,1244.73168631,27482.72473981,9030.54156225
8,157,0.640000,0.783000,102.38857918,4.34005262,0.00000000,386.47465444,0.00000000,0.00000000,94.69756566,106.72863180,101.68074366,1745.79450000,27831.88363964,7912.94957600
8,158,0.573000,0.759000,91.66977480,15.65742713,0.00000000,363.17828508,0.00000000,0.00000000,94.69756566,107.32720193,101.68074366,1745.79450000,27831.88363944,9891.18697000
8,159,0.460000,0.763000,73.59179128,33.73541064,0.00000000,347.09680071,0.00000000,0.00000000,94.69756566,107.32720193,101.68074366,1745.79450000,27831.88363923,9891.18697000
8,160,0.287000,0.791000,45.91487848,61.41232345,0.00000000,333.39538190,0.00000000,0.00000000,94.69756566,107.32720193,101.68074366,1745.79450000,27831.88363903,9891.18697000
8,161,0.101000,0.829000,16.15819765,91.16900427,0.00000000,322.60544292,0.00000000,0.00000000,94.69756566,107.32720193,101.68074366,1745.79450000,27831.88363882,9891.18697000
8,162,0.000000,0.839000,0.00000000,107.32720192,0.00000000,311.43849313,0.00000000,0.00000000,94.69756566,107.32720192,101.68074366,1745.79450000,27831.88363944,9891.18696535
8,163,0.000000,0.853000,0.00000000,58.19230434,0.00000000,367.56113771,0.00000000,0.00000000,49.73928100,58.19230434,53.75120360,1002.98064984,27133.56584038,9639.08469628
8,164,0.000000,0.862000,0.00000000,107.32720193,0.00000000,322.91836319,0.00000000,0.00000000,94.69756566,107.32720193,101.68074366,1745.79450000,27133.56584018,9891.18697000
8,165,0.000000,0.869000,0.00000000,107.32720193,0.00000000,326.41223669,0.00000000,0.00000000,94.69756566,107.32720193,101.68074366,1745.79450000,27133.56583997,9891.18697000
8,166,0.000000,0.857000,0.00000000,107.32720193,0.00000000,320.42273927,0.00000000,0.00000000,94.69756566,107.32720193,101.68074366,1745.79450000,27133.56583977,9891.18697000
8,167,0.000000,0.820000,0.00000000,106.72863180,0.00000000,302.55369233,0.00000000,0.00000000,94.69756566,106.72863180,101.68074366,1745.79450000,27482.72473960,7912.94957600
8,168,0.000000,0.759000,0.00000000,106.72863180,0.00000000,272.10708041,0.00000000,0.00000000,94.69756566,106.72863180,101.68074366,1745.79450000,27831.88363944,7912.94957600
8,169,0.000000,0.692000,0.00000000,57.93189240,0.00000000,287.46245918,0.00000000,0.00000000,49.73928100,57.93189240,53.75120360,1002.98064984,27285.46975424,8778.43929201
8,170,0.000000,0.631000,0.00000000,107.32720193,0.00000000,207.62053774,0.00000000,0.00000000,94.69756566,107.32720193,101.68074366,1745.79450000,27285.46975403,9891.18697000
8,171,0.000000,0.569000,0.00000000,107.32720193,0.00000000,176.67480104,0.00000000,0.00000000,94.69756566,107.32720193,101.68074366,1745.79450000,27285.46975383,9891.18697000
8,172,0.000000,0.519000,0.00000000,107.32720193,0.00000000,151.71856176,0.00000000,0.00000000,94.69756566,107.32720193,101.68074366,1745.79450000,27285.46975362,9891.18697000
8,173,0.000000,0.454000,0.00000000,72.94337341,0.00000000,153.65927922,0.00000000,0.00000000,63.67817400,72.94337341,68.65710075,1244.73168631,27133.56583977,7912.94957600
8,174,0.000000,0.425000,0.00000000,106.72863180,0.00000000,105.39940205,0.00000000,0.00000000,94.69756566,106.72863180,101.68074366,1745.79450000,27482.72473960,7912.94957600
8,175,0.125000,0.609000,19.99776937,86.73086243,0.00000000,217.23613195,0.00000000,0.00000000,94.69756566,106.72863180,101.68074366,1745.79450000,27831.88363944,7912.94957600
8,176,0.319000,0.795000,43.59753070,0.00000000,7.43677673,396.80420449,0.00000000,0.00000000,36.84682300,43.59753070,39.91750131,767.66957627,27133.56584018,8305.87748176
8,177,0.480000,0.803000,76.79143438,29.93719742,0.00000000,370.86000536,0.00000000,0.00000000,94.69756566,106.72863180,101.68074366,1745.79450000,27482.72474001,7912.94957600
8,178,0.592000,0.752000,94.70943574,12.61776619,0.00000000,362.72407253,0.00000000,0.00000000,94.69756566,107.32720193,101.68074366,1745.79450000,27482.72473981,9891.18697000
8,179,0.656000,0.697000,104.94829366,2.37890827,0.00000000,345.51106724,0.00000000,0.00000000,94.69756566,107.32720193,101.68074366,1745.79450000,27482.72473960,9891.18697000
8,180,0.672000,0.656000,106.72863180,0.00000000,0.77937634,327.42585930,0.00000000,0.00000000,94.69756566,106.72863180,101.68074366,1745.79450000,27831.88363944,7912.94957600
8,181,0.635000,0.622000,73.54194353,0.00000000,28.04672487,310.45561659,0.00000000,0.00000000,63.67817400,73.54194353,68.65710075,1244.73168631,27330.82082555,9891.18697000
8,182,0.555000,0.614000,0.00000000,89.29817159,88.79009601,217.16444672,0.00000000,0.00000000,78.66539600,89.29817159,84.63531998,1492.48099468,27426.66622006,7912.94957600
8,183,0.377000,0.642000,60.31327242,47.01392950,0.00000000,273.42418280,0.00000000,0.00000000,94.69756566,107.32720193,101.68074366,1745.79450000,27426.66621985,9891.18697000
8,184,0.197000,0.695000,31.51648453,75.79457133,0.00000000,271.09715461,0.00000000,0.00000000,94.69756566,107.31105585,101.68074366,1745.79450000,27436.08457214,9837.82519952
8,185,0.060000,0.752000,9.59892930,48.07108539,0.00000000,327.27075332,0.00000000,0.00000000,49.73928100,57.67001469,53.75120360,1002.98064984,27042.42962181,7912.94957600
8,186,0.000000,0.765000,0.00000000,107.32720193,0.00000000,274.50325900,0.00000000,0.00000000,94.69756566,107.32720193,101.68074366,1745.79450000,27042.42962160,9891.18697000
8,187,0.000000,0.803000,0.00000000,107.32720193,0.00000000,293.47000085,0.00000000,0.00000000,94.69756566,107.32720193,101.68074366,1745.79450000,27042.42962140,9891.18697000
8,188,0.000000,0.852000,0.00000000,107.32720193,0.00000000,317.92711534,0.00000000,0.00000000,94.69756566,107.32720193,101.68074366,1745.79450000,27042.42962119,9891.18697000
8,189,0.000000,0.846000,0.00000000,107.32720193,0.00000000,314.93236663,0.00000000,0.00000000,94.69756566,107.32720193,101.68074366,1745.79450000,27042.42962099,9891.18697000
8,190,0.000000,0.811000,0.00000000,58.26858481,0.00000000,346.52161625,0.00000000,0.00000000,49.73928100,58.26858481,53.75120360,1002.98064984,26299.61577062,9891.18697000
8,191,0.000000,0.767000,0.00000000,89.29817159,0.00000000,293.53053890,0.00000000,0.00000000,78.66539600,89.29817159,84.63531998,1492.48099468,26395.46116513,7912.94957600
8,192,0.000000,0.700000,0.00000000,89.29817159,0.00000000,260.08917827,0.00000000,0.00000000,78.66539600,89.29817159,84.63531998,1492.48099468,26491.30655964,7912.94957600
8,193,0.000000,0.622000,0.00000000,106.72863180,0.00000000,203.72698479,0.00000000,0.00000000,94.69756566,106.72863180,101.68074366,1745.79450000,26840.46545948,7912.94957600
8,194,0.000000,0.549000,0.00000000,106.72863180,0.00000000,167.29087545,0.00000000,0.00000000,94.69756566,106.72863180,101.68074366,1745.79450000,27189.62435931,7912.94957600
8,195,0.000000,0.465000,0.00000000,107.32720193,0.00000000,124.76582334,0.00000000,0.00000000,94.69756566,107.32720193,101.68074366,1745.79450000,27189.62435911,9891.18697000
8,196,0.000000,0.391000,0.00000000,72.94337341,0.00000000,122.21441773,0.00000000,0.00000000,63.67817400,72.94337341,68.65710075,1244.73168631,27037.72044526,7912.94957600
8,197,0.000000,0.333000,0.00000000,106.72863180,0.00000000,59.47992178,0.00000000,0.00000000,94.69756566,106.72863180,101.68074366,1745.79450000,27386.87934509,7912.94957600
8,198,0.000000,0.311000,0.00000000,89.29817159,0.00000000,65.92963671,0.00000000,0.00000000,78.66539600,89.29817159,84.63531998,1492.48099468,27482.72473960,7912.94957600
8,199,0.116000,0.449000,18.55792998,88.17070182,0.00000000,135.93632687,0.00000000,0.00000000,94.69756566,106.72863180,101.68074366,1745.79450000,27831.88363944,7912.94957600
8,200,0.302000,0.613000,0.00000000,73.54194353,48.31461080,232.42154999,0.00000000,0.00000000,63.67817400,73.54194353,68.65710075,1244.73168631,27330.82082555,9891.18697000
8,201,0.459000,0.613000,73.43180913,33.87703680,0.00000000,272.08645672,0.00000000,0.00000000,94.69756566,107.30884593,101.68074366,1745.79450000,27341.52827337,9830.52154207
8,202,0.570000,0.556000,73.54194353,0.00000000,17.64788480,277.51338075,0.00000000,0.00000000,63.67817400,73.54194353,68.65710075,1244.73168631,26840.46545948,9891.18697000
8,203,0.617000,0.510000,89.29817159,0.00000000,9.41081802,254.55364062,0.00000000,0.00000000,78.66539600,89.29817159,84.63531998,1492.48099468,26936.31085399,7912.94957600
8,204,0.645000,0.484000,103.18848995,4.13871197,0.00000000,237.43768422,0.00000000,0.00000000,94.69756566,107.32720193,101.68074366,1745.79450000,26936.31085378,9891.18697000
8,205,0.567000,0.491000,90.70988187,16.01874994,0.00000000,229.05151976,0.00000000,0.00000000,94.69756566,106.72863180,101.68074366,1745.79450000,27285.46975362,7912.94957600
8,206,0.450000,0.528000,71.99196973,0.95140367,0.00000000,262.58648308,0.00000000,0.00000000,63.67817400,72.94337341,68.65710075,1244.73168631,27133.56583977,7912.94957600
8,207,0.341000,0.594000,54.55391484,52.17471696,0.00000000,244.30540564,0.00000000,0.00000000,94.69756566,106.72863180,101.68074366,1745.79450000,27482.72473960,7912.94957600
8,208,0.222000,0.652000,35.51603840,71.21259340,0.00000000,254.21676676,0.00000000,0.00000000,94.69756566,106.72863180,101.68074366,1745.79450000,27831.88363944,7912.94957600
8,209,0.075000,0.697000,11.99866162,95.32854030,0.00000000,252.56143521,0.00000000,0.00000000,94.69756566,107.32720193,101.68074366,1745.79450000,27831.88363923,9891.18697000
8,210,0.000000,0.685000,0.00000000,43.59753070,0.00000000,298.30294738,0.00000000,0.00000000,36.84682300,43.59753070,39.91750131,767.66957627,27133.56583997,8305.87748176
8,211,0.000000,0.703000,0.00000000,106.72863180,0.00000000,244.15609242,0.00000000,0.00000000,94.69756566,106.72863180,101.68074366,1745.79450000,27482.72473981,7912.94957600
8,212,0.000000,0.771000,0.00000000,107.32720193,0.00000000,277.49800771,0.00000000,0.00000000,94.69756566,107.32720193,101.68074366,1745.79450000,27482.72473960,9891.18697000
8,213,0.000000,0.786000,0.00000000,106.72863180,0.00000000,285.58344962,0.00000000,0.00000000,94.69756566,106.72863180,101.68074366,1745.79450000,27831.88363944,7912.94957600
8,214,0.000000,0.770000,0.00000000,73.54194353,0.00000000,310.78414132,0.00000000,0.00000000,63.67817400,73.54194353,68.65710075,1244.73168631,27330.82082555,9891.18697000
8,215,0.000000,0.708000,0.00000000,106.72863180,0.00000000,246.65171635,0.00000000,0.00000000,94.69756566,106.72863180,101.68074366,1745.79450000,27679.97972538,7912.94957600
8,216,0.000000,0.651000,0.00000000,89.89674172,0.00000000,235.03349366,0.00000000,0.00000000,78.66539600,89.89674172,84.63531998,1492.48099468,27426.66621985,9891.18697000
8,217,0.000000,0.601000,0.00000000,106.72863180,0.00000000,193.24536430,0.00000000,0.00000000,94.69756566,106.72863180,101.68074366,1745.79450000,27775.82511969,7912.94957600
8,218,0.000000,0.550000,0.00000000,107.32720193,0.00000000,167.19143011,0.00000000,0.00000000,94.69756566,107.32720193,101.68074366,1745.79450000,27775.82511948,9891.18697000
8,219,0.000000,0.503000,0.00000000,107.23109968,0.00000000,143.82866744,0.00000000,0.00000000,94.69756566,107.23109968,101.68074366,1745.79450000,27831.88363944,9573.57495776
8,220,0.000000,0.410000,0.00000000,89.89674172,0.00000000,114.74442035,0.00000000,0.00000000,78.66539600,89.89674172,84.63531998,1492.48099468,27578.57013391,9891.18697000
8,221,0.000000,0.347000,0.00000000,107.32720193,0.00000000,65.86909865,0.00000000,0.00000000,94.69756566,107.32720193,101.68074366,1745.79450000,27578.57013371,9891.18697000
8,222,0.000000,0.325000,0.00000000,89.89674172,0.00000000,72.31881358,0.00000000,0.00000000,78.66539600,89.89674172,84.63531998,1492.48099468,27325.25662818,9891.18697000
8,223,0.125000,0.517000,19.99776937,87.05948180,0.00000000,170.98803231,0.00000000,0.00000000,94.69756566,107.05725117,101.68074366,1745.79450000,27482.72473981,8999.01636469
8,224,0.315000,0.704000,50.39437881,56.93282311,0.00000000,294.45102590,0.00000000,0.00000000,94.69756566,107.32720193,101.68074366,1745.79450000,27482.72473960,9891.18697000
8,225,0.471000,0.688000,75.35159499,31.37703681,0.00000000,312.02081563,0.00000000,0.00000000,94.69756566,106.72863180,101.68074366,1745.79450000,27831.88363944,7912.94957600
8,226,0.583000,0.608000,93.26959635,14.05760558,0.00000000,289.41026402,0.00000000,0.00000000,94.69756566,107.32720193,101.68074366,1745.79450000,27831.88363923,9891.18697000
8,227,0.646000,0.516000,72.94337341,0.00000000,30.40509870,257.54838933,0.00000000,0.00000000,63.67817400,72.94337341,68.65710075,1244.73168631,27679.97972538,7912.94957600
8,228,0.658000,0.429000,105.26825797,1.79853202,0.00000000,212.32600097,0.00000000,0.00000000,94.69756566,107.06678999,101.68074366,1745.79450000,27831.88363944,9030.54156341
8,229,0.622000,0.393000,2.99285063,0.00000000,96.51604976,196.15604071,0.00000000,0.00000000,0.00000000,2.99285063,0.00000000,0.00000000,26086.08913923,9891.18697000
8,230,0.551000,0.408000,88.15016739,1.73850129,0.00000000,201.90441120,0.00000000,0.00000000,78.66539600,89.88866868,84.63531998,1492.48099468,25837.48481149,9864.50607605
8,231,0.424000,0.447000,67.83243371,38.89619810,0.00000000,184.21258103,0.00000000,0.00000000,94.69756566,106.72863180,101.68074366,1745.79450000,26186.64371132,7912.94957600
8,232,0.259000,0.522000,41.43537814,65.29325366,0.00000000,195.24988438,0.00000000,0.00000000,94.69756566,106.72863180,101.68074366,1745.79450000,26535.80261116,7912.94957600
8,233,0.090000,0.644000,0.00000000,57.67001469,14.39839395,263.76634719,0.00000000,0.00000000,49.73928100,57.67001469,53.75120360,1002.98064984,26142.14766083,7912.94957600
8,234,0.000000,0.725000,0.00000000,106.72863180,0.00000000,255.13683770,0.00000000,0.00000000,94.69756566,106.72863180,101.68074366,1745.79450000,26491.30656067,7912.94957600
8,235,0.000000,0.792000,0.00000000,106.72863180,0.00000000,288.57819833,0.00000000,0.00000000,94.69756566,106.72863180,101.68074366,1745.79450000,26840.46546050,7912.94957600
8,236,0.000000,0.813000,0.00000000,106.72863180,0.00000000,299.05981883,0.00000000,0.00000000,94.69756566,106.72863180,101.68074366,1745.79450000,27189.62436034,7912.94957600
8,237,0.000000,0.824000,0.00000000,107.32720193,0.00000000,303.95162134,0.00000000,0.00000000,94.69756566,107.32720193,101.68074366,1745.79450000,27189.62436013,9891.18697000
8,238,0.000000,0.788000,0.00000000,107.32720193,0.00000000,285.98312907,0.00000000,0.00000000,94.69756566,107.32720193,101.68074366,1745.79450000,27189.62435993,9891.18697000
8,239,0.000000,0.714000,0.00000000,106.72863180,0.00000000,249.64646506,0.00000000,0.00000000,94.69756566,106.72863180,101.68074366,1745.79450000,27538.78325976,7912.94957600
8,240,0.000000,0.633000,0.00000000,72.94337341,0.00000000,243.00261583,0.00000000,0.00000000,63.67817400,72.94337341,68.65710075,1244.73168631,27386.87934591,7912.94957600
8,241,0.000000,0.577000,0.00000000,107.32720193,0.00000000,180.66779932,0.00000000,0.00000000,94.69756566,107.32720193,101.68074366,1745.79450000,27386.87934571,9891.18697000
8,242,0.000000,0.541000,0.00000000,107.32720193,0.00000000,162.69930704,0.00000000,0.00000000,94.69756566,107.32720193,101.68074366,1745.79450000,27386.87934550,9891.18697000
8,243,0.000000,0.502000,0.00000000,89.89674172,0.00000000,160.66390062,0.00000000,0.00000000,78.66539600,89.89674172,84.63531998,1492.48099468,27133.56583997,9891.18697000
8,244,0.000000,0.454000,0.00000000,106.72863180,0.00000000,119.87402083,0.00000000,0.00000000,94.69756566,106.72863180,101.68074366,1745.79450000,27482.72473981,7912.94957600
8,245,0.000000,0.401000,0.00000000,106.72863180,0.00000000,93.42040719,0.00000000,0.00000000,94.69756566,106.72863180,101.68074366,1745.79450000,27831.88363964,7912.94957600
8,246,0.000000,0.346000,0.00000000,107.32720193,0.00000000,65.36997386,0.00000000,0.00000000,94.69756566,107.32720193,101.68074366,1745.79450000,27831.88363944,9891.18697000
8,247,0.128000,0.535000,20.47771584,86.84948609,0.00000000,180.18227416,0.00000000,0.00000000,94.69756566,107.32720193,101.68074366,1745.79450000,27831.88363923,9891.18697000
8,248,0.320000,0.722000,51.19428959,56.13291234,0.00000000,304.23518281,0.00000000,0.00000000,94.69756566,107.32720193,101.68074366,1745.79450000,27831.88363903,9891.18697000
8,249,0.473000,0.718000,75.67155930,31.65564263,0.00000000,326.71595338,0.00000000,0.00000000,94.69756566,107.32720193,101.68074366,1745.79450000,27831.88363882,9891.18697000
8,250,0.584000,0.657000,93.42957850,13.89762343,0.00000000,314.02736066,0.00000000,0.00000000,94.69756566,107.32720193,101.68074366,1745.79450000,27831.88363862,9891.18697000
8,251,0.647000,0.586000,89.89674172,0.00000000,13.61171255,292.48712432,0.00000000,0.00000000,78.66539600,89.89674172,84.63531998,1492.48099468,27578.57013309,9891.18697000
8,252,0.660000,0.522000,105.58822228,1.73897965,0.00000000,258.80415839,0.00000000,0.00000000,94.69756566,107.32720193,101.68074366,1745.79450000,27578.57013289,9891.18697000
8,253,0.628000,0.477000,100.46879332,6.42414817,0.00000000,231.65837453,0.00000000,0.00000000,94.69756566,106.89294149,101.68074366,1745.79450000,27831.88363944,8455.98296570
8,254,0.542000,0.463000,43.59753071,0.00000000,43.11279729,231.09477570,0.00000000,0.00000000,36.84682300,43.59753071,39.91750131,767.66957627,27133.56583977,8305.87748409
8,255,0.402000,0.487000,64.31282630,42.41580550,0.00000000,200.65796504,0.00000000,0.00000000,94.69756566,106.72863180,101.68074366,1745.79450000,27482.72473960,7912.94957600
8,256,0.239000,0.557000,38.23573504,68.49289676,0.00000000,209.51960877,0.00000000,0.00000000,94.69756566,106.72863180,101.68074366,1745.79450000,27831.88363944,7912.94957600
8,257,0.077000,0.660000,0.00000000,72.94337341,12.31862593,256.47898504,0.00000000,0.00000000,63.67817400,72.94337341,68.65710075,1244.73168631,27679.97972559,7912.94957600
8,258,0.000000,0.737000,0.00000000,107.23109968,0.00000000,260.62386725,0.00000000,0.00000000,94.69756566,107.23109968,101.68074366,1745.79450000,27736.03824493,9573.57496124
8,259,0.000000,0.787000,0.00000000,89.29817159,0.00000000,303.51303461,0.00000000,0.00000000,78.66539600,89.29817159,84.63531998,1492.48099468,27831.88363944,7912.94957600
8,260,0.000000,0.808000,0.00000000,89.89674172,0.00000000,313.39608499,0.00000000,0.00000000,78.66539600,89.89674172,84.63531998,1492.48099468,27578.57013391,9891.18697000
8,261,0.000000,0.788000,0.00000000,107.32720193,0.00000000,285.98312907,0.00000000,0.00000000,94.69756566,107.32720193,101.68074366,1745.79450000,27578.57013371,9891.18697000
8,262,0.000000,0.722000,0.00000000,72.94337341,0.00000000,287.42472174,0.00000000,0.00000000,63.67817400,72.94337341,68.65710075,1244.73168631,27426.66621985,7912.94957600
8,263,0.000000,0.627000,0.00000000,106.72863180,0.00000000,206.22260872,0.00000000,0.00000000,94.69756566,106.72863180,101.68074366,1745.79450000,27775.82511969,7912.94957600
8,264,0.000000,0.541000,0.00000000,107.32720193,0.00000000,162.69930704,0.00000000,0.00000000,94.69756566,107.32720193,101.68074366,1745.79450000,27775.82511948,9891.18697000
8,265,0.000000,0.472000,0.00000000,73.54194353,0.00000000,162.04495523,0.00000000,0.00000000,63.67817400,73.54194353,68.65710075,1244.73168631,27274.76230559,9891.18697000
8,266,0.000000,0.415000,0.00000000,106.72863180,0.00000000,100.40815419,0.00000000,0.00000000,94.69756566,106.72863180,101.68074366,1745.79450000,27623.92120543,7912.94957600
8,267,0.000000,0.371000,0.00000000,107.32720193,0.00000000,77.84809350,0.00000000,0.00000000,94.69756566,107.32720193,101.68074366,1745.79450000,27623.92120522,9891.18697000
8,268,0.000000,0.341000,0.00000000,72.94337341,0.00000000,97.25817845,0.00000000,0.00000000,63.67817400,72.94337341,68.65710075,1244.73168631,27472.01729137,7912.94957600
8,269,0.000000,0.334000,0.00000000,106.87458549,0.00000000,59.83309287,0.00000000,0.00000000,94.69756566,106.87458549,101.68074366,1745.79450000,27736.03824493,8395.31754357
8,270,0.000000,0.308000,0.00000000,89.29817159,0.00000000,64.43226235,0.00000000,0.00000000,78.66539600,89.29817159,84.63531998,1492.48099468,27831.88363944,7912.94957600
8,271,0.125000,0.505000,19.99776937,87.32943255,0.00000000,164.72858413,0.00000000,0.00000000,94.69756566,107.32720192,101.68074366,1745.79450000,27831.88363985,9891.18696652
8,272,0.316000,0.650000,50.55436097,56.77284096,0.00000000,267.65826963,0.00000000,0.00000000,94.69756566,107.32720193,101.68074366,1745.79450000,27831.88363964,9891.18697000
8,273,0.473000,0.591000,75.67155930,31.65564263,0.00000000,263.32710562,0.00000000,0.00000000,94.69756566,107.32720193,101.68074366,1745.79450000,27831.88363944,9891.18697000
8,274,0.582000,0.484000,93.10961419,14.21758774,0.00000000,227.35880846,0.00000000,0.00000000,94.69756566,107.32720193,101.68074366,1745.79450000,27831.88363923,9891.18697000
8,275,0.642000,0.375000,2.39428050,0.00000000,100.31426299,187.17179457,0.00000000,0.00000000,0.00000000,2.39428050,0.00000000,0.00000000,26435.24803907,7912.94957600
8,276,0.657000,0.284000,105.10827581,2.21892611,0.00000000,139.53251297,0.00000000,0.00000000,94.69756566,107.32720193,101.68074366,1745.79450000,26435.24803887,9891.18697000
8,277,0.614000,0.225000,98.22904315,8.49958865,0.00000000,103.80348809,0.00000000,0.00000000,94.69756566,106.72863180,101.68074366,1745.79450000,26784.40693870,7912.94957600
8,278,0.551000,0.195000,88.15016739,18.57846441,0.00000000,78.75086876,0.00000000,0.00000000,94.69756566,106.72863180,101.68074366,1745.79450000,27133.56583854,7912.94957600
8,279,0.422000,0.208000,67.51246940,39.71863028,0.00000000,64.09932511,0.00000000,0.00000000,94.69756566,107.23109968,101.68074366,1745.79450000,27189.62435931,9573.57495311
8,280,0.251000,0.275000,40.15552090,66.57311090,0.00000000,70.68620511,0.00000000,0.00000000,94.69756566,106.72863180,101.68074366,1745.79450000,27538.78325915,7912.94957600
8,281,0.084000,0.409000,13.43850102,75.85967057,0.00000000,128.28236670,0.00000000,0.00000000,78.66539600,89.29817159,84.63531998,1492.48099468,27634.62865366,7912.94957600
8,282,0.000000,0.584000,0.00000000,107.32720193,0.00000000,184.16167282,0.00000000,0.00000000,94.69756566,107.32720193,101.68074366,1745.79450000,27634.62865346,9891.18697000
8,283,0.000000,0.692000,0.00000000,72.94337341,0.00000000,272.45097817,0.00000000,0.00000000,63.67817400,72.94337341,68.65710075,1244.73168631,27482.72473960,7912.94957600
8,284,0.000000,0.777000,0.00000000,106.72863180,0.00000000,281.09132655,0.00000000,0.00000000,94.69756566,106.72863180,101.68074366,1745.79450000,27831.88363944,7912.94957600
8,285,0.000000,0.804000,0.00000000,107.32720193,0.00000000,293.96912563,0.00000000,0.00000000,94.69756566,107.32720193,101.68074366,1745.79450000,27831.88363923,9891.18697000
8,286,0.000000,0.792000,0.00000000,73.54194353,0.00000000,321.76488660,0.00000000,0.00000000,63.67817400,73.54194353,68.65710075,1244.73168631,27330.82082534,9891.18697000
8,287,0.000000,0.740000,0.00000000,107.32720193,0.00000000,262.02513936,0.00000000,0.00000000,94.69756566,107.32720193,101.68074366,1745.79450000,27330.82082514,9891.18697000
8,288,0.000000,0.661000,0.00000000,72.94337341,0.00000000,256.97810982,0.00000000,0.00000000,63.67817400,72.94337341,68.65710075,1244.73168631,27178.91691128,7912.94957600
8,289,0.000000,0.561000,0.00000000,106.73009758,0.00000000,173.27890710,0.00000000,0.00000000,94.69756566,106.73009758,101.68074366,1745.79450000,27527.22079071,7917.79388426
8,290,0.000000,0.467000,0.00000000,107.32720193,0.00000000,125.76407291,0.00000000,0.00000000,94.69756566,107.32720193,101.68074366,1745.79450000,27527.22079051,9891.18697000
8,291,0.000000,0.413000,0.00000000,58.26858481,0.00000000,147.86995161,0.00000000,0.00000000,49.73928100,58.26858481,53.75120360,1002.98064984,26784.40694014,9891.18697000
8,292,0.000000,0.417000,0.00000000,107.32720193,0.00000000,100.80783364,0.00000000,0.00000000,94.69756566,107.32720193,101.68074366,1745.79450000,26784.40693993,9891.18697000
8,293,0.000000,0.405000,0.00000000,106.72863180,0.00000000,95.41690634,0.00000000,0.00000000,94.69756566,106.72863180,101.68074366,1745.79450000,27133.56583977,7912.94957600
8,294,0.000000,0.386000,0.00000000,106.72863180,0.00000000,85.93353541,0.00000000,0.00000000,94.69756566,106.72863180,101.68074366,1745.79450000,27482.72473960,7912.94957600
8,295,0.131000,0.478000,20.95766230,85.77096950,0.00000000,152.81067798,0.00000000,0.00000000,94.69756566,106.72863180,101.68074366,1745.79450000,27831.88363944,7912.94957600
8,296,0.330000,0.568000,52.79411114,4.87590355,0.00000000,278.62697463,0.00000000,0.00000000,49.73928100,57.67001469,53.75120360,1002.98064984,27438.22868911,7912.94957600
8,297,0.492000,0.529000,78.71122024,28.61598168,0.00000000,235.42102986,0.00000000,0.00000000,94.69756566,107.32720193,101.68074366,1745.79450000,27438.22868891,9891.18697000
8,298,0.602000,0.452000,30.37356422,0.00000000,65.93569306,225.60440306,0.00000000,0.00000000,25.00174700,30.37356422,27.15938231,539.40882693,26581.00191567,7912.94957600
8,299,0.665000,0.379000,106.38813305,0.61315644,0.00000000,188.55513727,0.00000000,0.00000000,94.69756566,107.00128950,101.68074366,1745.79450000,26771.11368432,8814.06646658
8,300,0.682000,0.313000,106.72863180,0.00000000,2.37919789,156.22605787,0.00000000,0.00000000,94.69756566,106.72863180,101.68074366,1745.79450000,27120.27258415,7912.94957600
8,301,0.623000,0.272000,89.29817159,0.00000000,10.37071095,135.76194166,0.00000000,0.00000000,78.66539600,89.29817159,84.63531998,1492.48099468,27216.11797866,7912.94957600
8,302,0.569000,0.265000,91.02984618,16.29735575,0.00000000,115.97071241,0.00000000,0.00000000,94.69756566,107.32720193,101.68074366,1745.79450000,27216.11797846,9891.18697000
8,303,0.444000,0.291000,71.03207680,36.29512512,0.00000000,108.95018747,0.00000000,0.00000000,94.69756566,107.32720193,101.68074366,1745.79450000,27216.11797825,9891.18697000
8,304,0.262000,0.361000,41.91532460,2.16188509,0.00000000,178.02216249,0.00000000,0.00000000,36.84682300,44.07720969,39.91750131,767.66957627,26237.99305432,9891.18697000
8,305,0.096000,0.479000,15.35828688,91.37034492,0.00000000,147.71042734,0.00000000,0.00000000,94.69756566,106.72863180,101.68074366,1745.79450000,26587.15195415,7912.94957600
8,306,0.000000,0.599000,0.00000000,72.94337341,0.00000000,226.03237312,0.00000000,0.00000000,63.67817400,72.94337341,68.65710075,1244.73168631,26435.24804030,7912.94957600
8,307,0.000000,0.706000,0.00000000,106.72863180,0.00000000,245.65346678,0.00000000,0.00000000,94.69756566,106.72863180,101.68074366,1745.79450000,26784.40694014,7912.94957600
8,308,0.000000,0.799000,0.00000000,106.72863180,0.00000000,292.07207183,0.00000000,0.00000000,94.69756566,106.72863180,101.68074366,1745.79450000,27133.56583997,7912.94957600
8,309,0.000000,0.803000,0.00000000,107.32720193,0.00000000,293.47000085,0.00000000,0.00000000,94.69756566,107.32720193,101.68074366,1745.79450000,27133.56583977,9891.18697000
8,310,0.000000,0.800000,0.00000000,106.72863180,0.00000000,292.57119662,0.00000000,0.00000000,94.69756566,106.72863180,101.68074366,1745.79450000,27482.72473960,7912.94957600
8,311,0.000000,0.741000,0.00000000,106.72863180,0.00000000,263.12283427,0.00000000,0.00000000,94.69756566,106.72863180,101.68074366,1745.79450000,27831.88363944,7912.94957600
8,312,0.000000,0.649000,0.00000000,107.32720193,0.00000000,216.60478388,0.00000000,0.00000000,94.69756566,107.32720193,101.68074366,1745.79450000,27831.88363944,9891.18696884
8,313,0.000000,0.575000,0.00000000,73.28153160,0.00000000,213.71522008,0.00000000,0.00000000,63.67817400,73.28153160,68.65710075,1244.73168631,27482.72474022,9030.54156109
8,314,0.000000,0.540000,0.00000000,107.32720193,0.00000000,162.20018226,0.00000000,0.00000000,94.69756566,107.32720193,101.68074366,1745.79450000,27482.72474001,9891.18697000
8,315,0.000000,0.497000,0.00000000,107.32720193,0.00000000,140.73781648,0.00000000,0.00000000,94.69756566,107.32720193,101.68074366,1745.79450000,27482.72473981,9891.18697000
8,316,0.000000,0.511000,0.00000000,106.72863180,0.00000000,148.32413360,0.00000000,0.00000000,94.69756566,106.72863180,101.68074366,1745.79450000,27831.88363964,7912.94957600
8,317,0.000000,0.550000,0.00000000,107.32720193,0.00000000,167.19143011,0.00000000,0.00000000,94.69756566,107.32720193,101.68074366,1745.79450000,27831.88363944,9891.18697000
8,318,0.000000,0.538000,0.00000000,107.32720193,0.00000000,161.20193269,0.00000000,0.00000000,94.69756566,107.32720193,101.68074366,1745.79450000,27831.88363923,9891.18697000
8,319,0.137000,0.636000,21.91755523,51.62438830,0.00000000,265.81897529,0.00000000,0.00000000,63.67817400,73.54194353,68.65710075,1244.73168631,27330.82082534,9891.18697000
8,320,0.340000,0.695000,54.39393269,52.33469911,0.00000000,294.55702683,0.00000000,0.00000000,94.69756566,106.72863180,101.68074366,1745.79450000,27679.97972518,7912.94957600
8,321,0.503000,0.643000,72.94337341,0.00000000,7.52765054,320.93723709,0.00000000,0.00000000,63.67817400,72.94337341,68.65710075,1244.73168631,27528.07581132,7912.94957600
8,322,0.614000,0.520000,98.22904315,8.57733491,0.00000000,250.96755357,0.00000000,0.00000000,94.69756566,106.80637805,101.68074366,1745.79450000,27831.88364005,8169.89615450
8,323,0.675000,0.386000,107.32720193,0.00000000,0.66075268,192.66216721,0.00000000,0.00000000,94.69756566,107.32720193,101.68074366,1745.79450000,27831.88363985,9891.18697000
8,324,0.691000,0.255000,107.32720193,0.00000000,3.22046716,127.27682031,0.00000000,0.00000000,94.69756566,107.32720193,101.68074366,1745.79450000,27831.88363964,9891.18697000
8,325,0.663000,0.167000,106.06816874,1.25903318,0.00000000,82.09480600,0.00000000,0.00000000,94.69756566,107.32720193,101.68074366,1745.79450000,27831.88363944,9891.18697000
8,326,0.592000,0.113000,94.70943574,12.61776619,0.00000000,43.78333458,0.00000000,0.00000000,94.69756566,107.32720193,101.68074366,1745.79450000,27831.88363944,9891.18696884
8,327,0.476000,0.082000,2.39428050,0.00000000,73.75722526,40.92823241,0.00000000,0.00000000,0.00000000,2.39428050,0.00000000,0.00000000,26435.24803928,7912.94957600
8,328,0.313000,0.066000,50.07441450,22.86895890,0.00000000,10.07327694,0.00000000,0.00000000,63.67817400,72.94337341,68.65710075,1244.73168631,26283.34412542,7912.94957600
8,329,0.120000,0.072000,2.39428050,0.00000000,16.80357810,35.93698456,0.00000000,0.00000000,0.00000000,2.39428050,0.00000000,0.00000000,24886.70852526,7912.94957600
8,330,0.000000,0.186000,0.00000000,89.29817159,0.00000000,3.53903852,0.00000000,0.00000000,78.66539600,89.29817159,84.63531998,1492.48099468,24982.55391977,7912.94957600
8,331,0.000000,0.392000,0.00000000,73.54194353,0.00000000,122.11497239,0.00000000,0.00000000,63.67817400,73.54194353,68.65710075,1244.73168631,24481.49110588,9891.18697000
8,332,0.000000,0.518000,0.00000000,89.29817159,0.00000000,169.24846731,0.00000000,0.00000000,78.66539600,89.29817159,84.63531998,1492.48099468,24577.33650039,7912.94957600
8,333,0.000000,0.544000,0.00000000,106.72863180,0.00000000,164.79525152,0.00000000,0.00000000,94.69756566,106.72863180,101.68074366,1745.79450000,24926.49540022,7912.94957600
8,334,0.000000,0.485000,0.00000000,89.29817159,0.00000000,152.77734939,0.00000000,0.00000000,78.66539600,89.29817159,84.63531998,1492.48099468,25022.34079474,7912.94957600
8,335,0.000000,0.466000,0.00000000,106.72863180,0.00000000,125.86351825,0.00000000,0.00000000,94.69756566,106.72863180,101.68074366,1745.79450000,25371.49969457,7912.94957600
8,336,0.000000,0.463000,0.00000000,106.72863180,0.00000000,124.36614390,0.00000000,0.00000000,94.69756566,106.72863180,101.68074366,1745.79450000,25720.65859441,7912.94957600
8,337,0.000000,0.499000,0.00000000,106.72863180,0.00000000,142.33463617,0.00000000,0.00000000,94.69756566,106.72863180,101.68074366,1745.79450000,26069.81749424,7912.94957600
8,338,0.000000,0.480000,0.00000000,106.72863180,0.00000000,132.85126525,0.00000000,0.00000000,94.69756566,106.72863180,101.68074366,1745.79450000,26418.97639408,7912.94957600
8,339,0.000000,0.469000,0.00000000,106.72863180,0.00000000,127.36089261,0.00000000,0.00000000,94.69756566,106.72863180,101.68074366,1745.79450000,26768.13529392,7912.94957600
8,340,0.000000,0.432000,0.00000000,106.86504668,0.00000000,108.75686067,0.00000000,0.00000000,94.69756566,106.86504668,101.68074366,1745.79450000,27037.72044546,8363.79234252
8,341,0.000000,0.395000,0.00000000,106.72863180,0.00000000,90.42565848,0.00000000,0.00000000,94.69756566,106.72863180,101.68074366,1745.79450000,27386.87934530,7912.94957600
8,342,0.000000,0.345000,0.00000000,89.29817159,0.00000000,82.89987941,0.00000000,0.00000000,78.66539600,89.29817159,84.63531998,1492.48099468,27482.72473981,7912.94957600
8,343,0.135000,0.525000,21.59759092,85.72961101,0.00000000,176.31090139,0.00000000,0.00000000,94.69756566,107.32720193,101.68074366,1745.79450000,27482.72473960,9891.18697000
8,344,0.334000,0.635000,53.43403976,53.29459204,0.00000000,263.64964676,0.00000000,0.00000000,94.69756566,106.72863180,101.68074366,1745.79450000,27831.88363944,7912.94957600
8,345,0.496000,0.548000,79.35114886,27.97605306,0.00000000,245.54432940,0.00000000,0.00000000,94.69756566,107.32720193,101.68074366,1745.79450000,27831.88363923,9891.18697000
8,346,0.607000,0.397000,44.07720969,0.00000000,53.03195838,198.15253985,0.00000000,0.00000000,36.84682300,44.07720969,39.91750131,767.66957627,26853.75871530,9891.18697000
8,347,0.670000,0.253000,106.72863180,0.00000000,0.45941203,126.27857074,0.00000000,0.00000000,94.69756566,106.72863180,101.68074366,1745.79450000,27202.91761513,7912.94957600
8,348,0.687000,0.147000,72.94337341,0.00000000,36.96436705,73.37134347,0.00000000,0.00000000,63.67817400,72.94337341,68.65710075,1244.73168631,27051.01370128,7912.94957600
8,349,0.661000,0.083000,105.74820443,1.57899749,0.00000000,39.84835970,0.00000000,0.00000000,94.69756566,107.32720193,101.68074366,1745.79450000,27051.01370108,9891.18697000
8,350,0.583000,0.049000,82.27151731,24.45711449,10.99807903,0.00000000,0.00000000,0.00000000,94.69756566,106.72863180,101.68074366,1745.79450000,27400.17260091,7912.94957600
8,351,0.465000,0.040000,74.39170206,15.50503966,0.00000000,4.45995176,0.00000000,0.00000000,78.66539600,89.89674172,84.63531998,1492.48099468,27146.85909538,9891.18697000
8,352,0.297000,0.051000,47.51470002,25.45536406,0.00000000,0.00000000,0.00000000,0.00000000,63.55195832,72.97006409,68.52212890,1242.54264425,26896.52398046,8458.23093019
8,353,0.101000,0.100000,2.39428050,0.00000000,13.76391715,49.91247855,0.00000000,0.00000000,0.00000000,2.39428050,0.00000000,0.00000000,25499.88838029,7912.94957600
8,354,0.000000,0.251000,0.00000000,106.72863180,0.00000000,18.55168937,0.00000000,0.00000000,94.69756566,106.72863180,101.68074366,1745.79450000,25849.04728013,7912.94957600
8,355,0.000000,0.427000,0.00000000,106.72863180,0.00000000,106.39765162,0.00000000,0.00000000,94.69756566,106.72863180,101.68074366,1745.79450000,26198.20617997,7912.94957600
8,356,0.000000,0.547000,0.00000000,72.94337341,0.00000000,200.07788427,0.00000000,0.00000000,63.67817400,72.94337341,68.65710075,1244.73168631,26046.30226611,7912.94957600
8,357,0.000000,0.695000,0.00000000,72.94337341,0.00000000,273.94835253,0.00000000,0.00000000,63.67817400,72.94337341,68.65710075,1244.73168631,25894.39835226,7912.94957600
8,358,0.000000,0.777000,0.00000000,107.32720193,0.00000000,280.49275642,0.00000000,0.00000000,94.69756566,107.32720193,101.68074366,1745.79450000,25894.39835206,9891.18697000
8,359,0.000000,0.786000,0.00000000,106.72863180,0.00000000,285.58344962,0.00000000,0.00000000,94.69756566,106.72863180,101.68074366,1745.79450000,26243.55725189,7912.94957600
8,360,0.000000,0.763000,0.00000000,106.72863180,0.00000000,274.10357955,0.00000000,0.00000000,94.69756566,106.72863180,101.68074366,1745.79450000,26592.71615173,7912.94957600
8,361,0.000000,0.722000,0.00000000,107.32720193,0.00000000,253.04089322,0.00000000,0.00000000,94.69756566,107.32720193,101.68074366,1745.79450000,26592.71615152,9891.18697000
8,362,0.000000,0.683000,0.00000000,107.32720193,0.00000000,233.57502659,0.00000000,0.00000000,94.69756566,107.32720193,101.68074366,1745.79450000,26592.71615132,9891.18697000
8,363,0.000000,0.643000,0.00000000,106.72863180,0.00000000,214.20860529,0.00000000,0.00000000,94.69756566,106.72863180,101.68074366,1745.79450000,26941.87505115,7912.94957600
8,364,0.000000,0.590000,0.00000000,106.72863180,0.00000000,187.75499166,0.00000000,0.00000000,94.69756566,106.72863180,101.68074366,1745.79450000,27291.03395099,7912.94957600
8,365,0.000000,0.537000,0.00000000,89.29817159,0.00000000,178.73183823,0.00000000,0.00000000,78.66539600,89.29817159,84.63531998,1492.48099468,27386.87934550,7912.94957600
8,366,0.000000,0.479000,0.00000000,89.89674172,0.00000000,149.18403055,0.00000000,0.00000000,78.66539600,89.89674172,84.63531998,1492.48099468,27133.56583997,9891.18697000
8,367,0.137000,0.601000,21.91755523,84.81107657,0.00000000,215.16291953,0.00000000,0.00000000,94.69756566,106.72863180,101.68074366,1745.79450000,27482.72473981,7912.94957600
8,368,0.338000,0.657000,54.07396838,53.25323355,0.00000000,274.67175054,0.00000000,0.00000000,94.69756566,107.32720193,101.68074366,1745.79450000,27482.72473960,9891.18697000
8,369,0.502000,0.573000,80.31104179,26.41759001,0.00000000,259.58091210,0.00000000,0.00000000,94.69756566,106.72863180,101.68074366,1745.79450000,27831.88363944,7912.94957600
8,370,0.614000,0.437000,0.00000000,43.92226645,98.22904315,174.19526483,0.00000000,0.00000000,36.84682300,43.92226645,39.91750131,767.66957627,26944.14045854,9379.10910578
8,371,0.676000,0.305000,0.00000000,73.54194353,108.14793676,78.69111605,0.00000000,0.00000000,63.67817400,73.54194353,68.65710075,1244.73168631,26443.07764465,9891.18697000
8,372,0.693000,0.199000,106.72863180,0.00000000,4.13900159,99.32583232,0.00000000,0.00000000,94.69756566,106.72863180,101.68074366,1745.79450000,26792.23654448,7912.94957600
8,373,0.663000,0.126000,0.00000000,58.26858481,106.06816874,4.62113816,0.00000000,0.00000000,49.73928100,58.26858481,53.75120360,1002.98064984,26049.42269411,9891.18697000
8,374,0.593000,0.084000,94.86941789,11.85921391,0.00000000,30.06726808,0.00000000,0.00000000,94.69756566,106.72863180,101.68074366,1745.79450000,26398.58159395,7912.94957600
8,375,0.478000,0.067000,76.47147007,30.85573185,0.00000000,2.58562878,0.00000000,0.00000000,94.69756566,107.32720193,101.68074366,1745.79450000,26398.58159374,9891.18697000
8,376,0.313000,0.069000,50.07441450,34.43961020,0.00000000,0.00000000,0.00000000,0.00000000,74.28129568,84.51402471,79.96133084,1420.00879111,26421.95478468,7912.94957600
8,377,0.106000,0.102000,16.95810843,27.11910126,0.00000000,23.79162686,0.00000000,0.00000000,36.84682300,44.07720969,39.91750131,767.66957627,25443.82986075,9891.18697000
8,378,0.000000,0.239000,0.00000000,106.72863180,0.00000000,12.56219194,0.00000000,0.00000000,94.69756566,106.72863180,101.68074366,1745.79450000,25792.98876058,7912.94957600
8,379,0.000000,0.444000,0.00000000,106.72863180,0.00000000,114.88277297,0.00000000,0.00000000,94.69756566,106.72863180,101.68074366,1745.79450000,26142.14766042,7912.94957600
8,380,0.000000,0.546000,0.00000000,107.32720193,0.00000000,165.19493097,0.00000000,0.00000000,94.69756566,107.32720193,101.68074366,1745.79450000,26142.14766022,9891.18697000
8,381,0.000000,0.648000,0.00000000,72.94337341,0.00000000,250.48948761,0.00000000,0.00000000,63.67817400,72.94337341,68.65710075,1244.73168631,25990.24374636,7912.94957600
8,382,0.000000,0.765000,0.00000000,106.72863180,0.00000000,275.10182912,0.00000000,0.00000000,94.69756566,106.72863180,101.68074366,1745.79450000,26339.40264620,7912.94957600
8,383,0.000000,0.785000,0.00000000,106.72863180,0.00000000,285.08432483,0.00000000,0.00000000,94.69756566,106.72863180,101.68074366,1745.79450000,26688.56154604,7912.94957600
8,384,0.000000,0.748000,0.00000000,107.32720193,0.00000000,266.01813764,0.00000000,0.00000000,94.69756566,107.32720193,101.68074366,1745.79450000,26688.56154583,9891.18697000
8,385,0.000000,0.709000,0.00000000,107.32720193,0.00000000,246.55227101,0.00000000,0.00000000,94.69756566,107.32720193,101.68074366,1745.79450000,26688.56154563,9891.18697000
8,386,0.000000,0.665000,0.00000000,106.72863180,0.00000000,225.18935057,0.00000000,0.00000000,94.69756566,106.72863180,101.68074366,1745.79450000,27037.72044546,7912.94957600
8,387,0.000000,0.594000,0.00000000,107.32720193,0.00000000,189.15292067,0.00000000,0.00000000,94.69756566,107.32720193,101.68074366,1745.79450000,27037.72044526,9891.18697000
8,388,0.000000,0.556000,0.00000000,89.29817159,0.00000000,188.21520916,0.00000000,0.00000000,78.66539600,89.29817159,84.63531998,1492.48099468,27133.56583977,7912.94957600
8,389,0.000000,0.538000,0.00000000,106.72863180,0.00000000,161.80050281,0.00000000,0.00000000,94.69756566,106.72863180,101.68074366,1745.79450000,27482.72473960,7912.94957600
8,390,0.000000,0.513000,0.00000000,106.72863180,0.00000000,149.32238317,0.00000000,0.00000000,94.69756566,106.72863180,101.68074366,1745.79450000,27831.88363944,7912.94957600
8,391,0.111000,0.648000,17.75801920,25.72062036,0.00000000,297.71224066,0.00000000,0.00000000,36.84682300,43.47863956,39.91750131,767.66957627,27202.91761554,7912.94957600
8,392,0.316000,0.785000,50.55436097,56.29316198,0.00000000,335.51979466,0.00000000,0.00000000,94.69756566,106.84752294,101.68074366,1745.79450000,27482.72473960,8305.87748409
8,393,0.496000,0.783000,79.35114886,27.37748294,0.00000000,363.43722413,0.00000000,0.00000000,94.69756566,106.72863180,101.68074366,1745.79450000,27831.88363944,7912.94957600
8,394,0.612000,0.701000,97.90907884,9.41812309,0.00000000,340.46835156,0.00000000,0.00000000,94.69756566,107.32720193,101.68074366,1745.79450000,27831.88363923,9891.18697000
8,395,0.674000,0.606000,107.32720192,0.00000000,0.50077052,302.46962003,0.00000000,0.00000000,94.69756566,107.32720192,101.68074366,1745.79450000,27831.88363964,9891.18696652
8,396,0.691000,0.512000,107.32720193,0.00000000,3.22046716,255.55189019,0.00000000,0.00000000,94.69756566,107.32720193,101.68074366,1745.79450000,27831.88363944,9891.18697000
8,397,0.641000,0.422000,44.07720969,0.00000000,58.47135165,210.63065949,0.00000000,0.00000000,36.84682300,44.07720969,39.91750131,767.66957627,26853.75871550,9891.18697000
8,398,0.559000,0.357000,72.94337341,0.00000000,16.48665122,178.18754843,0.00000000,0.00000000,63.67817400,72.94337341,68.65710075,1244.73168631,26701.85480165,7912.94957600
8,399,0.449000,0.337000,71.83198758,35.49521435,0.00000000,132.70983837,0.00000000,0.00000000,94.69756566,107.32720193,101.68074366,1745.79450000,26701.85480145,9891.18697000
8,400,0.263000,0.370000,42.07530676,64.65332504,0.00000000,120.02284560,0.00000000,0.00000000,94.69756566,106.72863180,101.68074366,1745.79450000,27051.01370128,7912.94957600
8,401,0.095000,0.466000,15.19830472,92.12889720,0.00000000,140.46325285,0.00000000,0.00000000,94.69756566,107.32720193,101.68074366,1745.79450000,27051.01370108,9891.18697000
8,402,0.000000,0.606000,0.00000000,72.94337341,0.00000000,229.52624662,0.00000000,0.00000000,63.67817400,72.94337341,68.65710075,1244.73168631,26899.10978722,7912.94957600
8,403,0.000000,0.704000,0.00000000,107.32720193,0.00000000,244.05664708,0.00000000,0.00000000,94.69756566,107.32720193,101.68074366,1745.79450000,26899.10978702,9891.18697000
8,404,0.000000,0.775000,0.00000000,89.89674172,0.00000000,296.92496706,0.00000000,0.00000000,78.66539600,89.89674172,84.63531998,1492.48099468,26645.79628149,9891.18697000
8,405,0.000000,0.879000,0.00000000,107.32720193,0.00000000,331.40348455,0.00000000,0.00000000,94.69756566,107.32720193,101.68074366,1745.79450000,26645.79628129,9891.18697000
8,406,0.000000,0.920000,0.00000000,106.72863180,0.00000000,352.46617088,0.00000000,0.00000000,94.69756566,106.72863180,101.68074366,1745.79450000,26994.95518112,7912.94957600
8,407,0.000000,0.902000,0.00000000,72.94337341,0.00000000,377.26718313,0.00000000,0.00000000,63.67817400,72.94337341,68.65710075,1244.73168631,26843.05126727,7912.94957600
8,408,0.000000,0.876000,0.00000000,107.32720193,0.00000000,329.90611019,0.00000000,0.00000000,94.69756566,107.32720193,101.68074366,1745.79450000,26843.05126706,9891.18697000
8,409,0.000000,0.841000,0.00000000,106.72863180,0.00000000,313.03531282,0.00000000,0.00000000,94.69756566,106.72863180,101.68074366,1745.79450000,27192.21016690,7912.94957600
8,410,0.000000,0.799000,0.00000000,106.82916695,0.00000000,291.97153668,0.00000000,0.00000000,94.69756566,106.82916695,101.68074366,1745.79450000,27482.72473981,8245.21205151
8,411,0.000000,0.757000,0.00000000,106.72863180,0.00000000,271.10883084,0.00000000,0.00000000,94.69756566,106.72863180,101.68074366,1745.79450000,27831.88363964,7912.94957600
8,412,0.000000,0.717000,0.00000000,107.32720193,0.00000000,250.54526929,0.00000000,0.00000000,94.69756566,107.32720193,101.68074366,1745.79450000,27831.88363944,9891.18697000
8,413,0.000000,0.692000,0.00000000,73.54194353,0.00000000,271.85240805,0.00000000,0.00000000,63.67817400,73.54194353,68.65710075,1244.73168631,27330.82082555,9891.18697000
8,414,0.000000,0.678000,0.00000000,107.32720193,0.00000000,231.07940266,0.00000000,0.00000000,94.69756566,107.32720193,101.68074366,1745.79450000,27330.82082534,9891.18697000
8,415,0.140000,0.798000,22.39750170,84.66928829,0.00000000,313.63229055,0.00000000,0.00000000,94.69756566,107.06678999,101.68074366,1745.79450000,27482.72473960,9030.54156225
8,416,0.343000,0.884000,54.87387915,51.85475265,0.00000000,389.37155775,0.00000000,0.00000000,94.69756566,106.72863180,101.68074366,1745.79450000,27831.88363944,7912.94957600
8,417,0.508000,0.858000,2.39428050,0.00000000,78.87665422,428.24906598,0.00000000,0.00000000,0.00000000,2.39428050,0.00000000,0.00000000,26435.24803928,7912.94957600
8,418,0.621000,0.786000,89.29817159,0.00000000,10.05074664,392.31208142,0.00000000,0.00000000,78.66539600,89.29817159,84.63531998,1492.48099468,26531.09343379,7912.94957600
8,419,0.684000,0.697000,106.72863180,0.00000000,2.69916220,347.88997551,0.00000000,0.00000000,94.69756566,106.72863180,101.68074366,1745.79450000,26880.25233362,7912.94957600
8,420,0.701000,0.610000,72.94337341,0.00000000,39.20411722,304.46611917,0.00000000,0.00000000,63.67817400,72.94337341,68.65710075,1244.73168631,26728.34841977,7912.94957600
8,421,0.673000,0.522000,107.32720193,0.00000000,0.34078837,260.54313804,0.00000000,0.00000000,94.69756566,107.32720193,101.68074366,1745.79450000,26728.34841957,9891.18697000
8,422,0.600000,0.466000,30.37356422,0.00000000,65.61572875,232.59215005,0.00000000,0.00000000,25.00174700,30.37356422,27.15938231,539.40882693,25871.12164633,7912.94957600
8,423,0.481000,0.457000,76.95141654,29.77721526,0.00000000,198.32281172,0.00000000,0.00000000,94.69756566,106.72863180,101.68074366,1745.79450000,26220.28054616,7912.94957600
8,424,0.316000,0.498000,50.55436097,22.38901244,0.00000000,226.17513075,0.00000000,0.00000000,63.67817400,72.94337341,68.65710075,1244.73168631,26068.37663231,7912.94957600
8,425,0.121000,0.580000,19.35784075,87.37079105,0.00000000,202.12158455,0.00000000,0.00000000,94.69756566,106.72863180,101.68074366,1745.79450000,26417.53553215,7912.94957600
8,426,0.000000,0.669000,0.00000000,106.72863180,0.00000000,227.18584971,0.00000000,0.00000000,94.69756566,106.72863180,101.68074366,1745.79450000,26766.69443198,7912.94957600
8,427,0.000000,0.738000,0.00000000,89.89674172,0.00000000,278.45735000,0.00000000,0.00000000,78.66539600,89.89674172,84.63531998,1492.48099468,26513.38092645,9891.18697000
8,428,0.000000,0.777000,0.00000000,72.94337341,0.00000000,314.87658494,0.00000000,0.00000000,63.67817400,72.94337341,68.65710075,1244.73168631,26361.47701260,7912.94957600
8,429,0.000000,0.828000,0.00000000,57.67001469,0.00000000,355.60530772,0.00000000,0.00000000,49.73928100,57.67001469,53.75120360,1002.98064984,25967.82206227,7912.94957600
8,430,0.000000,0.895000,0.00000000,107.32720193,0.00000000,339.38948112,0.00000000,0.00000000,94.69756566,107.32720193,101.68074366,1745.79450000,25967.82206207,9891.18697000
8,431,0.000000,0.880000,0.00000000,107.19266173,0.00000000,332.03714953,0.00000000,0.00000000,94.69756566,107.19266173,101.68074366,1745.79450000,26046.30226611,9446.53992041
8,432,0.000000,0.844000,0.00000000,106.72863180,0.00000000,314.53268718,0.00000000,0.00000000,94.69756566,106.72863180,101.68074366,1745.79450000,26395.46116595,7912.94957600
8,433,0.000000,0.814000,0.00000000,106.72863180,0.00000000,299.55894361,0.00000000,0.00000000,94.69756566,106.72863180,101.68074366,1745.79450000,26744.62006579,7912.94957600
8,434,0.000000,0.757000,0.00000000,72.94337341,0.00000000,304.89408923,0.00000000,0.00000000,63.67817400,72.94337341,68.65710075,1244.73168631,26592.71615193,7912.94957600
8,435,0.000000,0.718000,0.00000000,107.32720193,0.00000000,251.04439408,0.00000000,0.00000000,94.69756566,107.32720193,101.68074366,1745.79450000,26592.71615173,9891.18697000
8,436,0.000000,0.658000,0.00000000,107.32720193,0.00000000,221.09690695,0.00000000,0.00000000,94.69756566,107.32720193,101.68074366,1745.79450000,26592.71615152,9891.18697000
8,437,0.000000,0.579000,0.00000000,106.72863180,0.00000000,182.26461902,0.00000000,0.00000000,94.69756566,106.72863180,101.68074366,1745.79450000,26941.87505136,7912.94957600
8,438,0.000000,0.485000,0.00000000,89.29817159,0.00000000,152.77734939,0.00000000,0.00000000,78.66539600,89.29817159,84.63531998,1492.48099468,27037.72044587,7912.94957600
8,439,0.099000,0.571000,15.83823334,91.48896858,0.00000000,193.51128395,0.00000000,0.00000000,94.69756566,107.32720193,101.68074366,1745.79450000,27037.72044567,9891.18697000
8,440,0.261000,0.731000,41.75534245,64.97328935,0.00000000,299.88692886,0.00000000,0.00000000,94.69756566,106.72863180,101.68074366,1745.79450000,27386.87934550,7912.94957600
8,441,0.405000,0.741000,64.79277276,25.10396895,0.00000000,344.74749712,0.00000000,0.00000000,78.66539600,89.89674172,84.63531998,1492.48099468,27133.56583997,9891.18697000
8,442,0.519000,0.687000,83.03073843,23.69789337,0.00000000,319.20083428,0.00000000,0.00000000,94.69756566,106.72863180,101.68074366,1745.79450000,27482.72473981,7912.94957600
8,443,0.630000,0.635000,100.78875763,6.53844430,0.00000000,310.40579451,0.00000000,0.00000000,94.69756566,107.32720193,101.68074366,1745.79450000,27482.72473960,9891.18697000
8,444,0.686000,0.595000,106.72863180,0.00000000,3.01912651,296.97924739,0.00000000,0.00000000,94.69756566,106.72863180,101.68074366,1745.79450000,27831.88363944,7912.94957600
8,445,0.674000,0.544000,107.32720193,0.00000000,0.50077052,271.52388332,0.00000000,0.00000000,94.69756566,107.32720193,101.68074366,1745.79450000,27831.88363923,9891.18697000
8,446,0.595000,0.502000,30.37356422,0.00000000,64.81581798,250.56064233,0.00000000,0.00000000,25.00174700,30.37356422,27.15938231,539.40882693,26974.65686600,7912.94957600
8,447,0.468000,0.494000,74.87164852,32.45555340,0.00000000,214.11209065,0.00000000,0.00000000,94.69756566,107.32720193,101.68074366,1745.79450000,26974.65686579,9891.18697000
8,448,0.288000,0.524000,46.07486063,61.25234130,0.00000000,200.28904632,0.00000000,0.00000000,94.69756566,107.32720193,101.68074366,1745.79450000,26974.65686559,9891.18697000
8,449,0.082000,0.610000,13.11853671,60.42340683,0.00000000,244.04271234,0.00000000,0.00000000,63.67817400,73.54194353,68.65710075,1244.73168631,26473.59405169,9891.18697000
8,450,0.000000,0.705000,0.00000000,106.72863180,0.00000000,245.15434199,0.00000000,0.00000000,94.69756566,106.72863180,101.68074366,1745.79450000,26822.75295153,7912.94957600
8,451,0.000000,0.802000,0.00000000,107.13252733,0.00000000,293.16555066,0.00000000,0.00000000,94.69756566,107.13252733,101.68074366,1745.79450000,26936.31085399,9247.79941949
8,452,0.000000,0.864000,0.00000000,106.72863180,0.00000000,324.51518289,0.00000000,0.00000000,94.69756566,106.72863180,101.68074366,1745.79450000,27285.46975383,7912.94957600
8,453,0.000000,0.887000,0.00000000,106.72863180,0.00000000,335.99505296,0.00000000,0.00000000,94.69756566,106.72863180,101.68074366,1745.79450000,27634.62865366,7912.94957600
8,454,0.000000,0.846000,0.00000000,73.54194353,0.00000000,348.71762502,0.00000000,0.00000000,63.67817400,73.54194353,68.65710075,1244.73168631,27133.56583977,9891.18697000
8,455,0.000000,0.769000,0.00000000,106.72863180,0.00000000,277.09832827,0.00000000,0.00000000,94.69756566,106.72863180,101.68074366,1745.79450000,27482.72473960,7912.94957600
8,456,0.000000,0.669000,0.00000000,106.72863180,0.00000000,227.18584971,0.00000000,0.00000000,94.69756566,106.72863180,101.68074366,1745.79450000,27831.88363944,7912.94957600
8,457,0.000000,0.586000,0.00000000,107.32720193,0.00000000,185.15992239,0.00000000,0.00000000,94.69756566,107.32720193,101.68074366,1745.79450000,27831.88363923,9891.18697000
8,458,0.000000,0.510000,0.00000000,107.32720193,0.00000000,147.22643869,0.00000000,0.00000000,94.69756566,107.32720193,101.68074366,1745.79450000,27831.88363944,9891.18696768
8,459,0.000000,0.443000,0.00000000,89.89674172,0.00000000,131.21553827,0.00000000,0.00000000,78.66539600,89.89674172,84.63531998,1492.48099468,27578.57013391,9891.18697000
8,460,0.000000,0.365000,0.00000000,89.89674172,0.00000000,92.28380500,0.00000000,0.00000000,78.66539600,89.89674172,84.63531998,1492.48099468,27325.25662838,9891.18697000
8,461,0.000000,0.313000,0.00000000,106.72863180,0.00000000,49.49742607,0.00000000,0.00000000,94.69756566,106.72863180,101.68074366,1745.79450000,27674.41552822,7912.94957600
8,462,0.000000,0.381000,0.00000000,107.32720193,0.00000000,82.83934136,0.00000000,0.00000000,94.69756566,107.32720193,101.68074366,1745.79450000,27674.41552801,9891.18697000
8,463,0.119000,0.488000,19.03787644,88.01937473,0.00000000,155.55352060,0.00000000,0.00000000,94.69756566,107.05725117,101.68074366,1745.79450000,27831.88363944,8999.01636585
8,464,0.296000,0.642000,47.35471787,59.97248406,0.00000000,260.46562825,0.00000000,0.00000000,94.69756566,107.32720193,101.68074366,1745.79450000,27831.88363944,9891.18696884
8,465,0.455000,0.704000,72.79188051,0.15149290,0.00000000,351.23235611,0.00000000,0.00000000,63.67817400,72.94337341,68.65710075,1244.73168631,27679.97972559,7912.94957600
8,466,0.591000,0.690000,94.54945358,12.77774834,0.00000000,331.61835367,0.00000000,0.00000000,94.69756566,107.32720193,101.68074366,1745.79450000,27679.97972538,9891.18697000
8,467,0.654000,0.650000,0.00000000,72.94337341,104.62832935,251.48773718,0.00000000,0.00000000,63.67817400,72.94337341,68.65710075,1244.73168631,27528.07581153,7912.94957600
8,468,0.672000,0.603000,107.32720193,0.00000000,0.18080621,300.97224567,0.00000000,0.00000000,94.69756566,107.32720193,101.68074366,1745.79450000,27528.07581132,9891.18697000
8,469,0.654000,0.574000,104.62832935,2.69887258,0.00000000,283.79875431,0.00000000,0.00000000,94.69756566,107.32720193,101.68074366,1745.79450000,27528.07581112,9891.18697000
8,470,0.568000,0.580000,43.47863956,0.00000000,47.39122446,289.49237560,0.00000000,0.00000000,36.84682300,43.47863956,39.91750131,767.66957627,26899.10978722,7912.94957600
8,471,0.364000,0.628000,58.23350441,48.49512739,0.00000000,264.95523791,0.00000000,0.00000000,94.69756566,106.72863180,101.68074366,1745.79450000,27248.26868706,7912.94957600
8,472,0.226000,0.700000,36.15596702,37.32220197,0.00000000,312.06514789,0.00000000,0.00000000,63.67817400,73.47816900,68.65710075,1244.73168631,26784.40693993,9680.41605349
8,473,0.082000,0.765000,13.11853671,93.61009509,0.00000000,288.22036583,0.00000000,0.00000000,94.69756566,106.72863180,101.68074366,1745.79450000,27133.56583977,7912.94957600
8,474,0.000000,0.782000,0.00000000,106.72863180,0.00000000,283.58695048,0.00000000,0.00000000,94.69756566,106.72863180,101.68074366,1745.79450000,27482.72473960,7912.94957600
8,475,0.000000,0.827000,0.00000000,106.72863180,0.00000000,306.04756583,0.00000000,0.00000000,94.69756566,106.72863180,101.68074366,1745.79450000,27831.88363944,7912.94957600
8,476,0.000000,0.877000,0.00000000,72.94337341,0.00000000,364.78906349,0.00000000,0.00000000,63.67817400,72.94337341,68.65710075,1244.73168631,27679.97972559,7912.94957600
8,477,0.000000,0.888000,0.00000000,107.32720193,0.00000000,335.89560762,0.00000000,0.00000000,94.69756566,107.32720193,101.68074366,1745.79450000,27679.97972538,9891.18697000
8,478,0.000000,0.875000,0.00000000,73.54194353,0.00000000,363.19224380,0.00000000,0.00000000,63.67817400,73.54194353,68.65710075,1244.73168631,27178.91691149,9891.18697000
8,479,0.000000,0.856000,0.00000000,106.72863180,0.00000000,320.52218461,0.00000000,0.00000000,94.69756566,106.72863180,101.68074366,1745.79450000,27528.07581132,7912.94957600
8,480,0.000000,0.826000,0.00000000,73.54194353,0.00000000,338.73512931,0.00000000,0.00000000,63.67817400,73.54194353,68.65710075,1244.73168631,27027.01299743,9891.18697000
8,481,0.000000,0.783000,0.00000000,106.72863180,0.00000000,284.08607526,0.00000000,0.00000000,94.69756566,106.72863180,101.68074366,1745.79450000,27376.17189727,7912.94957600
8,482,0.000000,0.739000,0.00000000,107.32720193,0.00000000,261.52601457,0.00000000,0.00000000,94.69756566,107.32720193,101.68074366,1745.79450000,27376.17189706,9891.18697000
8,483,0.000000,0.684000,0.00000000,106.72863180,0.00000000,234.67272150,0.00000000,0.00000000,94.69756566,106.72863180,101.68074366,1745.79450000,27725.33079690,7912.94957600
8,484,0.000000,0.583000,0.00000000,107.32720193,0.00000000,183.66254803,0.00000000,0.00000000,94.69756566,107.32720193,101.68074366,1745.79450000,27725.33079669,9891.18697000
8,485,0.000000,0.523000,0.00000000,89.89674172,0.00000000,171.14552111,0.00000000,0.00000000,78.66539600,89.89674172,84.63531998,1492.48099468,27472.01729116,9891.18697000
8,486,0.000000,0.497000,0.00000000,89.44412528,0.00000000,158.62089312,0.00000000,0.00000000,78.66539600,89.44412528,84.63531998,1492.48099468,27482.72473981,8395.31754125
8,487,0.144000,0.643000,23.03743032,84.28977161,0.00000000,236.64746548,0.00000000,0.00000000,94.69756566,107.32720193,101.68074366,1745.79450000,27482.72473960,9891.18697000
8,488,0.349000,0.777000,55.83377208,50.89485972,0.00000000,336.92509863,0.00000000,0.00000000,94.69756566,106.72863180,101.68074366,1745.79450000,27831.88363944,7912.94957600
8,489,0.514000,0.727000,73.28153160,0.00000000,8.94929605,362.86371907,0.00000000,0.00000000,63.67817400,73.28153160,68.65710075,1244.73168631,27482.72473981,9030.54156341
8,490,0.627000,0.625000,100.30881116,7.01839076,0.00000000,304.93460019,0.00000000,0.00000000,94.69756566,107.32720193,101.68074366,1745.79450000,27482.72473960,9891.18697000
8,491,0.690000,0.519000,106.72863180,0.00000000,3.65905513,259.04576369,0.00000000,0.00000000,94.69756566,106.72863180,101.68074366,1745.79450000,27831.88363944,7912.94957600
8,492,0.707000,0.430000,89.46248128,0.00000000,23.64490228,214.62365777,0.00000000,0.00000000,78.66539600,89.46248128,84.63531998,1492.48099468,27831.88363944,8455.98297267
8,493,0.680000,0.368000,107.32720193,0.00000000,1.46066345,183.67792107,0.00000000,0.00000000,94.69756566,107.32720193,101.68074366,1745.79450000,27831.88363923,9891.18697000
8,494,0.609000,0.355000,30.37356422,0.00000000,67.05556815,177.18929886,0.00000000,0.00000000,25.00174700,30.37356422,27.15938231,539.40882693,26974.65686600,7912.94957600
8,495,0.490000,0.390000,78.39125593,28.93594599,0.00000000,165.72272036,0.00000000,0.00000000,94.69756566,107.32720193,101.68074366,1745.79450000,26974.65686579,9891.18697000
8,496,0.324000,0.464000,0.00000000,43.47863956,51.83421821,188.11526092,0.00000000,0.00000000,36.84682300,43.47863956,39.91750131,767.66957627,26345.69084190,7912.94957600
8,497,0.125000,0.575000,19.99776937,86.73086243,0.00000000,200.26588925,0.00000000,0.00000000,94.69756566,106.72863180,101.68074366,1745.79450000,26694.84974173,7912.94957600
8,498,0.000000,0.683000,0.00000000,72.94337341,0.00000000,267.95885510,0.00000000,0.00000000,63.67817400,72.94337341,68.65710075,1244.73168631,26542.94582788,7912.94957600
8,499,0.000000,0.729000,0.00000000,73.54194353,0.00000000,290.32002511,0.00000000,0.00000000,63.67817400,73.54194353,68.65710075,1244.73168631,26041.88301399,9891.18697000
8,500,0.000000,0.774000,0.00000000,106.72863180,0.00000000,279.59395219,0.00000000,0.00000000,94.69756566,106.72863180,101.68074366,1745.79450000,26391.04191382,7912.94957600
8,501,0.000000,0.849000,0.00000000,107.32720193,0.00000000,316.42974098,0.00000000,0.00000000,94.69756566,107.32720193,101.68074366,1745.79450000,26391.04191362,9891.18697000
8,502,0.000000,0.862000,0.00000000,106.72863180,0.00000000,323.51693332,0.00000000,0.00000000,94.69756566,106.72863180,101.68074366,1745.79450000,26740.20081345,7912.94957600
8,503,0.000000,0.836000,0.00000000,106.72863180,0.00000000,310.53968890,0.00000000,0.00000000,94.69756566,106.72863180,101.68074366,1745.79450000,27089.35971329,7912.94957600
8,504,0.000000,0.796000,0.00000000,107.32720193,0.00000000,289.97612735,0.00000000,0.00000000,94.69756566,107.32720193,101.68074366,1745.79450000,27089.35971308,9891.18697000
8,505,0.000000,0.750000,0.00000000,73.37005783,0.00000000,300.97353131,0.00000000,0.00000000,63.67817400,73.37005783,68.65710075,1244.73168631,26688.56154604,9323.11531649
8,506,0.000000,0.693000,0.00000000,106.72863180,0.00000000,239.16484457,0.00000000,0.00000000,94.69756566,106.72863180,101.68074366,1745.79450000,27037.72044587,7912.94957600
8,507,0.000000,0.601000,0.00000000,106.72863180,0.00000000,193.24536430,0.00000000,0.00000000,94.69756566,106.72863180,101.68074366,1745.79450000,27386.87934571,7912.94957600
8,508,0.000000,0.520000,0.00000000,107.32720193,0.00000000,152.21768655,0.00000000,0.00000000,94.69756566,107.32720193,101.68074366,1745.79450000,27386.87934550,9891.18697000
8,509,0.000000,0.425000,0.00000000,106.72863180,0.00000000,105.39940205,0.00000000,0.00000000,94.69756566,106.72863180,101.68074366,1745.79450000,27736.03824534,7912.94957600
8,510,0.000000,0.370000,0.00000000,89.29817159,0.00000000,95.37799905,0.00000000,0.00000000,78.66539600,89.29817159,84.63531998,1492.48099468,27831.88363985,7912.94957600
8,511,0.143000,0.515000,22.87744816,84.44975377,0.00000000,172.59951078,0.00000000,0.00000000,94.69756566,107.32720193,101.68074366,1745.79450000,27831.88363964,9891.18697000
8,512,0.348000,0.728000,55.67378993,51.65341200,0.00000000,311.70943186,0.00000000,0.00000000,94.69756566,107.32720193,101.68074366,1745.79450000,27831.88363944,9891.18697000
8,513,0.513000,0.703000,82.07084550,25.25635643,0.00000000,325.62836779,0.00000000,0.00000000,94.69756566,107.32720193,101.68074366,1745.79450000,27831.88363923,9891.18697000
8,514,0.626000,0.627000,100.14882901,7.17837292,0.00000000,305.77286761,0.00000000,0.00000000,94.69756566,107.32720193,101.68074366,1745.79450000,27831.88363903,9891.18697000
8,515,0.689000,0.547000,107.32720193,0.00000000,2.90050285,273.02125768,0.00000000,0.00000000,94.69756566,107.32720193,101.68074366,1745.79450000,27831.88363882,9891.18697000
8,516,0.706000,0.472000,107.32720193,0.00000000,5.62019948,235.58689877,0.00000000,0.00000000,94.69756566,107.32720193,101.68074366,1745.79450000,27831.88363862,9891.18697000
8,517,0.679000,0.447000,107.32720193,0.00000000,1.30068130,223.10877913,0.00000000,0.00000000,94.69756566,107.32720193,101.68074366,1745.79450000,27831.88363841,9891.18697000
8,518,0.608000,0.466000,97.26915022,10.05805171,0.00000000,222.53409835,0.00000000,0.00000000,94.69756566,107.32720193,101.68074366,1745.79450000,27831.88363821,9891.18697000
8,519,0.490000,0.526000,73.54194353,0.00000000,4.84931240,262.53963718,0.00000000,0.00000000,63.67817400,73.54194353,68.65710075,1244.73168631,27330.82082432,9891.18697000
8,520,0.324000,0.618000,51.83421821,55.23257178,0.00000000,253.22654567,0.00000000,0.00000000,94.69756566,107.06678999,101.68074366,1745.79450000,27482.72473981,9030.54155528
8,521,0.125000,0.714000,19.99776937,86.73086243,0.00000000,269.64423443,0.00000000,0.00000000,94.69756566,106.72863180,101.68074366,1745.79450000,27831.88363964,7912.94957600
8,522,0.000000,0.768000,0.00000000,107.32720193,0.00000000,276.00063336,0.00000000,0.00000000,94.69756566,107.32720193,101.68074366,1745.79450000,27831.88363944,9891.18697000
8,523,0.000000,0.791000,0.00000000,107.32720193,0.00000000,287.48050342,0.00000000,0.00000000,94.69756566,107.32720193,101.68074366,1745.79450000,27831.88363944,9891.18696884
8,524,0.000000,0.799000,0.00000000,107.32720193,0.00000000,291.47350171,0.00000000,0.00000000,94.69756566,107.32720193,101.68074366,1745.79450000,27831.88363923,9891.18697000
8,525,0.000000,0.815000,0.00000000,73.54194353,0.00000000,333.24475667,0.00000000,0.00000000,63.67817400,73.54194353,68.65710075,1244.73168631,27330.82082534,9891.18697000
8,526,0.000000,0.812000,0.00000000,107.32720193,0.00000000,297.96212392,0.00000000,0.00000000,94.69756566,107.32720193,101.68074366,1745.79450000,27330.82082514,9891.18697000
8,527,0.000000,0.770000,0.00000000,107.23109968,0.00000000,277.09498518,0.00000000,0.00000000,94.69756566,107.23109968,101.68074366,1745.79450000,27386.87934550,9573.57495543
8,528,0.000000,0.711000,0.00000000,89.89674172,0.00000000,264.98098079,0.00000000,0.00000000,78.66539600,89.89674172,84.63531998,1492.48099468,27133.56583997,9891.18697000
8,529,0.000000,0.642000,0.00000000,106.72863180,0.00000000,213.70948050,0.00000000,0.00000000,94.69756566,106.72863180,101.68074366,1745.79450000,27482.72473981,7912.94957600
8,530,0.000000,0.552000,0.00000000,106.72863180,0.00000000,168.78824981,0.00000000,0.00000000,94.69756566,106.72863180,101.68074366,1745.79450000,27831.88363964,7912.94957600
8,531,0.000000,0.476000,0.00000000,107.32720193,0.00000000,130.25619598,0.00000000,0.00000000,94.69756566,107.32720193,101.68074366,1745.79450000,27831.88363944,9891.18697000
8,532,0.000000,0.410000,0.00000000,107.32720193,0.00000000,97.31396014,0.00000000,0.00000000,94.69756566,107.32720193,101.68074366,1745.79450000,27831.88363923,9891.18697000
8,533,0.000000,0.370000,0.00000000,89.89674172,0.00000000,94.77942893,0.00000000,0.00000000,78.66539600,89.89674172,84.63531998,1492.48099468,27578.57013371,9891.18697000
8,534,0.000000,0.369000,0.00000000,89.62679097,0.00000000,94.55025489,0.00000000,0.00000000,78.66539600,89.62679097,84.63531998,1492.48099468,27482.72473981,8999.01636585
8,535,0.125000,0.550000,19.99776937,87.32943256,0.00000000,187.18919948,0.00000000,0.00000000,94.69756566,107.32720193,101.68074366,1745.79450000,27482.72473960,9891.18697000
8,536,0.278000,0.703000,44.47503908,62.25359272,0.00000000,288.63113150,0.00000000,0.00000000,94.69756566,106.72863180,101.68074366,1745.79450000,27831.88363944,7912.94957600
8,537,0.397000,0.725000,0.00000000,73.54194353,63.51291552,288.32352597,0.00000000,0.00000000,63.67817400,73.54194353,68.65710075,1244.73168631,27330.82082555,9891.18697000
8,538,0.506000,0.704000,80.95097041,26.37623151,0.00000000,325.00761749,0.00000000,0.00000000,94.69756566,107.32720193,101.68074366,1745.79450000,27330.82082534,9891.18697000
8,539,0.592000,0.651000,94.70943574,12.01919606,0.00000000,312.91103931,0.00000000,0.00000000,94.69756566,106.72863180,101.68074366,1745.79450000,27679.97972518,7912.94957600
8,540,0.562000,0.568000,44.07720969,0.00000000,45.83276140,283.50287818,0.00000000,0.00000000,36.84682300,44.07720969,39.91750131,767.66957627,26701.85480124,9891.18697000
8,541,0.557000,0.525000,0.00000000,89.29817159,89.11006032,172.74234081,0.00000000,0.00000000,78.66539600,89.29817159,84.63531998,1492.48099468,26797.70019575,7912.94957600
8,542,0.487000,0.526000,77.91130947,29.41589246,0.00000000,233.12374473,0.00000000,0.00000000,94.69756566,107.32720193,101.68074366,1745.79450000,26797.70019555,9891.18697000
8,543,0.378000,0.571000,60.47325458,46.25537722,0.00000000,238.74487531,0.00000000,0.00000000,94.69756566,106.72863180,101.68074366,1745.79450000,27146.85909538,7912.94957600
8,544,0.237000,0.647000,37.91577073,68.81286107,0.00000000,254.12087516,0.00000000,0.00000000,94.69756566,106.72863180,101.68074366,1745.79450000,27496.01799522,7912.94957600
8,545,0.087000,0.726000,13.91844748,92.83297321,0.00000000,269.53162107,0.00000000,0.00000000,94.69756566,106.75142070,101.68074366,1745.79450000,27831.88363944,7988.26547184
8,546,0.000000,0.751000,0.00000000,72.94337341,0.00000000,301.89934052,0.00000000,0.00000000,63.67817400,72.94337341,68.65710075,1244.73168631,27679.97972559,7912.94957600
8,547,0.000000,0.799000,0.00000000,73.54194353,0.00000000,325.25876010,0.00000000,0.00000000,63.67817400,73.54194353,68.65710075,1244.73168631,27178.91691169,9891.18697000
8,548,0.000000,0.847000,0.00000000,106.72863180,0.00000000,316.03006154,0.00000000,0.00000000,94.69756566,106.72863180,101.68074366,1745.79450000,27528.07581153,7912.94957600
8,549,0.000000,0.862000,0.00000000,107.32720193,0.00000000,322.91836319,0.00000000,0.00000000,94.69756566,107.32720193,101.68074366,1745.79450000,27528.07581132,9891.18697000
8,550,0.000000,0.835000,0.00000000,107.32720193,0.00000000,309.44199399,0.00000000,0.00000000,94.69756566,107.32720193,101.68074366,1745.79450000,27528.07581112,9891.18697000
8,551,0.000000,0.788000,0.00000000,107.14453624,0.00000000,286.16579475,0.00000000,0.00000000,94.69756566,107.14453624,101.68074366,1745.79450000,27634.62865366,9287.48814424
8,552,0.000000,0.740000,0.00000000,72.94337341,0.00000000,296.40896788,0.00000000,0.00000000,63.67817400,72.94337341,68.65710075,1244.73168631,27482.72473981,7912.94957600
8,553,0.000000,0.682000,0.00000000,107.32720193,0.00000000,233.07590180,0.00000000,0.00000000,94.69756566,107.32720193,101.68074366,1745.79450000,27482.72473960,9891.18697000
8,554,0.000000,0.628000,0.00000000,106.72863180,0.00000000,206.72173351,0.00000000,0.00000000,94.69756566,106.72863180,101.68074366,1745.79450000,27831.88363944,7912.94957600
8,555,0.000000,0.598000,0.00000000,107.32720193,0.00000000,191.14941982,0.00000000,0.00000000,94.69756566,107.32720193,101.68074366,1745.79450000,27831.88363923,9891.18697000
8,556,0.000000,0.550000,0.00000000,107.32720193,0.00000000,167.19143011,0.00000000,0.00000000,94.69756566,107.32720193,101.68074366,1745.79450000,27831.88363903,9891.18697000
8,557,0.000000,0.472000,0.00000000,107.32720193,0.00000000,128.25969684,0.00000000,0.00000000,94.69756566,107.32720193,101.68074366,1745.79450000,27831.88363882,9891.18697000
8,558,0.000000,0.428000,0.00000000,73.54194353,0.00000000,140.08346467,0.00000000,0.00000000,63.67817400,73.54194353,68.65710075,1244.73168631,27330.82082493,9891.18697000
8,559,0.139000,0.624000,22.23751954,85.08968239,0.00000000,226.36418378,0.00000000,0.00000000,94.69756566,107.32720193,101.68074366,1745.79450000,27330.82082473,9891.18697000
8,560,0.337000,0.791000,53.91398622,53.15280376,0.00000000,341.65490158,0.00000000,0.00000000,94.69756566,107.06678999,101.68074366,1745.79450000,27482.72474022,9030.54155528
8,561,0.497000,0.797000,79.51113102,27.81607091,0.00000000,369.98638315,0.00000000,0.00000000,94.69756566,107.32720193,101.68074366,1745.79450000,27482.72474001,9891.18697000
8,562,0.611000,0.765000,97.74909668,9.57810524,0.00000000,372.25235568,0.00000000,0.00000000,94.69756566,107.32720193,101.68074366,1745.79450000,27482.72473981,9891.18697000
8,563,0.673000,0.733000,107.32720193,0.00000000,0.34078837,365.85846779,0.00000000,0.00000000,94.69756566,107.32720193,101.68074366,1745.79450000,27482.72473960,9891.18697000
8,564,0.686000,0.699000,106.72863180,0.00000000,3.01912651,348.88822508,0.00000000,0.00000000,94.69756566,106.72863180,101.68074366,1745.79450000,27831.88363944,7912.94957600
8,565,0.642000,0.663000,102.70854349,4.61865844,0.00000000,326.30107436,0.00000000,0.00000000,94.69756566,107.32720193,101.68074366,1745.79450000,27831.88363923,9891.18697000
8,566,0.581000,0.639000,89.89674172,0.00000000,3.05289032,318.94073795,0.00000000,0.00000000,78.66539600,89.89674172,84.63531998,1492.48099468,27578.57013371,9891.18697000
8,567,0.431000,0.635000,68.95230879,38.37489314,0.00000000,278.56934567,0.00000000,0.00000000,94.69756566,107.32720193,101.68074366,1745.79450000,27578.57013350,9891.18697000
8,568,0.298000,0.653000,47.67468218,59.65251975,0.00000000,266.27596520,0.00000000,0.00000000,94.69756566,107.32720193,101.68074366,1745.79450000,27578.57013330,9891.18697000
8,569,0.105000,0.705000,16.79812627,90.09481522,0.00000000,261.78815858,0.00000000,0.00000000,94.69756566,106.89294149,101.68074366,1745.79450000,27831.88363944,8455.98296802
8,570,0.000000,0.754000,0.00000000,107.32720193,0.00000000,269.01288636,0.00000000,0.00000000,94.69756566,107.32720193,101.68074366,1745.79450000,27831.88363923,9891.18697000
8,571,0.000000,0.822000,0.00000000,107.32720193,0.00000000,302.95337177,0.00000000,0.00000000,94.69756566,107.32720193,101.68074366,1745.79450000,27831.88363944,9891.18696768
8,572,0.000000,0.877000,0.00000000,73.43776825,0.00000000,364.29466865,0.00000000,0.00000000,63.67817400,73.43776825,68.65710075,1244.73168631,27391.58852246,9546.89406961
8,573,0.000000,0.880000,0.00000000,107.32720193,0.00000000,331.90260933,0.00000000,0.00000000,94.69756566,107.32720193,101.68074366,1745.79450000,27391.58852226,9891.18697000
8,574,0.000000,0.842000,0.00000000,107.32720193,0.00000000,312.93586748,0.00000000,0.00000000,94.69756566,107.32720193,101.68074366,1745.79450000,27391.58852205,9891.18697000
8,575,0.000000,0.793000,0.00000000,107.32720193,0.00000000,288.47875299,0.00000000,0.00000000,94.69756566,107.32720193,101.68074366,1745.79450000,27391.58852185,9891.18697000
8,576,0.000000,0.737000,0.00000000,73.54194353,0.00000000,294.31302340,0.00000000,0.00000000,63.67817400,73.54194353,68.65710075,1244.73168631,26890.52570796,9891.18697000
8,577,0.000000,0.669000,0.00000000,107.32720193,0.00000000,226.58727959,0.00000000,0.00000000,94.69756566,107.32720193,101.68074366,1745.79450000,26890.52570775,9891.18697000
8,578,0.000000,0.614000,0.00000000,107.32720193,0.00000000,199.13541638,0.00000000,0.00000000,94.69756566,107.32720193,101.68074366,1745.79450000,26890.52570755,9891.18697000
8,579,0.000000,0.580000,0.00000000,89.89674172,0.00000000,199.59563389,0.00000000,0.00000000,78.66539600,89.89674172,84.63531998,1492.48099468,26637.21220202,9891.18697000
8,580,0.000000,0.539000,0.00000000,106.72863180,0.00000000,162.29962760,0.00000000,0.00000000,94.69756566,106.72863180,101.68074366,1745.79450000,26986.37110185,7912.94957600
8,581,0.000000,0.462000,0.00000000,89.29817159,0.00000000,141.29747932,0.00000000,0.00000000,78.66539600,89.29817159,84.63531998,1492.48099468,27082.21649636,7912.94957600
8,582,0.000000,0.381000,0.00000000,89.29817159,0.00000000,100.86837169,0.00000000,0.00000000,78.66539600,89.29817159,84.63531998,1492.48099468,27178.06189088,7912.94957600
8,583,0.136000,0.566000,21.75757308,35.91244161,0.00000000,246.59218699,0.00000000,0.00000000,49.73928100,57.67001469,53.75120360,1002.98064984,26784.40694055,7912.94957600
8,584,0.323000,0.757000,51.67423605,55.05439575,0.00000000,322.78306689,0.00000000,0.00000000,94.69756566,106.72863180,101.68074366,1745.79450000,27133.56584038,7912.94957600
8,585,0.476000,0.767000,76.15150576,31.17569616,0.00000000,351.65301433,0.00000000,0.00000000,94.69756566,107.32720193,101.68074366,1745.79450000,27133.56584018,9891.18697000
8,586,0.589000,0.728000,94.22948927,13.09771265,0.00000000,350.26513121,0.00000000,0.00000000,94.69756566,107.32720193,101.68074366,1745.79450000,27133.56583997,9891.18697000
8,587,0.658000,0.687000,105.26825797,1.46037383,0.00000000,341.43835382,0.00000000,0.00000000,94.69756566,106.72863180,101.68074366,1745.79450000,27482.72473981,7912.94957600
8,588,0.672000,0.651000,106.72863180,0.00000000,0.77937634,324.93023537,0.00000000,0.00000000,94.69756566,106.72863180,101.68074366,1745.79450000,27831.88363964,7912.94957600
8,589,0.644000,0.613000,103.02850780,4.29869413,0.00000000,301.66479940,0.00000000,0.00000000,94.69756566,107.32720193,101.68074366,1745.79450000,27831.88363944,9891.18697000
8,590,0.563000,0.591000,73.54194353,0.00000000,16.52800971,294.98274824,0.00000000,0.00000000,63.67817400,73.54194353,68.65710075,1244.73168631,27330.82082555,9891.18697000
8,591,0.448000,0.602000,71.67200542,35.05662638,0.00000000,265.41649451,0.00000000,0.00000000,94.69756566,106.72863180,101.68074366,1745.79450000,27679.97972538,7912.94957600
8,592,0.287000,0.638000,44.07720969,0.00000000,1.83766879,318.44161316,0.00000000,0.00000000,36.84682300,44.07720969,39.91750131,767.66957627,26701.85480145,9891.18697000
8,593,0.099000,0.692000,15.83823334,90.89039846,0.00000000,254.50395312,0.00000000,0.00000000,94.69756566,106.72863180,101.68074366,1745.79450000,27051.01370128,7912.94957600
8,594,0.000000,0.736000,0.00000000,106.72863180,0.00000000,260.62721034,0.00000000,0.00000000,94.69756566,106.72863180,101.68074366,1745.79450000,27400.17260112,7912.94957600
8,595,0.000000,0.826000,0.00000000,107.00301545,0.00000000,305.27405739,0.00000000,0.00000000,94.69756566,107.00301545,101.68074366,1745.79450000,27589.27758256,8819.77064342
8,596,0.000000,0.905000,0.00000000,73.54194353,0.00000000,378.16598736,0.00000000,0.00000000,63.67817400,73.54194353,68.65710075,1244.73168631,27088.21476866,9891.18697000
8,597,0.000000,0.915000,0.00000000,73.54194353,0.00000000,383.15723522,0.00000000,0.00000000,63.67817400,73.54194353,68.65710075,1244.73168631,26587.15195477,9891.18697000
8,598,0.000000,0.891000,0.00000000,106.72863180,0.00000000,337.99155210,0.00000000,0.00000000,94.69756566,106.72863180,101.68074366,1745.79450000,26936.31085460,7912.94957600
8,599,0.000000,0.855000,0.00000000,107.32720193,0.00000000,319.42448970,0.00000000,0.00000000,94.69756566,107.32720193,101.68074366,1745.79450000,26936.31085440,9891.18697000
8,600,0.000000,0.816000,0.00000000,106.72863180,0.00000000,300.55719319,0.00000000,0.00000000,94.69756566,106.72863180,101.68074366,1745.79450000,27285.46975424,7912.94957600
8,601,0.000000,0.768000,0.00000000,107.32720193,0.00000000,276.00063336,0.00000000,0.00000000,94.69756566,107.32720193,101.68074366,1745.79450000,27285.46975403,9891.18697000
8,602,0.000000,0.699000,0.00000000,73.54194353,0.00000000,275.34628155,0.00000000,0.00000000,63.67817400,73.54194353,68.65710075,1244.73168631,26784.40694014,9891.18697000
8,603,0.000000,0.648000,0.00000000,106.72863180,0.00000000,216.70422922,0.00000000,0.00000000,94.69756566,106.72863180,101.68074366,1745.79450000,27133.56583997,7912.94957600
8,604,0.000000,0.569000,0.00000000,106.72863180,0.00000000,177.27337116,0.00000000,0.00000000,94.69756566,106.72863180,101.68074366,1745.79450000,27482.72473981,7912.94957600
8,605,0.000000,0.504000,0.00000000,107.32720193,0.00000000,144.23168998,0.00000000,0.00000000,94.69756566,107.32720193,101.68074366,1745.79450000,27482.72473960,9891.18697000
8,606,0.000000,0.483000,0.00000000,106.72863180,0.00000000,134.34863961,0.00000000,0.00000000,94.69756566,106.72863180,101.68074366,1745.79450000,27831.88363944,7912.94957600
8,607,0.145000,0.645000,23.19741247,20.28122709,0.00000000,301.65425957,0.00000000,0.00000000,36.84682300,43.47863956,39.91750131,767.66957627,27202.91761554,7912.94957600
8,608,0.349000,0.820000,43.47863956,0.00000000,12.35513252,409.28232413,0.00000000,0.00000000,36.84682300,43.47863956,39.91750131,767.66957627,26573.95159165,7912.94957600
8,609,0.513000,0.818000,82.07084550,24.65778630,0.00000000,383.62628825,0.00000000,0.00000000,94.69756566,106.72863180,101.68074366,1745.79450000,26923.11049149,7912.94957600
8,610,0.625000,0.763000,99.98884685,7.33835507,0.00000000,373.49385628,0.00000000,0.00000000,94.69756566,107.32720193,101.68074366,1745.79450000,26923.11049128,9891.18697000
8,611,0.687000,0.686000,106.72863180,0.00000000,3.17910866,342.39960287,0.00000000,0.00000000,94.69756566,106.72863180,101.68074366,1745.79450000,27272.26939112,7912.94957600
8,612,0.704000,0.605000,89.89674172,0.00000000,22.73069538,301.97049524,0.00000000,0.00000000,78.66539600,89.89674172,84.63531998,1492.48099468,27018.95588559,9891.18697000
8,613,0.677000,0.550000,107.32720193,0.00000000,0.98071699,274.51863204,0.00000000,0.00000000,94.69756566,107.32720193,101.68074366,1745.79450000,27018.95588538,9891.18697000
8,614,0.600000,0.535000,0.00000000,89.89674172,95.98929298,177.13501854,0.00000000,0.00000000,78.66539600,89.89674172,84.63531998,1492.48099468,26765.64237985,9891.18697000
8,615,0.488000,0.555000,78.07129162,28.65734018,0.00000000,248.35691579,0.00000000,0.00000000,94.69756566,106.72863180,101.68074366,1745.79450000,27114.80127969,7912.94957600
8,616,0.315000,0.610000,50.39437881,56.93282311,0.00000000,247.53329606,0.00000000,0.00000000,94.69756566,107.32720193,101.68074366,1745.79450000,27114.80127948,9891.18697000
8,617,0.108000,0.697000,17.27807274,90.04912919,0.00000000,257.84084632,0.00000000,0.00000000,94.69756566,107.32720193,101.68074366,1745.79450000,27114.80127928,9891.18697000
8,618,0.000000,0.773000,0.00000000,106.72863180,0.00000000,279.09482741,0.00000000,0.00000000,94.69756566,106.72863180,101.68074366,1745.79450000,27463.96017912,7912.94957600
8,619,0.000000,0.856000,0.00000000,89.89674172,0.00000000,337.35407469,0.00000000,0.00000000,78.66539600,89.89674172,84.63531998,1492.48099468,27210.64667359,9891.18697000
8,620,0.000000,0.903000,0.00000000,106.72863180,0.00000000,343.98104953,0.00000000,0.00000000,94.69756566,106.72863180,101.68074366,1745.79450000,27559.80557342,7912.94957600
8,621,0.000000,0.919000,0.00000000,107.32720193,0.00000000,351.36847597,0.00000000,0.00000000,94.69756566,107.32720193,101.68074366,1745.79450000,27559.80557322,9891.18697000
8,622,0.000000,0.897000,0.00000000,72.94337341,0.00000000,374.77155920,0.00000000,0.00000000,63.67817400,72.94337341,68.65710075,1244.73168631,27407.90165936,7912.94957600
8,623,0.000000,0.870000,0.00000000,107.32720193,0.00000000,326.91136148,0.00000000,0.00000000,94.69756566,107.32720193,101.68074366,1745.79450000,27407.90165916,9891.18697000
8,624,0.000000,0.845000,0.00000000,107.32720193,0.00000000,314.43324184,0.00000000,0.00000000,94.69756566,107.32720193,101.68074366,1745.79450000,27407.90165895,9891.18697000
8,625,0.000000,0.796000,0.00000000,107.32720193,0.00000000,289.97612735,0.00000000,0.00000000,94.69756566,107.32720193,101.68074366,1745.79450000,27407.90165875,9891.18697000
8,626,0.000000,0.739000,0.00000000,89.89674172,0.00000000,278.95647478,0.00000000,0.00000000,78.66539600,89.89674172,84.63531998,1492.48099468,27154.58815322,9891.18697000
8,627,0.000000,0.657000,0.00000000,106.72863180,0.00000000,221.19635229,0.00000000,0.00000000,94.69756566,106.72863180,101.68074366,1745.79450000,27503.74705306,7912.94957600
8,628,0.000000,0.563000,0.00000000,107.10282896,0.00000000,173.90442528,0.00000000,0.00000000,94.69756566,107.10282896,101.68074366,1745.79450000,27634.62865387,9149.64815405
8,629,0.000000,0.507000,0.00000000,73.54194353,0.00000000,179.51432273,0.00000000,0.00000000,63.67817400,73.54194353,68.65710075,1244.73168631,27133.56583997,9891.18697000
8,630,0.000000,0.458000,0.00000000,106.72863180,0.00000000,121.87051997,0.00000000,0.00000000,94.69756566,106.72863180,101.68074366,1745.79450000,27482.72473981,7912.94957600
8,631,0.149000,0.623000,23.83734109,82.89129071,0.00000000,228.06345067,0.00000000,0.00000000,94.69756566,106.72863180,101.68074366,1745.79450000,27831.88363964,7912.94957600
8,632,0.354000,0.782000,56.63368286,50.69351907,0.00000000,339.62206321,0.00000000,0.00000000,94.69756566,107.32720193,101.68074366,1745.79450000,27831.88363944,9891.18697000
8,633,0.520000,0.755000,83.19072058,24.13648134,0.00000000,352.70273173,0.00000000,0.00000000,94.69756566,107.32720193,101.68074366,1745.79450000,27831.88363923,9891.18697000
8,634,0.632000,0.695000,101.10872194,6.21847999,0.00000000,340.67324595,0.00000000,0.00000000,94.69756566,107.32720193,101.68074366,1745.79450000,27831.88363903,9891.18697000
8,635,0.694000,0.628000,107.32720193,0.00000000,3.70041362,313.45036531,0.00000000,0.00000000,94.69756566,107.32720193,101.68074366,1745.79450000,27831.88363882,9891.18697000
8,636,0.711000,0.574000,107.32720193,0.00000000,6.42011025,286.49762689,0.00000000,0.00000000,94.69756566,107.32720193,101.68074366,1745.79450000,27831.88363862,9891.18697000
8,637,0.684000,0.554000,107.32720193,0.00000000,2.10059207,276.51513118,0.00000000,0.00000000,94.69756566,107.32720193,101.68074366,1745.79450000,27831.88363841,9891.18697000
8,638,0.613000,0.568000,98.06906099,9.25814093,0.00000000,274.24473725,0.00000000,0.00000000,94.69756566,107.32720192,101.68074366,1745.79450000,27831.88363944,9891.18696303
8,639,0.495000,0.605000,0.00000000,30.37356422,79.19116671,271.59693102,0.00000000,0.00000000,25.00174700,30.37356422,27.15938231,539.40882693,26974.65686620,7912.94957600
8,640,0.330000,0.661000,52.79411114,53.93452066,0.00000000,275.98696257,0.00000000,0.00000000,94.69756566,106.72863180,101.68074366,1745.79450000,27323.81576604,7912.94957600
8,641,0.130000,0.729000,20.79768015,86.52952178,0.00000000,277.33244687,0.00000000,0.00000000,94.69756566,107.32720193,101.68074366,1745.79450000,27323.81576583,9891.18697000
8,642,0.000000,0.777000,0.00000000,106.72863180,0.00000000,281.09132655,0.00000000,0.00000000,94.69756566,106.72863180,101.68074366,1745.79450000,27672.97466567,7912.94957600
8,643,0.000000,0.835000,0.00000000,73.54194353,0.00000000,343.22725238,0.00000000,0.00000000,63.67817400,73.54194353,68.65710075,1244.73168631,27171.91185177,9891.18697000
8,644,0.000000,0.865000,0.00000000,106.72863180,0.00000000,325.01430768,0.00000000,0.00000000,94.69756566,106.72863180,101.68074366,1745.79450000,27521.07075161,7912.94957600
8,645,0.000000,0.890000,0.00000000,89.89674172,0.00000000,354.32431740,0.00000000,0.00000000,78.66539600,89.89674172,84.63531998,1492.48099468,27267.75724608,9891.18697000
8,646,0.000000,0.887000,0.00000000,106.95867883,0.00000000,335.76500593,0.00000000,0.00000000,94.69756566,106.95867883,101.68074366,1745.79450000,27482.72473960,8673.24082990
8,647,0.000000,0.858000,0.00000000,106.72863180,0.00000000,321.52043418,0.00000000,0.00000000,94.69756566,106.72863180,101.68074366,1745.79450000,27831.88363944,7912.94957600
8,648,0.000000,0.829000,0.00000000,72.94337341,0.00000000,340.83107379,0.00000000,0.00000000,63.67817400,72.94337341,68.65710075,1244.73168631,27679.97972559,7912.94957600
8,649,0.000000,0.793000,0.00000000,73.02111966,0.00000000,322.78483526,0.00000000,0.00000000,63.67817400,73.02111966,68.65710075,1244.73168631,27482.72473981,8169.89615915
8,650,0.000000,0.762000,0.00000000,107.32720193,0.00000000,273.00588464,0.00000000,0.00000000,94.69756566,107.32720193,101.68074366,1745.79450000,27482.72473960,9891.18697000
8,651,0.000000,0.733000,0.00000000,106.72863180,0.00000000,259.12983599,0.00000000,0.00000000,94.69756566,106.72863180,101.68074366,1745.79450000,27831.88363944,7912.94957600
8,652,0.000000,0.652000,0.00000000,89.89674172,0.00000000,235.53261844,0.00000000,0.00000000,78.66539600,89.89674172,84.63531998,1492.48099468,27578.57013391,9891.18697000
8,653,0.000000,0.552000,0.00000000,107.32720193,0.00000000,168.18967968,0.00000000,0.00000000,94.69756566,107.32720193,101.68074366,1745.79450000,27578.57013371,9891.18697000
8,654,0.000000,0.506000,0.00000000,89.33472585,0.00000000,163.22241563,0.00000000,0.00000000,78.66539600,89.33472585,84.63531998,1492.48099468,27653.09263958,8033.75914336
8,655,0.101000,0.586000,16.15819765,91.16900427,0.00000000,201.31812004,0.00000000,0.00000000,94.69756566,107.32720193,101.68074366,1745.79450000,27653.09263937,9891.18697000
8,656,0.286000,0.835000,45.75489632,27.78704721,0.00000000,388.98214870,0.00000000,0.00000000,63.67817400,73.54194353,68.65710075,1244.73168631,27152.02982548,9891.18697000
8,657,0.467000,0.849000,74.71166637,32.61553556,0.00000000,391.14140735,0.00000000,0.00000000,94.69756566,107.32720193,101.68074366,1745.79450000,27152.02982527,9891.18697000
8,658,0.600000,0.808000,95.98929298,11.33790895,0.00000000,391.95491776,0.00000000,0.00000000,94.69756566,107.32720193,101.68074366,1745.79450000,27152.02982507,9891.18697000
8,659,0.677000,0.761000,107.32720193,0.00000000,0.98071699,379.83396178,0.00000000,0.00000000,94.69756566,107.32720193,101.68074366,1745.79450000,27152.02982486,9891.18697000
8,660,0.699000,0.709000,107.32720193,0.00000000,4.50032440,353.87947294,0.00000000,0.00000000,94.69756566,107.32720193,101.68074366,1745.79450000,27152.02982466,9891.18697000
8,661,0.673000,0.674000,107.32720193,0.00000000,0.34078837,336.41010544,0.00000000,0.00000000,94.69756566,107.32720193,101.68074366,1745.79450000,27152.02982445,9891.18697000
8,662,0.601000,0.675000,89.89674172,0.00000000,6.25253342,336.90923023,0.00000000,0.00000000,78.66539600,89.89674172,84.63531998,1492.48099468,26898.71631893,9891.18697000
8,663,0.482000,0.702000,77.11139869,12.78534302,0.00000000,337.60025641,0.00000000,0.00000000,78.66539600,89.89674172,84.63531998,1492.48099468,26645.40281340,9891.18697000
8,664,0.318000,0.750000,50.87432528,56.45287665,0.00000000,317.89071249,0.00000000,0.00000000,94.69756566,107.32720193,101.68074366,1745.79450000,26645.40281319,9891.18697000
8,665,0.124000,0.813000,19.83778722,87.48941471,0.00000000,318.29903592,0.00000000,0.00000000,94.69756566,107.32720193,101.68074366,1745.79450000,26645.40281299,9891.18697000
8,666,0.000000,0.840000,0.00000000,73.54194353,0.00000000,345.72287630,0.00000000,0.00000000,63.67817400,73.54194353,68.65710075,1244.73168631,26144.33999909,9891.18697000
8,667,0.000000,0.833000,0.00000000,107.32720193,0.00000000,308.44374441,0.00000000,0.00000000,94.69756566,107.32720193,101.68074366,1745.79450000,26144.33999889,9891.18697000
8,668,0.000000,0.820000,0.00000000,107.32720193,0.00000000,301.95512220,0.00000000,0.00000000,94.69756566,107.32720193,101.68074366,1745.79450000,26144.33999868,9891.18697000
8,669,0.000000,0.800000,0.00000000,73.54194353,0.00000000,325.75788488,0.00000000,0.00000000,63.67817400,73.54194353,68.65710075,1244.73168631,25643.27718479,9891.18697000
8,670,0.000000,0.754000,0.00000000,107.32720193,0.00000000,269.01288636,0.00000000,0.00000000,94.69756566,107.32720193,101.68074366,1745.79450000,25643.27718458,9891.18697000
8,671,0.000000,0.686000,0.00000000,107.32720193,0.00000000,235.07240094,0.00000000,0.00000000,94.69756566,107.32720193,101.68074366,1745.79450000,25643.27718438,9891.18697000
8,672,0.000000,0.625000,0.00000000,107.32720193,0.00000000,204.62578903,0.00000000,0.00000000,94.69756566,107.32720193,101.68074366,1745.79450000,25643.27718417,9891.18697000
8,673,0.000000,0.566000,0.00000000,107.32720193,0.00000000,175.17742668,0.00000000,0.00000000,94.69756566,107.32720193,101.68074366,1745.79450000,25643.27718397,9891.18697000
8,674,0.000000,0.501000,0.00000000,107.32720193,0.00000000,142.73431562,0.00000000,0.00000000,94.69756566,107.32720193,101.68074366,1745.79450000,25643.27718376,9891.18697000
8,675,0.000000,0.470000,0.00000000,107.32720193,0.00000000,127.26144727,0.00000000,0.00000000,94.69756566,107.32720193,101.68074366,1745.79450000,25643.27718356,9891.18697000
8,676,0.000000,0.432000,0.00000000,89.89674172,0.00000000,125.72516563,0.00000000,0.00000000,78.66539600,89.89674172,84.63531998,1492.48099468,25389.96367803,9891.18697000
8,677,0.000000,0.377000,0.00000000,107.32720193,0.00000000,80.84284222,0.00000000,0.00000000,94.69756566,107.32720193,101.68074366,1745.79450000,25389.96367782,9891.18697000
8,678,0.000000,0.344000,0.00000000,89.89674172,0.00000000,81.80218450,0.00000000,0.00000000,78.66539600,89.89674172,84.63531998,1492.48099468,25136.65017229,9891.18697000
8,679,0.148000,0.516000,23.67735893,83.64984299,0.00000000,173.89854634,0.00000000,0.00000000,94.69756566,107.32720193,101.68074366,1745.79450000,25136.65017209,9891.18697000
8,680,0.348000,0.746000,55.67378993,51.65341200,0.00000000,320.69367800,0.00000000,0.00000000,94.69756566,107.32720193,101.68074366,1745.79450000,25136.65017188,9891.18697000
8,681,0.509000,0.768000,81.43091688,25.89628505,0.00000000,357.43155023,0.00000000,0.00000000,94.69756566,107.32720193,101.68074366,1745.79450000,25136.65017168,9891.18697000
8,682,0.615000,0.747000,44.07720969,0.00000000,54.31181562,372.84621478,0.00000000,0.00000000,36.84682300,44.07720969,39.91750131,767.66957627,24158.52524774,9891.18697000
8,683,0.675000,0.732000,107.32720193,0.00000000,0.66075268,365.35934300,0.00000000,0.00000000,94.69756566,107.32720193,101.68074366,1745.79450000,24158.52524754,9891.18697000
8,684,0.690000,0.723000,107.32720193,0.00000000,3.06048500,360.86721993,0.00000000,0.00000000,94.69756566,107.32720193,101.68074366,1745.79450000,24158.52524733,9891.18697000
8,685,0.662000,0.728000,0.00000000,73.54194353,105.90818659,289.82090033,0.00000000,0.00000000,63.67817400,73.54194353,68.65710075,1244.73168631,23657.46243344,9891.18697000
8,686,0.588000,0.746000,94.06950712,13.25769481,0.00000000,359.08939519,0.00000000,0.00000000,94.69756566,107.32720193,101.68074366,1745.79450000,23657.46243324,9891.18697000
8,687,0.471000,0.772000,75.35159499,31.97560694,0.00000000,353.34872749,0.00000000,0.00000000,94.69756566,107.32720193,101.68074366,1745.79450000,23657.46243303,9891.18697000
8,688,0.269000,0.800000,43.03519969,1.04201000,0.00000000,398.25781842,0.00000000,0.00000000,36.84682300,44.07720969,39.91750131,767.66957627,22679.33750909,9891.18697000
8,689,0.101000,0.815000,16.15819765,91.16900427,0.00000000,315.61769593,0.00000000,0.00000000,94.69756566,107.32720193,101.68074366,1745.79450000,22679.33750889,9891.18697000
8,690,0.000000,0.795000,0.00000000,73.54194353,0.00000000,323.26226096,0.00000000,0.00000000,63.67817400,73.54194353,68.65710075,1244.73168631,22178.27469500,9891.18697000
8,691,0.000000,0.779000,0.00000000,107.32720193,0.00000000,281.49100600,0.00000000,0.00000000,94.69756566,107.32720193,101.68074366,1745.79450000,22178.27469479,9891.18697000
8,692,0.000000,0.777000,0.00000000,107.32720193,0.00000000,280.49275642,0.00000000,0.00000000,94.69756566,107.32720193,101.68074366,1745.79450000,22178.27469459,9891.18697000
8,693,0.000000,0.748000,0.00000000,107.32720193,0.00000000,266.01813764,0.00000000,0.00000000,94.69756566,107.32720193,101.68074366,1745.79450000,22178.27469438,9891.18697000
8,694,0.000000,0.665000,0.00000000,107.32720193,0.00000000,224.59078045,0.00000000,0.00000000,94.69756566,107.32720193,101.68074366,1745.79450000,22178.27469418,9891.18697000
8,695,0.000000,0.555000,0.00000000,73.54194353,0.00000000,203.47231243,0.00000000,0.00000000,63.67817400,73.54194353,68.65710075,1244.73168631,21677.21188028,9891.18697000
8,696,0.000000,0.457000,0.00000000,107.32720193,0.00000000,120.77282506,0.00000000,0.00000000,94.69756566,107.32720193,101.68074366,1745.79450000,21677.21188008,9891.18697000
8,697,0.000000,0.376000,0.00000000,107.32720193,0.00000000,80.34371743,0.00000000,0.00000000,94.69756566,107.32720193,101.68074366,1745.79450000,21677.21187987,9891.18697000
8,698,0.000000,0.315000,0.00000000,107.32720193,0.00000000,49.89710551,0.00000000,0.00000000,94.69756566,107.32720193,101.68074366,1745.79450000,21677.21187967,9891.18697000
8,699,0.000000,0.294000,0.00000000,107.32720193,0.00000000,39.41548502,0.00000000,0.00000000,94.69756566,107.32720193,101.68074366,1745.79450000,21677.21187946,9891.18697000
8,700,0.000000,0.283000,0.00000000,107.32720193,0.00000000,33.92511238,0.00000000,0.00000000,94.69756566,107.32720193,101.68074366,1745.79450000,21677.21187926,9891.18697000
8,701,0.000000,0.274000,0.00000000,89.89674172,0.00000000,46.86344952,0.00000000,0.00000000,78.66539600,89.89674172,84.63531998,1492.48099468,21423.89837373,9891.18697000
8,702,0.000000,0.271000,0.00000000,107.32720193,0.00000000,27.93561495,0.00000000,0.00000000,94.69756566,107.32720193,101.68074366,1745.79450000,21423.89837352,9891.18697000
8,703,0.150000,0.448000,23.99732324,83.32987868,0.00000000,140.27802523,0.00000000,0.00000000,94.69756566,107.32720193,101.68074366,1745.79450000,21423.89837332,9891.18697000
8,704,0.353000,0.661000,56.47370070,17.06824283,0.00000000,312.85324040,0.00000000,0.00000000,63.67817400,73.54194353,68.65710075,1244.73168631,20922.83555942,9891.18697000
8,705,0.517000,0.643000,82.71077412,24.61642781,0.00000000,296.32080928,0.00000000,0.00000000,94.69756566,107.32720193,101.68074366,1745.79450000,20922.83555922,9891.18697000
8,706,0.628000,0.581000,100.46879332,6.85840861,0.00000000,283.13309178,0.00000000,0.00000000,94.69756566,107.32720193,101.68074366,1745.79450000,20922.83555901,9891.18697000
8,707,0.689000,0.510000,107.32720193,0.00000000,2.90050285,254.55364062,0.00000000,0.00000000,94.69756566,107.32720193,101.68074366,1745.79450000,20922.83555881,9891.18697000
8,708,0.707000,0.438000,107.32720193,0.00000000,5.78018163,218.61665606,0.00000000,0.00000000,94.69756566,107.32720193,101.68074366,1745.79450000,20922.83555860,9891.18697000
8,709,0.672000,0.384000,107.32720193,0.00000000,0.18080621,191.66391764,0.00000000,0.00000000,94.69756566,107.32720193,101.68074366,1745.79450000,20922.83555840,9891.18697000
8,710,0.598000,0.367000,95.66932867,11.65787326,0.00000000,171.52092303,0.00000000,0.00000000,94.69756566,107.32720193,101.68074366,1745.79450000,20922.83555819,9891.18697000
8,711,0.451000,0.400000,72.15195189,35.17525004,0.00000000,164.47466417,0.00000000,0.00000000,94.69756566,107.32720193,101.68074366,1745.79450000,20922.83555799,9891.18697000
8,712,0.302000,0.474000,48.31461080,59.01259113,0.00000000,177.57255721,0.00000000,0.00000000,94.69756566,107.32720193,101.68074366,1745.79450000,20922.83555778,9891.18697000
8,713,0.107000,0.591000,17.11809058,72.77865139,0.00000000,222.20409685,0.00000000,0.00000000,78.66539600,89.89674197,84.63532017,1492.48104146,20669.52209904,9891.18697000
8,714,0.000000,0.686000,0.00000000,107.32720193,0.00000000,235.07240094,0.00000000,0.00000000,94.69756566,107.32720193,101.68074366,1745.79450000,20669.52209883,9891.18697000
8,715,0.000000,0.782000,0.00000000,58.26858255,0.00000000,332.04699973,0.00000000,0.00000000,49.73928100,58.26858255,53.75120196,1002.98023956,19926.70783818,9891.18697000
8,716,0.000000,0.863000,0.00000000,89.89674197,0.00000000,340.84794793,0.00000000,0.00000000,78.66539600,89.89674197,84.63532017,1492.48104146,19673.39437943,9891.18697000
8,717,0.000000,0.895000,0.00000000,107.32720193,0.00000000,339.38948112,0.00000000,0.00000000,94.69756566,107.32720193,101.68074366,1745.79450000,19673.39437923,9891.18697000
8,718,0.000000,0.853000,0.00000000,89.89674197,0.00000000,335.85670008,0.00000000,0.00000000,78.66539600,89.89674197,84.63532017,1492.48104146,19420.08092048,9891.18697000
8,719,0.000000,0.806000,0.00000000,89.89674197,0.00000000,312.39783516,0.00000000,0.00000000,78.66539600,89.89674197,84.63532017,1492.48104146,19166.76746173,9891.18697000
8,720,0.000000,0.765000,0.00000000,89.89674197,0.00000000,291.93371895,0.00000000,0.00000000,78.66539600,89.89674197,84.63532017,1492.48104146,18913.45400298,9891.18697000
8,721,0.000000,0.690000,0.00000000,89.89674197,0.00000000,254.49936004,0.00000000,0.00000000,78.66539600,89.89674197,84.63532017,1492.48104146,18660.14054423,9891.18697000
8,722,0.000000,0.580000,0.00000000,89.89674197,0.00000000,199.59563363,0.00000000,0.00000000,78.66539600,89.89674197,84.63532017,1492.48104146,18406.82708548,9891.18697000
8,723,0.000000,0.447000,0.00000000,73.54194353,0.00000000,149.56683559,0.00000000,0.00000000,63.67817400,73.54194353,68.65710075,1244.73168631,17905.76427159,9891.18697000
8,724,0.000000,0.360000,0.00000000,107.32720193,0.00000000,72.35772086,0.00000000,0.00000000,94.69756566,107.32720193,101.68074366,1745.79450000,17905.76427138,9891.18697000
8,725,0.000000,0.283000,0.00000000,89.89674197,0.00000000,51.35557233,0.00000000,0.00000000,78.66539600,89.89674197,84.63532017,1492.48104146,17652.45081263,9891.18697000
8,726,0.000000,0.224000,0.00000000,107.32720193,0.00000000,4.47675003,0.00000000,0.00000000,94.69756566,107.32720193,101.68074366,1745.79450000,17652.45081243,9891.18697000
8,727,0.150000,0.386000,23.99732324,65.89941873,0.00000000,126.76274848,0.00000000,0.00000000,78.66539600,89.89674197,84.63532017,1492.48104146,17399.13735368,9891.18697000
8,728,0.356000,0.638000,56.95364717,50.37355476,0.00000000,268.06805841,0.00000000,0.00000000,94.69756566,107.32720193,101.68074366,1745.79450000,17399.13735348,9891.18697000
8,729,0.522000,0.621000,83.51068489,6.38605708,0.00000000,303.57043473,0.00000000,0.00000000,78.66539600,89.89674197,84.63532017,1492.48104146,17145.82389473,9891.18697000
8,730,0.635000,0.547000,101.58866840,5.73853352,0.00000000,267.28272416,0.00000000,0.00000000,94.69756566,107.32720193,101.68074366,1745.79450000,17145.82389452,9891.18697000
8,731,0.698000,0.457000,89.89674197,0.00000000,21.77080219,228.10002698,0.00000000,0.00000000,78.66539600,89.89674197,84.63532017,1492.48104146,16892.51043577,9891.18697000
8,732,0.715000,0.362000,89.89674197,0.00000000,24.49049883,180.68317236,0.00000000,0.00000000,78.66539600,89.89674197,84.63532017,1492.48104146,16639.19697702,9891.18697000
8,733,0.686000,0.288000,89.89674197,0.00000000,19.85101633,143.74793823,0.00000000,0.00000000,78.66539600,89.89674197,84.63532017,1492.48104146,16385.88351827,9891.18697000
8,734,0.579000,0.254000,89.89674197,0.00000000,2.73292575,126.77769552,0.00000000,0.00000000,78.66539600,89.89674197,84.63532017,1492.48104146,16132.57005953,9891.18697000
8,735,0.456000,0.264000,72.95186266,16.94487931,0.00000000,114.82406407,0.00000000,0.00000000,78.66539600,89.89674197,84.63532017,1492.48104146,15879.25660078,9891.18697000
8,736,0.257000,0.342000,41.11541383,32.42653074,0.00000000,138.27414591,0.00000000,0.00000000,63.67817400,73.54194456,68.65710149,1244.73187308,15378.19397365,9891.18697000
8,737,0.094000,0.503000,15.03832257,74.85841915,0.00000000,176.20134797,0.00000000,0.00000000,78.66539600,89.89674172,84.63531998,1492.48099468,15124.88046812,9891.18697000
8,738,0.000000,0.672000,0.00000000,89.89674197,0.00000000,245.51511390,0.00000000,0.00000000,78.66539600,89.89674197,84.63532017,1492.48104146,14871.56700938,9891.18697000
8,739,0.000000,0.757000,0.00000000,89.89674197,0.00000000,287.94072067,0.00000000,0.00000000,78.66539600,89.89674197,84.63532017,1492.48104146,14618.25355063,9891.18697000
8,740,0.000000,0.853000,0.00000000,107.32720193,0.00000000,318.42624012,0.00000000,0.00000000,94.69756566,107.32720193,101.68074366,1745.79450000,14618.25355042,9891.18697000
8,741,0.000000,0.919000,0.00000000,107.32720193,0.00000000,351.36847597,0.00000000,0.00000000,94.69756566,107.32720193,101.68074366,1745.79450000,14618.25355022,9891.18697000
8,742,0.000000,0.895000,0.00000000,89.89674197,0.00000000,356.81994107,0.00000000,0.00000000,78.66539600,89.89674197,84.63532017,1492.48104146,14364.94009147,9891.18697000
8,743,0.000000,0.840000,0.00000000,89.89674197,0.00000000,329.36807786,0.00000000,0.00000000,78.66539600,89.89674197,84.63532017,1492.48104146,14111.62663272,9891.18697000
8,744,0.000000,0.768000,0.00000000,93.86216019,0.00000000,289.46567509,0.00000000,0.00000000,82.31270409,93.86216019,88.51314284,1550.10968721,13915.94181972,9891.18697000
9,1,0.000000,0.348000,0.00000000,106.72863180,0.00000000,66.96679356,0.00000000,0.00000000,94.69756566,106.72863180,101.68074366,1745.79450000,14265.10071956,7912.94957600
9,2,0.000000,0.308000,0.00000000,2.39428050,0.00000000,151.33615344,0.00000000,0.00000000,0.00000000,2.39428050,0.00000000,0.00000000,12868.46511939,7912.94957600
9,3,0.000000,0.283000,0.00000000,106.72863180,0.00000000,34.52368250,0.00000000,0.00000000,94.69756566,106.72863180,101.68074366,1745.79450000,13217.62401923,7912.94957600
9,4,0.000000,0.278000,0.00000000,106.72863180,0.00000000,32.02805857,0.00000000,0.00000000,94.69756566,106.72863180,101.68074366,1745.79450000,13566.78291906,7912.94957600
9,5,0.000000,0.259000,0.00000000,2.39428050,0.00000000,126.87903895,0.00000000,0.00000000,0.00000000,2.39428050,0.00000000,0.00000000,12170.14731890,7912.94957600
9,6,0.007000,0.243000,1.11987508,42.35876448,0.00000000,78.92855841,0.00000000,0.00000000,36.84682300,43.47863956,39.91750131,767.66957627,11541.18129501,7912.94957600
9,7,0.151000,0.452000,24.15730540,82.57132640,0.00000000,143.03307666,0.00000000,0.00000000,94.69756566,106.72863180,101.68074366,1745.79450000,11890.34019484,7912.94957600
9,8,0.345000,0.578000,55.19384346,51.53478834,0.00000000,236.95933769,0.00000000,0.00000000,94.69756566,106.72863180,101.68074366,1745.79450000,12239.49909468,7912.94957600
9,9,0.504000,0.571000,80.63100610,26.09762570,0.00000000,258.90262684,0.00000000,0.00000000,94.69756566,106.72863180,101.68074366,1745.79450000,12588.65799451,7912.94957600
9,10,0.619000,0.556000,30.37356422,0.00000000,68.65538970,277.51338075,0.00000000,0.00000000,25.00174700,30.37356422,27.15938231,539.40882693,11731.43122127,7912.94957600
9,11,0.680000,0.547000,106.72863180,0.00000000,2.05923358,273.02125768,0.00000000,0.00000000,94.69756566,106.72863180,101.68074366,1745.79450000,12080.59012111,7912.94957600
9,12,0.704000,0.547000,106.72863180,0.00000000,5.89880530,273.02125768,0.00000000,0.00000000,94.69756566,106.72863180,101.68074366,1745.79450000,12429.74902095,7912.94957600
9,13,0.676000,0.557000,106.72863180,0.00000000,1.41930496,278.01250554,0.00000000,0.00000000,94.69756566,106.72863180,101.68074366,1745.79450000,12778.90792078,7912.94957600
9,14,0.603000,0.574000,96.46923944,10.25939236,0.00000000,276.23823453,0.00000000,0.00000000,94.69756566,106.72863180,101.68074366,1745.79450000,13128.06682062,7912.94957600
9,15,0.487000,0.596000,77.91130947,28.81732233,0.00000000,268.66104984,0.00000000,0.00000000,94.69756566,106.72863180,101.68074366,1745.79450000,13477.22572045,7912.94957600
9,16,0.311000,0.626000,49.75445019,56.97418161,0.00000000,255.47793413,0.00000000,0.00000000,94.69756566,106.72863180,101.68074366,1745.79450000,13826.38462029,7912.94957600
9,17,0.120000,0.645000,19.19785860,87.53077320,0.00000000,234.40471346,0.00000000,0.00000000,94.69756566,106.72863180,101.68074366,1745.79450000,14175.54352013,7912.94957600
9,18,0.000000,0.620000,0.00000000,89.29817159,0.00000000,220.15919543,0.00000000,0.00000000,78.66539600,89.29817159,84.63531998,1492.48099468,14271.38891464,7912.94957600
9,19,0.000000,0.605000,0.00000000,106.72863180,0.00000000,195.24186344,0.00000000,0.00000000,94.69756566,106.72863180,101.68074366,1745.79450000,14620.54781447,7912.94957600
9,20,0.000000,0.625000,0.00000000,106.72863180,0.00000000,205.22435915,0.00000000,0.00000000,94.69756566,106.72863180,101.68074366,1745.79450000,14969.70671431,7912.94957600
9,21,0.000000,0.637000,0.00000000,106.72863180,0.00000000,211.21385658,0.00000000,0.00000000,94.69756566,106.72863180,101.68074366,1745.79450000,15318.86561415,7912.94957600
9,22,0.000000,0.644000,0.00000000,106.72863180,0.00000000,214.70773008,0.00000000,0.00000000,94.69756566,106.72863180,101.68074366,1745.79450000,15668.02451398,7912.94957600
9,23,0.000000,0.605000,0.00000000,72.94337341,0.00000000,229.02712183,0.00000000,0.00000000,63.67817400,72.94337341,68.65710075,1244.73168631,15516.12060013,7912.94957600
9,24,0.000000,0.529000,0.00000000,106.72863180,0.00000000,157.30837974,0.00000000,0.00000000,94.69756566,106.72863180,101.68074366,1745.79450000,15865.27949997,7912.94957600
9,25,0.000000,0.470000,0.00000000,106.72863180,0.00000000,127.86001739,0.00000000,0.00000000,94.69756566,106.72863180,101.68074366,1745.79450000,16214.43839980,7912.94957600
9,26,0.000000,0.420000,0.00000000,106.72863180,0.00000000,102.90377812,0.00000000,0.00000000,94.69756566,106.72863180,101.68074366,1745.79450000,16563.59729964,7912.94957600
9,27,0.000000,0.367000,0.00000000,72.94337341,0.00000000,110.23542288,0.00000000,0.00000000,63.67817400,72.94337341,68.65710075,1244.73168631,16411.69338578,7912.94957600
9,28,0.000000,0.326000,0.00000000,106.72863180,0.00000000,55.98604828,0.00000000,0.00000000,94.69756566,106.72863180,101.68074366,1745.79450000,16760.85228562,7912.94957600
9,29,0.000000,0.266000,0.00000000,106.72863180,0.00000000,26.03856115,0.00000000,0.00000000,94.69756566,106.72863180,101.68074366,1745.79450000,17110.01118546,7912.94957600
9,30,0.007000,0.197000,1.11987508,98.32758275,0.00000000,0.00000000,0.00000000,0.00000000,88.00049532,99.44745783,94.56040982,1639.97862565,17353.35421094,7912.94957600
9,31,0.155000,0.337000,24.79723402,81.93139778,0.00000000,86.27365494,0.00000000,0.00000000,94.69756566,106.72863180,101.68074366,1745.79450000,17702.51311078,7912.94957600
9,32,0.353000,0.385000,0.00000000,89.29817159,56.47370070,102.86487084,0.00000000,0.00000000,78.66539600,89.29817159,84.63531998,1492.48099468,17798.35850529,7912.94957600
9,33,0.524000,0.346000,83.83064920,22.89798260,0.00000000,149.79919319,0.00000000,0.00000000,94.69756566,106.72863180,101.68074366,1745.79450000,18147.51740512,7912.94957600
9,34,0.642000,0.326000,102.70854349,4.02008831,0.00000000,158.69459177,0.00000000,0.00000000,94.69756566,106.72863180,101.68074366,1745.79450000,18496.67630496,7912.94957600
9,35,0.712000,0.325000,106.72863180,0.00000000,7.17866253,162.21555529,0.00000000,0.00000000,94.69756566,106.72863180,101.68074366,1745.79450000,18845.83520480,7912.94957600
9,36,0.729000,0.323000,106.72863180,0.00000000,9.89835917,161.21730572,0.00000000,0.00000000,94.69756566,106.72863180,101.68074366,1745.79450000,19194.99410463,7912.94957600
9,37,0.699000,0.319000,106.72863180,0.00000000,5.09889452,159.22080658,0.00000000,0.00000000,94.69756566,106.72863180,101.68074366,1745.79450000,19544.15300447,7912.94957600
9,38,0.632000,0.316000,101.10872194,5.61990986,0.00000000,152.10352236,0.00000000,0.00000000,94.69756566,106.72863180,101.68074366,1745.79450000,19893.31190430,7912.94957600
9,39,0.512000,0.328000,81.91086334,24.81776846,0.00000000,138.89516119,0.00000000,0.00000000,94.69756566,106.72863180,101.68074366,1745.79450000,20242.47080414,7912.94957600
9,40,0.336000,0.372000,53.75400407,52.97462773,0.00000000,132.69979248,0.00000000,0.00000000,94.69756566,106.72863180,101.68074366,1745.79450000,20591.62970398,7912.94957600
9,41,0.136000,0.454000,21.75757308,84.97105873,0.00000000,141.63159390,0.00000000,0.00000000,94.69756566,106.72863180,101.68074366,1745.79450000,20940.78860381,7912.94957600
9,42,0.003000,0.529000,0.47994646,106.24868534,0.00000000,157.78832621,0.00000000,0.00000000,94.69756566,106.72863180,101.68074366,1745.79450000,21289.94750365,7912.94957600
9,43,0.000000,0.560000,0.00000000,106.72863180,0.00000000,172.78124809,0.00000000,0.00000000,94.69756566,106.72863180,101.68074366,1745.79450000,21639.10640348,7912.94957600
9,44,0.000000,0.553000,0.00000000,106.72863180,0.00000000,169.28737459,0.00000000,0.00000000,94.69756566,106.72863180,101.68074366,1745.79450000,21988.26530332,7912.94957600
9,45,0.000000,0.511000,0.00000000,72.94337341,0.00000000,182.10939199,0.00000000,0.00000000,63.67817400,72.94337341,68.65710075,1244.73168631,21836.36138947,7912.94957600
9,46,0.000000,0.491000,0.00000000,106.72863180,0.00000000,138.34163789,0.00000000,0.00000000,94.69756566,106.72863180,101.68074366,1745.79450000,22185.52028930,7912.94957600
9,47,0.000000,0.466000,0.00000000,106.72863180,0.00000000,125.86351825,0.00000000,0.00000000,94.69756566,106.72863180,101.68074366,1745.79450000,22534.67918914,7912.94957600
9,48,0.000000,0.410000,0.00000000,106.72863180,0.00000000,97.91253026,0.00000000,0.00000000,94.69756566,106.72863180,101.68074366,1745.79450000,22883.83808898,7912.94957600
9,49,0.000000,0.352000,0.00000000,106.72863180,0.00000000,68.96329270,0.00000000,0.00000000,94.69756566,106.72863180,101.68074366,1745.79450000,23232.99698881,7912.94957600
9,50,0.000000,0.348000,0.00000000,106.72863180,0.00000000,66.96679356,0.00000000,0.00000000,94.69756566,106.72863180,101.68074366,1745.79450000,23582.15588865,7912.94957600
9,51,0.000000,0.353000,0.00000000,106.72863180,0.00000000,69.46241749,0.00000000,0.00000000,94.69756566,106.72863180,101.68074366,1745.79450000,23931.31478848,7912.94957600
9,52,0.000000,0.323000,0.00000000,106.72863180,0.00000000,54.48867392,0.00000000,0.00000000,94.69756566,106.72863180,101.68074366,1745.79450000,24280.47368832,7912.94957600
9,53,0.000000,0.301000,0.00000000,106.72863180,0.00000000,43.50792864,0.00000000,0.00000000,94.69756566,106.72863180,101.68074366,1745.79450000,24629.63258816,7912.94957600
9,54,0.012000,0.278000,1.91978586,104.80884594,0.00000000,33.94784443,0.00000000,0.00000000,94.69756566,106.72863180,101.68074366,1745.79450000,24978.79148799,7912.94957600
9,55,0.200000,0.491000,31.99643099,74.73220081,0.00000000,170.33806888,0.00000000,0.00000000,94.69756566,106.72863180,101.68074366,1745.79450000,25327.95038783,7912.94957600
9,56,0.389000,0.618000,62.23305828,45.09414364,0.00000000,263.36497381,0.00000000,0.00000000,94.69756566,107.32720193,101.68074366,1745.79450000,25327.95038762,9891.18697000
9,57,0.562000,0.574000,89.90997109,16.81866071,0.00000000,269.67896618,0.00000000,0.00000000,94.69756566,106.72863180,101.68074366,1745.79450000,25677.10928746,7912.94957600
9,58,0.666000,0.501000,72.94337341,0.00000000,33.60474180,250.06151755,0.00000000,0.00000000,63.67817400,72.94337341,68.65710075,1244.73168631,25525.20537361,7912.94957600
9,59,0.720000,0.434000,106.72863180,0.00000000,8.45851977,216.62015692,0.00000000,0.00000000,94.69756566,106.72863180,101.68074366,1745.79450000,25874.36427344,7912.94957600
9,60,0.734000,0.400000,106.72863180,0.00000000,10.69826994,199.64991421,0.00000000,0.00000000,94.69756566,106.72863180,101.68074366,1745.79450000,26223.52317328,7912.94957600
9,61,0.709000,0.402000,106.72863180,0.00000000,6.69871607,200.64816378,0.00000000,0.00000000,94.69756566,106.72863180,101.68074366,1745.79450000,26572.68207311,7912.94957600
9,62,0.636000,0.432000,101.74865056,5.57855137,0.00000000,210.04335598,0.00000000,0.00000000,94.69756566,107.32720193,101.68074366,1745.79450000,26572.68207291,9891.18697000
9,63,0.503000,0.464000,80.47102395,26.25760785,0.00000000,205.33629263,0.00000000,0.00000000,94.69756566,106.72863180,101.68074366,1745.79450000,26921.84097275,7912.94957600
9,64,0.331000,0.513000,52.95409329,53.77453851,0.00000000,202.27647647,0.00000000,0.00000000,94.69756566,106.72863180,101.68074366,1745.79450000,27270.99987258,7912.94957600
9,65,0.127000,0.561000,20.31773368,87.00946825,0.00000000,192.99953643,0.00000000,0.00000000,94.69756566,107.32720193,101.68074366,1745.79450000,27270.99987238,9891.18697000
9,66,0.003000,0.557000,0.47994646,106.84725546,0.00000000,171.16525007,0.00000000,0.00000000,94.69756566,107.32720193,101.68074366,1745.79450000,27270.99987217,9891.18697000
9,67,0.000000,0.516000,0.00000000,107.32720193,0.00000000,150.22118740,0.00000000,0.00000000,94.69756566,107.32720193,101.68074366,1745.79450000,27270.99987197,9891.18697000
9,68,0.000000,0.442000,0.00000000,106.86813548,0.00000000,113.74501972,0.00000000,0.00000000,94.69756566,106.86813548,101.68074366,1745.79450000,27538.78326079,8374.00062989
9,69,0.000000,0.413000,0.00000000,72.94337341,0.00000000,133.19516301,0.00000000,0.00000000,63.67817400,72.94337341,68.65710075,1244.73168631,27386.87934694,7912.94957600
9,70,0.000000,0.425000,0.00000000,107.32720193,0.00000000,104.80083192,0.00000000,0.00000000,94.69756566,107.32720193,101.68074366,1745.79450000,27386.87934673,9891.18697000
9,71,0.000000,0.431000,0.00000000,107.32720193,0.00000000,107.79558063,0.00000000,0.00000000,94.69756566,107.32720193,101.68074366,1745.79450000,27386.87934653,9891.18697000
9,72,0.000000,0.423000,0.00000000,107.32720193,0.00000000,103.80258235,0.00000000,0.00000000,94.69756566,107.32720193,101.68074366,1745.79450000,27386.87934632,9891.18697000
9,73,0.000000,0.390000,0.00000000,107.32720193,0.00000000,87.33146443,0.00000000,0.00000000,94.69756566,107.32720193,101.68074366,1745.79450000,27386.87934612,9891.18697000
9,74,0.000000,0.325000,0.00000000,107.32720193,0.00000000,54.88835337,0.00000000,0.00000000,94.69756566,107.32720193,101.68074366,1745.79450000,27386.87934591,9891.18697000
9,75,0.000000,0.268000,0.00000000,106.72863180,0.00000000,27.03681072,0.00000000,0.00000000,94.69756566,106.72863180,101.68074366,1745.79450000,27736.03824575,7912.94957600
9,76,0.000000,0.240000,0.00000000,89.89674172,0.00000000,29.89320681,0.00000000,0.00000000,78.66539600,89.89674172,84.63531998,1492.48099468,27482.72474022,9891.18697000
9,77,0.000000,0.253000,0.00000000,107.32720193,0.00000000,18.95136881,0.00000000,0.00000000,94.69756566,107.32720193,101.68074366,1745.79450000,27482.72474001,9891.18697000
9,78,0.012000,0.285000,1.91978586,104.80884594,0.00000000,37.44171793,0.00000000,0.00000000,94.69756566,106.72863180,101.68074366,1745.79450000,27831.88363985,7912.94957600
9,79,0.205000,0.550000,32.79634177,74.53086016,0.00000000,199.98777188,0.00000000,0.00000000,94.69756566,107.32720193,101.68074366,1745.79450000,27831.88363964,9891.18697000
9,80,0.408000,0.677000,65.27271923,42.05448270,0.00000000,295.85299710,0.00000000,0.00000000,94.69756566,107.32720193,101.68074366,1745.79450000,27831.88363944,9891.18697000
9,81,0.564000,0.618000,90.22993540,17.09726653,0.00000000,291.36185093,0.00000000,0.00000000,94.69756566,107.32720193,101.68074366,1745.79450000,27831.88363923,9891.18697000
9,82,0.669000,0.510000,73.54194353,0.00000000,33.48611814,254.55364062,0.00000000,0.00000000,63.67817400,73.54194353,68.65710075,1244.73168631,27330.82082534,9891.18697000
9,83,0.729000,0.401000,107.32720193,0.00000000,9.29978904,200.14903899,0.00000000,0.00000000,94.69756566,107.32720193,101.68074366,1745.79450000,27330.82082514,9891.18697000
9,84,0.745000,0.322000,107.32720193,0.00000000,11.85950352,160.71818094,0.00000000,0.00000000,94.69756566,107.32720193,101.68074366,1745.79450000,27330.82082493,9891.18697000
9,85,0.719000,0.295000,107.32720193,0.00000000,7.69996749,147.24181173,0.00000000,0.00000000,94.69756566,107.32720193,101.68074366,1745.79450000,27330.82082473,9891.18697000
9,86,0.647000,0.320000,103.50845426,3.81874766,0.00000000,155.90118370,0.00000000,0.00000000,94.69756566,107.32720193,101.68074366,1745.79450000,27330.82082452,9891.18697000
9,87,0.522000,0.380000,83.51068489,23.81651703,0.00000000,165.85090146,0.00000000,0.00000000,94.69756566,107.32720193,101.68074366,1745.79450000,27330.82082432,9891.18697000
9,88,0.320000,0.464000,51.19428959,55.53434221,0.00000000,176.05955827,0.00000000,0.00000000,94.69756566,106.72863180,101.68074366,1745.79450000,27679.97972415,7912.94957600
9,89,0.137000,0.547000,21.91755523,85.14923476,0.00000000,187.87202292,0.00000000,0.00000000,94.69756566,107.06678999,101.68074366,1745.79450000,27831.88363944,9030.54155644
9,90,0.002000,0.604000,0.00000000,89.89674172,0.31996431,211.57462874,0.00000000,0.00000000,78.66539600,89.89674172,84.63531998,1492.48099468,27578.57013391,9891.18697000
9,91,0.000000,0.647000,0.00000000,107.32720193,0.00000000,215.60653431,0.00000000,0.00000000,94.69756566,107.32720193,101.68074366,1745.79450000,27578.57013371,9891.18697000
9,92,0.000000,0.649000,0.00000000,107.32720193,0.00000000,216.60478388,0.00000000,0.00000000,94.69756566,107.32720193,101.68074366,1745.79450000,27578.57013350,9891.18697000
9,93,0.000000,0.685000,0.00000000,107.32720193,0.00000000,234.57327616,0.00000000,0.00000000,94.69756566,107.32720193,101.68074366,1745.79450000,27578.57013330,9891.18697000
9,94,0.000000,0.676000,0.00000000,107.32720193,0.00000000,230.08115309,0.00000000,0.00000000,94.69756566,107.32720193,101.68074366,1745.79450000,27578.57013309,9891.18697000
9,95,0.000000,0.630000,0.00000000,107.32720193,0.00000000,207.12141295,0.00000000,0.00000000,94.69756566,107.32720193,101.68074366,1745.79450000,27578.57013289,9891.18697000
9,96,0.000000,0.544000,0.00000000,107.32720193,0.00000000,164.19668140,0.00000000,0.00000000,94.69756566,107.32720193,101.68074366,1745.79450000,27578.57013268,9891.18697000
9,97,0.000000,0.435000,0.00000000,107.32720193,0.00000000,109.79207978,0.00000000,0.00000000,94.69756566,107.32720193,101.68074366,1745.79450000,27578.57013248,9891.18697000
9,98,0.000000,0.325000,0.00000000,107.32720193,0.00000000,54.88835337,0.00000000,0.00000000,94.69756566,107.32720193,101.68074366,1745.79450000,27578.57013227,9891.18697000
9,99,0.000000,0.234000,0.00000000,107.32720193,0.00000000,9.46799789,0.00000000,0.00000000,94.69756566,107.32720193,101.68074366,1745.79450000,27578.57013207,9891.18697000
9,100,0.000000,0.196000,0.00000000,2.99285063,0.00000000,94.83560734,0.00000000,0.00000000,0.00000000,2.99285063,0.00000000,0.00000000,25832.77563186,9891.18697000
9,101,0.000000,0.185000,0.00000000,92.33808532,0.00000000,0.00000000,0.00000000,0.00000000,80.91089215,92.33808532,87.02273458,1527.96060588,25614.94173754,9891.18697000
9,102,0.010000,0.177000,1.59982155,88.34508704,0.00000000,0.00000000,0.00000000,0.00000000,79.26025082,89.94490859,85.26777058,1501.87993972,25720.18607710,7912.94957600
9,103,0.184000,0.339000,0.00000000,73.54194353,29.43671651,95.66135876,0.00000000,0.00000000,63.67817400,73.54194353,68.65710075,1244.73168631,25219.12326320,9891.18697000
9,104,0.383000,0.464000,61.27316535,45.45546645,0.00000000,186.13843403,0.00000000,0.00000000,94.69756566,106.72863180,101.68074366,1745.79450000,25568.28216304,7912.94957600
9,105,0.547000,0.438000,87.51023877,19.21839303,0.00000000,199.39826302,0.00000000,0.00000000,94.69756566,106.72863180,101.68074366,1745.79450000,25917.44106287,7912.94957600
9,106,0.669000,0.396000,72.94337341,0.00000000,34.08468826,197.65341507,0.00000000,0.00000000,63.67817400,72.94337341,68.65710075,1244.73168631,25765.53714902,7912.94957600
9,107,0.731000,0.364000,106.85541945,0.00000000,10.09153583,181.68142193,0.00000000,0.00000000,94.69756566,106.85541945,101.68074366,1745.79450000,26040.73806936,8331.97495559
9,108,0.747000,0.343000,106.72863180,0.00000000,12.77803796,171.19980143,0.00000000,0.00000000,94.69756566,106.72863180,101.68074366,1745.79450000,26389.89696919,7912.94957600
9,109,0.719000,0.348000,106.72863180,0.00000000,8.29853762,173.69542536,0.00000000,0.00000000,94.69756566,106.72863180,101.68074366,1745.79450000,26739.05586903,7912.94957600
9,110,0.648000,0.391000,103.66843642,3.06019538,0.00000000,192.09759576,0.00000000,0.00000000,94.69756566,106.72863180,101.68074366,1745.79450000,27088.21476887,7912.94957600
9,111,0.516000,0.464000,82.55079196,24.17783984,0.00000000,207.41606064,0.00000000,0.00000000,94.69756566,106.72863180,101.68074366,1745.79450000,27437.37366870,7912.94957600
9,112,0.336000,0.556000,53.75400407,53.57319786,0.00000000,223.94018289,0.00000000,0.00000000,94.69756566,107.32720193,101.68074366,1745.79450000,27437.37366850,9891.18697000
9,113,0.145000,0.618000,23.19741247,84.12978946,0.00000000,224.32932800,0.00000000,0.00000000,94.69756566,107.32720193,101.68074366,1745.79450000,27437.37366829,9891.18697000
9,114,0.005000,0.613000,0.79991077,106.52729115,0.00000000,199.43620237,0.00000000,0.00000000,94.69756566,107.32720193,101.68074366,1745.79450000,27437.37366809,9891.18697000
9,115,0.000000,0.554000,0.00000000,106.72863180,0.00000000,169.78649938,0.00000000,0.00000000,94.69756566,106.72863180,101.68074366,1745.79450000,27786.53256792,7912.94957600
9,116,0.000000,0.501000,0.00000000,72.94337341,0.00000000,177.11814414,0.00000000,0.00000000,63.67817400,72.94337341,68.65710075,1244.73168631,27634.62865407,7912.94957600
9,117,0.000000,0.436000,0.00000000,107.32720193,0.00000000,110.29120456,0.00000000,0.00000000,94.69756566,107.32720193,101.68074366,1745.79450000,27634.62865387,9891.18697000
9,118,0.000000,0.367000,0.00000000,73.54194353,0.00000000,109.63685275,0.00000000,0.00000000,63.67817400,73.54194353,68.65710075,1244.73168631,27133.56583997,9891.18697000
9,119,0.000000,0.304000,0.00000000,107.32720193,0.00000000,44.40673287,0.00000000,0.00000000,94.69756566,107.32720193,101.68074366,1745.79450000,27133.56583977,9891.18697000
9,120,0.000000,0.258000,0.00000000,106.72863180,0.00000000,22.04556286,0.00000000,0.00000000,94.69756566,106.72863180,101.68074366,1745.79450000,27482.72473960,7912.94957600
9,121,0.000000,0.214000,0.00000000,106.72863180,0.00000000,0.08407230,0.00000000,0.00000000,94.69756566,106.72863180,101.68074366,1745.79450000,27831.88363944,7912.94957600
9,122,0.000000,0.180000,0.00000000,89.84246139,0.00000000,0.00000000,0.00000000,0.00000000,78.61565456,89.84246139,84.58228949,1491.65873427,27577.74787351,9891.18697000
9,123,0.000000,0.168000,0.00000000,83.85296397,0.00000000,0.00000000,0.00000000,0.00000000,73.67551231,83.85296397,79.31549141,1409.99477408,27591.10704743,7912.94957600
9,124,0.000000,0.169000,0.00000000,84.35208875,0.00000000,0.00000000,0.00000000,0.00000000,74.13290068,84.35208875,79.80312356,1417.55571942,27612.02716668,7912.94957600
9,125,0.000000,0.178000,0.00000000,88.84421182,0.00000000,0.00000000,0.00000000,0.00000000,78.24939599,88.84421182,84.19181290,1485.60422740,27700.99579392,7912.94957600
9,126,0.008000,0.183000,1.27985724,91.33983575,0.00000000,0.00000000,0.00000000,0.00000000,81.70010936,92.61969299,87.86183133,1540.43049267,27831.88363944,7986.07732094
9,127,0.169000,0.311000,0.00000000,72.94337341,27.03698419,82.28443489,0.00000000,0.00000000,63.67817400,72.94337341,68.65710075,1244.73168631,27679.97972559,7912.94957600
9,128,0.362000,0.388000,57.91354010,49.41366183,0.00000000,144.24675495,0.00000000,0.00000000,94.69756566,107.32720193,101.68074366,1745.79450000,27679.97972538,9891.18697000
9,129,0.520000,0.382000,83.19072058,24.13648134,0.00000000,166.52918673,0.00000000,0.00000000,94.69756566,107.32720193,101.68074366,1745.79450000,27679.97972518,9891.18697000
9,130,0.626000,0.356000,100.14882901,6.91796098,0.00000000,170.77046266,0.00000000,0.00000000,94.69756566,107.06678999,101.68074366,1745.79450000,27831.88363944,9030.54156225
9,131,0.709000,0.345000,107.32720193,0.00000000,6.10014594,172.19805101,0.00000000,0.00000000,94.69756566,107.32720193,101.68074366,1745.79450000,27831.88363923,9891.18697000
9,132,0.723000,0.347000,107.32720193,0.00000000,8.33989611,173.19630058,0.00000000,0.00000000,94.69756566,107.32720193,101.68074366,1745.79450000,27831.88363903,9891.18697000
9,133,0.686000,0.358000,107.32720193,0.00000000,2.42055638,178.68667322,0.00000000,0.00000000,94.69756566,107.32720193,101.68074366,1745.79450000,27831.88363882,9891.18697000
9,134,0.599000,0.374000,95.82931082,11.49789110,0.00000000,175.17477868,0.00000000,0.00000000,94.69756566,107.32720193,101.68074366,1745.79450000,27831.88363862,9891.18697000
9,135,0.490000,0.391000,78.39125593,28.93594599,0.00000000,166.22184515,0.00000000,0.00000000,94.69756566,107.32720193,101.68074366,1745.79450000,27831.88363841,9891.18697000
9,136,0.343000,0.425000,54.87387915,52.45332277,0.00000000,159.67471107,0.00000000,0.00000000,94.69756566,107.32720193,101.68074366,1745.79450000,27831.88363821,9891.18697000
9,137,0.147000,0.475000,23.51737678,83.80982515,0.00000000,153.27444798,0.00000000,0.00000000,94.69756566,107.32720193,101.68074366,1745.79450000,27831.88363800,9891.18697000
9,138,0.005000,0.494000,0.79991077,106.52729115,0.00000000,140.04035290,0.00000000,0.00000000,94.69756566,107.32720193,101.68074366,1745.79450000,27831.88363780,9891.18697000
9,139,0.000000,0.460000,0.00000000,107.32720193,0.00000000,122.27019941,0.00000000,0.00000000,94.69756566,107.32720193,101.68074366,1745.79450000,27831.88363759,9891.18697000
9,140,0.000000,0.447000,0.00000000,72.94337341,0.00000000,150.16540572,0.00000000,0.00000000,63.67817400,72.94337341,68.65710075,1244.73168631,27679.97972374,7912.94957600
9,141,0.000000,0.407000,0.00000000,107.32720193,0.00000000,95.81658578,0.00000000,0.00000000,94.69756566,107.32720193,101.68074366,1745.79450000,27679.97972354,9891.18697000
9,142,0.000000,0.376000,0.00000000,107.32720193,0.00000000,80.34371743,0.00000000,0.00000000,94.69756566,107.32720193,101.68074366,1745.79450000,27679.97972333,9891.18697000
9,143,0.000000,0.350000,0.00000000,107.32720193,0.00000000,67.36647301,0.00000000,0.00000000,94.69756566,107.32720193,101.68074366,1745.79450000,27679.97972313,9891.18697000
9,144,0.000000,0.340000,0.00000000,89.89674172,0.00000000,79.80568536,0.00000000,0.00000000,78.66539600,89.89674172,84.63531998,1492.48099468,27426.66621760,9891.18697000
9,145,0.000000,0.303000,0.00000000,106.72863180,0.00000000,44.50617821,0.00000000,0.00000000,94.69756566,106.72863180,101.68074366,1745.79450000,27775.82511743,7912.94957600
9,146,0.000000,0.262000,0.00000000,107.32720193,0.00000000,23.44349188,0.00000000,0.00000000,94.69756566,107.32720193,101.68074366,1745.79450000,27775.82511723,9891.18697000
9,147,0.000000,0.254000,0.00000000,73.54194353,0.00000000,53.23575199,0.00000000,0.00000000,63.67817400,73.54194353,68.65710075,1244.73168631,27274.76230334,9891.18697000
9,148,0.000000,0.238000,0.00000000,107.32720193,0.00000000,11.46449703,0.00000000,0.00000000,94.69756566,107.32720193,101.68074366,1745.79450000,27274.76230313,9891.18697000
9,149,0.000000,0.244000,0.00000000,106.72863180,0.00000000,15.05781587,0.00000000,0.00000000,94.69756566,106.72863180,101.68074366,1745.79450000,27623.92120297,7912.94957600
9,150,0.009000,0.248000,1.43983939,105.53084834,0.00000000,18.25209847,0.00000000,0.00000000,94.69756566,106.97068774,101.68074366,1745.79450000,27831.88363944,8712.92953839
9,151,0.168000,0.336000,26.87700203,80.45019989,0.00000000,87.25572804,0.00000000,0.00000000,94.69756566,107.32720193,101.68074366,1745.79450000,27831.88363944,9891.18696884
9,152,0.404000,0.380000,64.63279061,42.69441132,0.00000000,146.97300718,0.00000000,0.00000000,94.69756566,107.32720193,101.68074366,1745.79450000,27831.88363923,9891.18697000
9,153,0.559000,0.366000,89.43002463,17.89717730,0.00000000,164.78249420,0.00000000,0.00000000,94.69756566,107.32720193,101.68074366,1745.79450000,27831.88363903,9891.18697000
9,154,0.673000,0.348000,73.54194353,0.00000000,34.12604676,173.69542536,0.00000000,0.00000000,63.67817400,73.54194353,68.65710075,1244.73168631,27330.82082514,9891.18697000
9,155,0.728000,0.352000,107.32720193,0.00000000,9.13980689,175.69192450,0.00000000,0.00000000,94.69756566,107.32720193,101.68074366,1745.79450000,27330.82082493,9891.18697000
9,156,0.745000,0.376000,107.32720193,0.00000000,11.85950352,187.67091936,0.00000000,0.00000000,94.69756566,107.32720193,101.68074366,1745.79450000,27330.82082473,9891.18697000
9,157,0.709000,0.402000,107.32720193,0.00000000,6.10014594,200.64816378,0.00000000,0.00000000,94.69756566,107.32720193,101.68074366,1745.79450000,27330.82082452,9891.18697000
9,158,0.632000,0.420000,101.10872194,6.21847999,0.00000000,203.41392993,0.00000000,0.00000000,94.69756566,107.32720193,101.68074366,1745.79450000,27330.82082432,9891.18697000
9,159,0.517000,0.447000,82.71077412,24.61642781,0.00000000,198.49235132,0.00000000,0.00000000,94.69756566,107.32720193,101.68074366,1745.79450000,27330.82082411,9891.18697000
9,160,0.352000,0.491000,56.31371855,50.41491325,0.00000000,194.65535644,0.00000000,0.00000000,94.69756566,106.72863180,101.68074366,1745.79450000,27679.97972395,7912.94957600
9,161,0.146000,0.543000,23.35739462,83.96980730,0.00000000,187.05495124,0.00000000,0.00000000,94.69756566,107.32720193,101.68074366,1745.79450000,27679.97972374,9891.18697000
9,162,0.004000,0.557000,0.63992862,106.68727331,0.00000000,171.32523223,0.00000000,0.00000000,94.69756566,107.32720193,101.68074366,1745.79450000,27679.97972354,9891.18697000
9,163,0.000000,0.552000,0.00000000,107.32720193,0.00000000,168.18967968,0.00000000,0.00000000,94.69756566,107.32720193,101.68074366,1745.79450000,27679.97972333,9891.18697000
9,164,0.000000,0.567000,0.00000000,107.32720193,0.00000000,175.67655147,0.00000000,0.00000000,94.69756566,107.32720193,101.68074366,1745.79450000,27679.97972313,9891.18697000
9,165,0.000000,0.574000,0.00000000,89.89674172,0.00000000,196.60088517,0.00000000,0.00000000,78.66539600,89.89674172,84.63531998,1492.48099468,27426.66621760,9891.18697000
9,166,0.000000,0.576000,0.00000000,106.72863180,0.00000000,180.76724466,0.00000000,0.00000000,94.69756566,106.72863180,101.68074366,1745.79450000,27775.82511743,7912.94957600
9,167,0.000000,0.539000,0.00000000,107.32720193,0.00000000,161.70105747,0.00000000,0.00000000,94.69756566,107.32720193,101.68074366,1745.79450000,27775.82511723,9891.18697000
9,168,0.000000,0.447000,0.00000000,89.89674172,0.00000000,133.21203741,0.00000000,0.00000000,78.66539600,89.89674172,84.63531998,1492.48099468,27522.51161170,9891.18697000
9,169,0.000000,0.391000,0.00000000,107.32720193,0.00000000,87.83058921,0.00000000,0.00000000,94.69756566,107.32720193,101.68074366,1745.79450000,27522.51161149,9891.18697000
9,170,0.000000,0.315000,0.00000000,106.79683924,0.00000000,50.42746820,0.00000000,0.00000000,94.69756566,106.79683924,101.68074366,1745.79450000,27831.88363944,8138.37094648
9,171,0.000000,0.302000,0.00000000,107.32720193,0.00000000,43.40848330,0.00000000,0.00000000,94.69756566,107.32720193,101.68074366,1745.79450000,27831.88363944,9891.18696884
9,172,0.000000,0.266000,0.00000000,73.54194353,0.00000000,59.22524941,0.00000000,0.00000000,63.67817400,73.54194353,68.65710075,1244.73168631,27330.82082555,9891.18697000
9,173,0.000000,0.243000,0.00000000,107.32720193,0.00000000,13.96012096,0.00000000,0.00000000,94.69756566,107.32720193,101.68074366,1745.79450000,27330.82082534,9891.18697000
9,174,0.009000,0.239000,1.43983939,72.10210414,0.00000000,47.18871960,0.00000000,0.00000000,63.67817400,73.54194353,68.65710075,1244.73168631,26829.75801145,9891.18697000
9,175,0.177000,0.376000,28.31684143,78.41179037,0.00000000,109.25912898,0.00000000,0.00000000,94.69756566,106.72863180,101.68074366,1745.79450000,27178.91691128,7912.94957600
9,176,0.379000,0.448000,60.63323673,46.69396519,0.00000000,176.91393872,0.00000000,0.00000000,94.69756566,107.32720193,101.68074366,1745.79450000,27178.91691108,9891.18697000
9,177,0.518000,0.444000,82.87075627,24.45644565,0.00000000,197.15495912,0.00000000,0.00000000,94.69756566,107.32720193,101.68074366,1745.79450000,27178.91691087,9891.18697000
9,178,0.626000,0.425000,100.14882901,6.65754905,0.00000000,205.47048480,0.00000000,0.00000000,94.69756566,106.80637805,101.68074366,1745.79450000,27482.72473981,8169.89615334
9,179,0.709000,0.412000,107.32720193,0.00000000,6.10014594,205.63941164,0.00000000,0.00000000,94.69756566,107.32720193,101.68074366,1745.79450000,27482.72473960,9891.18697000
9,180,0.748000,0.416000,106.72863180,0.00000000,12.93802011,207.63591078,0.00000000,0.00000000,94.69756566,106.72863180,101.68074366,1745.79450000,27831.88363944,7912.94957600
9,181,0.731000,0.425000,107.32720193,0.00000000,9.61975335,212.12803385,0.00000000,0.00000000,94.69756566,107.32720193,101.68074366,1745.79450000,27831.88363944,9891.18696884
9,182,0.665000,0.435000,73.54194353,0.00000000,32.84618952,217.11928170,0.00000000,0.00000000,63.67817400,73.54194353,68.65710075,1244.73168631,27330.82082555,9891.18697000
9,183,0.552000,0.454000,88.31014954,18.75664045,0.00000000,207.84601218,0.00000000,0.00000000,94.69756566,107.06678999,101.68074366,1745.79450000,27482.72473981,9030.54156225
9,184,0.388000,0.473000,62.07307613,44.65555567,0.00000000,191.43046788,0.00000000,0.00000000,94.69756566,106.72863180,101.68074366,1745.79450000,27831.88363964,7912.94957600
9,185,0.182000,0.513000,29.11675220,78.21044972,0.00000000,177.84056525,0.00000000,0.00000000,94.69756566,107.32720193,101.68074366,1745.79450000,27831.88363944,9891.18697000
9,186,0.007000,0.561000,0.00000000,73.54194353,1.11987508,206.46706114,0.00000000,0.00000000,63.67817400,73.54194353,68.65710075,1244.73168631,27330.82082555,9891.18697000
9,187,0.000000,0.547000,0.00000000,107.32720193,0.00000000,165.69405575,0.00000000,0.00000000,94.69756566,107.32720193,101.68074366,1745.79450000,27330.82082534,9891.18697000
9,188,0.000000,0.492000,0.00000000,107.32720193,0.00000000,138.24219255,0.00000000,0.00000000,94.69756566,107.32720193,101.68074366,1745.79450000,27330.82082514,9891.18697000
9,189,0.000000,0.442000,0.00000000,107.32720193,0.00000000,113.28595327,0.00000000,0.00000000,94.69756566,107.32720193,101.68074366,1745.79450000,27330.82082493,9891.18697000
9,190,0.000000,0.423000,0.00000000,107.32720193,0.00000000,103.80258235,0.00000000,0.00000000,94.69756566,107.32720193,101.68074366,1745.79450000,27330.82082473,9891.18697000
9,191,0.000000,0.374000,0.00000000,107.32720193,0.00000000,79.34546786,0.00000000,0.00000000,94.69756566,107.32720193,101.68074366,1745.79450000,27330.82082452,9891.18697000
9,192,0.000000,0.320000,0.00000000,107.06678999,0.00000000,52.65314138,0.00000000,0.00000000,94.69756566,107.06678999,101.68074366,1745.79450000,27482.72473981,9030.54155644
9,193,0.000000,0.311000,0.00000000,107.32720193,0.00000000,47.90060637,0.00000000,0.00000000,94.69756566,107.32720193,101.68074366,1745.79450000,27482.72473960,9891.18697000
9,194,0.000000,0.292000,0.00000000,106.72863180,0.00000000,39.01580557,0.00000000,0.00000000,94.69756566,106.72863180,101.68074366,1745.79450000,27831.88363944,7912.94957600
9,195,0.000000,0.280000,0.00000000,107.32720193,0.00000000,32.42773802,0.00000000,0.00000000,94.69756566,107.32720193,101.68074366,1745.79450000,27831.88363923,9891.18697000
9,196,0.000000,0.288000,0.00000000,107.32720193,0.00000000,36.42073630,0.00000000,0.00000000,94.69756566,107.32720193,101.68074366,1745.79450000,27831.88363903,9891.18697000
9,197,0.000000,0.289000,0.00000000,107.32720193,0.00000000,36.91986109,0.00000000,0.00000000,94.69756566,107.32720193,101.68074366,1745.79450000,27831.88363882,9891.18697000
9,198,0.013000,0.278000,2.07976801,105.24743391,0.00000000,33.50925647,0.00000000,0.00000000,94.69756566,107.32720192,101.68074366,1745.79450000,27831.88363964,9891.18696419
9,199,0.209000,0.398000,33.43627039,73.89093154,0.00000000,124.76073310,0.00000000,0.00000000,94.69756566,107.32720193,101.68074366,1745.79450000,27831.88363944,9891.18697000
9,200,0.419000,0.441000,67.03252293,33.69957226,0.00000000,186.41445815,0.00000000,0.00000000,88.63152550,100.73209519,95.23132192,1649.94910631,27736.03824554,9891.18697000
9,201,0.576000,0.388000,92.14972126,15.17748067,0.00000000,178.48293612,0.00000000,0.00000000,94.69756566,107.32720193,101.68074366,1745.79450000,27736.03824534,9891.18697000
9,202,0.679000,0.313000,89.89674172,0.00000000,18.73114151,156.22605787,0.00000000,0.00000000,78.66539600,89.89674172,84.63531998,1492.48099468,27482.72473981,9891.18697000
9,203,0.736000,0.249000,106.72863180,0.00000000,11.01823425,124.28207159,0.00000000,0.00000000,94.69756566,106.72863180,101.68074366,1745.79450000,27831.88363964,7912.94957600
9,204,0.753000,0.210000,107.32720193,0.00000000,13.13936076,104.81620496,0.00000000,0.00000000,94.69756566,107.32720193,101.68074366,1745.79450000,27831.88363944,9891.18697000
9,205,0.727000,0.197000,107.32720193,0.00000000,8.97982473,98.32758275,0.00000000,0.00000000,94.69756566,107.32720193,101.68074366,1745.79450000,27831.88363923,9891.18697000
9,206,0.648000,0.215000,103.66843642,3.65876551,0.00000000,103.65306338,0.00000000,0.00000000,94.69756566,107.32720193,101.68074366,1745.79450000,27831.88363903,9891.18697000
9,207,0.522000,0.270000,83.51068489,23.81651703,0.00000000,110.94717506,0.00000000,0.00000000,94.69756566,107.32720193,101.68074366,1745.79450000,27831.88363882,9891.18697000
9,208,0.346000,0.348000,55.35382562,51.97337631,0.00000000,121.72204905,0.00000000,0.00000000,94.69756566,107.32720193,101.68074366,1745.79450000,27831.88363862,9891.18697000
9,209,0.131000,0.432000,20.95766230,52.58428123,0.00000000,163.03762611,0.00000000,0.00000000,63.67817400,73.54194353,68.65710075,1244.73168631,27330.82082473,9891.18697000
9,210,0.003000,0.513000,0.47994646,106.84725546,0.00000000,149.20375951,0.00000000,0.00000000,94.69756566,107.32720193,101.68074366,1745.79450000,27330.82082452,9891.18697000
9,211,0.000000,0.560000,0.00000000,107.32720193,0.00000000,172.18267797,0.00000000,0.00000000,94.69756566,107.32720193,101.68074366,1745.79450000,27330.82082432,9891.18697000
9,212,0.000000,0.556000,0.00000000,106.72863180,0.00000000,170.78474895,0.00000000,0.00000000,94.69756566,106.72863180,101.68074366,1745.79450000,27679.97972415,7912.94957600
9,213,0.000000,0.535000,0.00000000,107.32720193,0.00000000,159.70455833,0.00000000,0.00000000,94.69756566,107.32720193,101.68074366,1745.79450000,27679.97972395,9891.18697000
9,214,0.000000,0.532000,0.00000000,73.02111966,0.00000000,192.51326624,0.00000000,0.00000000,63.67817400,73.02111966,68.65710075,1244.73168631,27482.72474042,8169.89614637
9,215,0.000000,0.505000,0.00000000,107.32720193,0.00000000,144.73081476,0.00000000,0.00000000,94.69756566,107.32720193,101.68074366,1745.79450000,27482.72474022,9891.18697000
9,216,0.000000,0.403000,0.00000000,107.32720193,0.00000000,93.82008664,0.00000000,0.00000000,94.69756566,107.32720193,101.68074366,1745.79450000,27482.72474001,9891.18697000
9,217,0.000000,0.334000,0.00000000,107.32720193,0.00000000,59.38047644,0.00000000,0.00000000,94.69756566,107.32720193,101.68074366,1745.79450000,27482.72473981,9891.18697000
9,218,0.000000,0.265000,0.00000000,107.32720193,0.00000000,24.94086624,0.00000000,0.00000000,94.69756566,107.32720193,101.68074366,1745.79450000,27482.72473960,9891.18697000
9,219,0.000000,0.233000,0.00000000,106.72863180,0.00000000,9.56744323,0.00000000,0.00000000,94.69756566,106.72863180,101.68074366,1745.79450000,27831.88363944,7912.94957600
9,220,0.000000,0.203000,0.00000000,101.32233146,0.00000000,0.00000000,0.00000000,0.00000000,89.30867065,101.32233146,95.95126353,1660.64821843,27831.88363944,9408.77177583
9,221,0.000000,0.172000,0.00000000,85.84946311,0.00000000,0.00000000,0.00000000,0.00000000,75.43830069,85.84946311,81.19484021,1439.13488227,27831.88363944,8153.73870972
9,222,0.011000,0.151000,1.75980370,75.36784261,0.00000000,0.00000000,0.00000000,0.00000000,66.96404222,77.12764632,72.16024039,1299.04954218,27385.13868141,9891.18697000
9,223,0.201000,0.243000,32.15641315,75.00349503,0.00000000,46.28382785,0.00000000,0.00000000,94.69756566,107.15990818,101.68074366,1745.79450000,27482.72474022,9338.29145152
9,224,0.403000,0.291000,64.47280845,42.85439347,0.00000000,102.39091911,0.00000000,0.00000000,94.69756566,107.32720193,101.68074366,1745.79450000,27482.72474001,9891.18697000
9,225,0.560000,0.288000,89.59000678,17.73719515,0.00000000,126.01074309,0.00000000,0.00000000,94.69756566,107.32720193,101.68074366,1745.79450000,27482.72473981,9891.18697000
9,226,0.666000,0.270000,106.54811521,0.77908672,0.00000000,133.98460537,0.00000000,0.00000000,94.69756566,107.32720193,101.68074366,1745.79450000,27482.72473960,9891.18697000
9,227,0.716000,0.256000,106.72863180,0.00000000,7.81859115,127.77594509,0.00000000,0.00000000,94.69756566,106.72863180,101.68074366,1745.79450000,27831.88363944,7912.94957600
9,228,0.732000,0.278000,107.32720193,0.00000000,9.77973551,138.75669038,0.00000000,0.00000000,94.69756566,107.32720193,101.68074366,1745.79450000,27831.88363923,9891.18697000
9,229,0.693000,0.332000,72.94337341,0.00000000,37.92425998,165.70942879,0.00000000,0.00000000,63.67817400,72.94337341,68.65710075,1244.73168631,27679.97972538,7912.94957600
9,230,0.618000,0.401000,98.86897177,8.45823016,0.00000000,191.69080884,0.00000000,0.00000000,94.69756566,107.32720193,101.68074366,1745.79450000,27679.97972518,9891.18697000
9,231,0.434000,0.490000,69.43225526,37.63453473,0.00000000,206.93661017,0.00000000,0.00000000,94.69756566,107.06678999,101.68074366,1745.79450000,27831.88364005,9030.54155877
9,232,0.295000,0.569000,47.19473571,60.13246621,0.00000000,223.86953675,0.00000000,0.00000000,94.69756566,107.32720193,101.68074366,1745.79450000,27831.88363985,9891.18697000
9,233,0.133000,0.592000,21.27762661,86.04957532,0.00000000,209.43229771,0.00000000,0.00000000,94.69756566,107.32720193,101.68074366,1745.79450000,27831.88363964,9891.18697000
9,234,0.003000,0.561000,0.47994646,106.84725546,0.00000000,173.16174922,0.00000000,0.00000000,94.69756566,107.32720193,101.68074366,1745.79450000,27831.88363944,9891.18697000
9,235,0.000000,0.568000,0.00000000,73.54194353,0.00000000,209.96093464,0.00000000,0.00000000,63.67817400,73.54194353,68.65710075,1244.73168631,27330.82082555,9891.18697000
9,236,0.000000,0.581000,0.00000000,107.32720193,0.00000000,182.66429846,0.00000000,0.00000000,94.69756566,107.32720193,101.68074366,1745.79450000,27330.82082534,9891.18697000
9,237,0.000000,0.556000,0.00000000,72.94337341,0.00000000,204.57000734,0.00000000,0.00000000,63.67817400,72.94337341,68.65710075,1244.73168631,27178.91691149,7912.94957600
9,238,0.000000,0.464000,0.00000000,107.32720193,0.00000000,124.26669856,0.00000000,0.00000000,94.69756566,107.32720193,101.68074366,1745.79450000,27178.91691128,9891.18697000
9,239,0.000000,0.386000,0.00000000,107.32720193,0.00000000,85.33496529,0.00000000,0.00000000,94.69756566,107.32720193,101.68074366,1745.79450000,27178.91691108,9891.18697000
9,240,0.000000,0.313000,0.00000000,107.32720193,0.00000000,48.89885594,0.00000000,0.00000000,94.69756566,107.32720193,101.68074366,1745.79450000,27178.91691087,9891.18697000
9,241,0.000000,0.264000,0.00000000,106.80637805,0.00000000,24.96256532,0.00000000,0.00000000,94.69756566,106.80637805,101.68074366,1745.79450000,27482.72473960,8169.89615450
9,242,0.000000,0.232000,0.00000000,106.72863180,0.00000000,9.06831844,0.00000000,0.00000000,94.69756566,106.72863180,101.68074366,1745.79450000,27831.88363944,7912.94957600
9,243,0.000000,0.184000,0.00000000,89.89674172,0.00000000,1.94221882,0.00000000,0.00000000,78.66539600,89.89674172,84.63531998,1492.48099468,27578.57013391,9891.18697000
9,244,0.000000,0.150000,0.00000000,72.94337341,0.00000000,1.92534442,0.00000000,0.00000000,63.67817400,72.94337341,68.65710075,1244.73168631,27426.66622006,7912.94957600
9,245,0.000000,0.141000,0.00000000,44.07720969,0.00000000,26.29938507,0.00000000,0.00000000,36.84682300,44.07720969,39.91750131,767.66957627,26448.54129612,9891.18697000
9,246,0.009000,0.135000,1.43983939,67.38184605,0.00000000,0.00000000,0.00000000,0.00000000,59.37033550,68.82168544,64.05040747,1170.01799204,25872.76478796,9891.18697000
9,247,0.180000,0.237000,28.79678789,78.23291524,0.00000000,40.05965893,0.00000000,0.00000000,94.69756566,107.02970314,101.68074366,1745.79450000,26046.30226673,8907.97179166
9,248,0.365000,0.318000,58.39348656,48.33514524,0.00000000,110.38653656,0.00000000,0.00000000,94.69756566,106.72863180,101.68074366,1745.79450000,26395.46116657,7912.94957600
9,249,0.525000,0.339000,83.99063136,5.90611036,0.00000000,163.29719193,0.00000000,0.00000000,78.66539600,89.89674172,84.63531998,1492.48099468,26142.14766104,9891.18697000
9,250,0.629000,0.342000,0.00000000,89.89674172,100.62877547,80.80393493,0.00000000,0.00000000,78.66539600,89.89674172,84.63531998,1492.48099468,25888.83415551,9891.18697000
9,251,0.698000,0.341000,106.72863180,0.00000000,4.93891237,170.20155186,0.00000000,0.00000000,94.69756566,106.72863180,101.68074366,1745.79450000,26237.99305534,7912.94957600
9,252,0.717000,0.341000,106.72863180,0.00000000,7.97857331,170.20155186,0.00000000,0.00000000,94.69756566,106.72863180,101.68074366,1745.79450000,26587.15195518,7912.94957600
9,253,0.695000,0.354000,106.72863180,0.00000000,4.45896590,176.69017407,0.00000000,0.00000000,94.69756566,106.72863180,101.68074366,1745.79450000,26936.31085501,7912.94957600
9,254,0.622000,0.368000,99.50890039,7.21973141,0.00000000,176.45818966,0.00000000,0.00000000,94.69756566,106.72863180,101.68074366,1745.79450000,27285.46975485,7912.94957600
9,255,0.518000,0.379000,73.54194353,0.00000000,9.32881274,189.16829371,0.00000000,0.00000000,63.67817400,73.54194353,68.65710075,1244.73168631,26784.40694096,9891.18697000
9,256,0.349000,0.408000,55.83377208,51.49342984,0.00000000,152.14948265,0.00000000,0.00000000,94.69756566,107.32720193,101.68074366,1745.79450000,26784.40694075,9891.18697000
9,257,0.135000,0.441000,21.59759092,85.72961101,0.00000000,134.38441941,0.00000000,0.00000000,94.69756566,107.32720193,101.68074366,1745.79450000,26784.40694055,9891.18697000
9,258,0.005000,0.427000,0.79991077,105.92872103,0.00000000,107.19756239,0.00000000,0.00000000,94.69756566,106.72863180,101.68074366,1745.79450000,27133.56584038,7912.94957600
9,259,0.000000,0.382000,0.00000000,107.32720193,0.00000000,83.33846614,0.00000000,0.00000000,94.69756566,107.32720193,101.68074366,1745.79450000,27133.56584018,9891.18697000
9,260,0.000000,0.337000,0.00000000,107.32720193,0.00000000,60.87785080,0.00000000,0.00000000,94.69756566,107.32720193,101.68074366,1745.79450000,27133.56583997,9891.18697000
9,261,0.000000,0.314000,0.00000000,107.32720193,0.00000000,49.39798073,0.00000000,0.00000000,94.69756566,107.32720193,101.68074366,1745.79450000,27133.56583977,9891.18697000
9,262,0.000000,0.291000,0.00000000,106.72863180,0.00000000,38.51668079,0.00000000,0.00000000,94.69756566,106.72863180,101.68074366,1745.79450000,27482.72473960,7912.94957600
9,263,0.000000,0.259000,0.00000000,106.72863180,0.00000000,22.54468765,0.00000000,0.00000000,94.69756566,106.72863180,101.68074366,1745.79450000,27831.88363944,7912.94957600
9,264,0.000000,0.227000,0.00000000,107.32720193,0.00000000,5.97412439,0.00000000,0.00000000,94.69756566,107.32720193,101.68074366,1745.79450000,27831.88363923,9891.18697000
9,265,0.000000,0.195000,0.00000000,97.32933318,0.00000000,0.00000000,0.00000000,0.00000000,85.50173672,97.32933318,91.90372645,1600.49743280,27686.58657183,9891.18697000
9,266,0.000000,0.167000,0.00000000,73.54194353,0.00000000,9.81189565,0.00000000,0.00000000,63.67817400,73.54194353,68.65710075,1244.73168631,27185.52375794,9891.18697000
9,267,0.000000,0.151000,0.00000000,75.36784261,0.00000000,0.00000000,0.00000000,0.00000000,65.89991007,75.36784261,71.02574488,1281.45870344,27070.34686121,7912.94957600
9,268,0.000000,0.142000,0.00000000,70.87571954,0.00000000,0.00000000,0.00000000,0.00000000,61.79117572,70.87571954,66.63919262,1212.00422615,26885.71548720,7912.94957600
9,269,0.000000,0.135000,0.00000000,67.38184605,0.00000000,0.00000000,0.00000000,0.00000000,58.49332518,67.38184605,63.11255487,1154.80742164,26574.06172794,8308.56193141
9,270,0.009000,0.118000,1.43983939,1.55301123,0.00000000,57.34371346,0.00000000,0.00000000,0.00000000,2.99285063,0.00000000,0.00000000,24828.26722774,9891.18697000
9,271,0.180000,0.137000,28.79678789,68.38009562,0.00000000,0.00000000,0.00000000,0.00000000,85.91206892,97.17688351,92.33999217,1606.98081400,25038.61244157,7912.94957600
9,272,0.387000,0.146000,61.91309397,44.81553783,0.00000000,28.05668086,0.00000000,0.00000000,94.69756566,106.72863180,101.68074366,1745.79450000,25387.77134141,7912.94957600
9,273,0.544000,0.135000,87.03029230,19.69833950,0.00000000,47.68350655,0.00000000,0.00000000,94.69756566,106.72863180,101.68074366,1745.79450000,25736.93024124,7912.94957600
9,274,0.635000,0.124000,101.58866840,5.73853352,0.00000000,56.15293988,0.00000000,0.00000000,94.69756566,107.32720193,101.68074366,1745.79450000,25736.93024104,9891.18697000
9,275,0.685000,0.120000,106.72863180,0.00000000,2.85914435,59.89497426,0.00000000,0.00000000,94.69756566,106.72863180,101.68074366,1745.79450000,26086.08914087,7912.94957600
9,276,0.702000,0.122000,106.72863180,0.00000000,5.57884099,60.89322383,0.00000000,0.00000000,94.69756566,106.72863180,101.68074366,1745.79450000,26435.24804071,7912.94957600
9,277,0.664000,0.131000,106.22815090,0.50048090,0.00000000,64.88486600,0.00000000,0.00000000,94.69756566,106.72863180,101.68074366,1745.79450000,26784.40694055,7912.94957600
9,278,0.559000,0.140000,89.43002463,17.89717730,0.00000000,51.98029267,0.00000000,0.00000000,94.69756566,107.32720193,101.68074366,1745.79450000,26784.40694034,9891.18697000
9,279,0.452000,0.149000,72.31193404,35.01526788,0.00000000,39.35432516,0.00000000,0.00000000,94.69756566,107.32720193,101.68074366,1745.79450000,26784.40694014,9891.18697000
9,280,0.288000,0.171000,46.07486063,60.65377117,0.00000000,24.69656715,0.00000000,0.00000000,94.69756566,106.72863180,101.68074366,1745.79450000,27133.56583997,7912.94957600
9,281,0.127000,0.201000,20.31773368,86.41089812,0.00000000,13.91318377,0.00000000,0.00000000,94.69756566,106.72863180,101.68074366,1745.79450000,27482.72473981,7912.94957600
9,282,0.003000,0.227000,0.47994646,106.84725546,0.00000000,6.45407085,0.00000000,0.00000000,94.69756566,107.32720193,101.68074366,1745.79450000,27482.72473960,9891.18697000
9,283,0.000000,0.223000,0.00000000,106.72863180,0.00000000,4.57619537,0.00000000,0.00000000,94.69756566,106.72863180,101.68074366,1745.79450000,27831.88363944,7912.94957600
9,284,0.000000,0.182000,0.00000000,89.46248128,0.00000000,1.37822969,0.00000000,0.00000000,78.66539600,89.46248128,84.63531998,1492.48099468,27831.88363944,8455.98297267
9,285,0.000000,0.156000,0.00000000,77.86346654,0.00000000,0.00000000,0.00000000,0.00000000,68.18685191,77.86346654,73.46390563,1319.26343010,27754.51146937,7912.94957600
9,286,0.000000,0.136000,0.00000000,67.88097083,0.00000000,0.00000000,0.00000000,0.00000000,59.05808495,67.88097083,63.71649465,1164.60242410,27522.47829331,7912.94957600
9,287,0.000000,0.112000,0.00000000,43.47863956,0.00000000,12.42333642,0.00000000,0.00000000,36.84682300,43.47863956,39.91750131,767.66957627,26893.51226942,7912.94957600
9,288,0.000000,0.090000,0.00000000,30.37356422,0.00000000,14.54766647,0.00000000,0.00000000,25.00174700,30.37356422,27.15938231,539.40882693,26036.28549618,7912.94957600
9,289,0.000000,0.076000,0.00000000,37.93348370,0.00000000,0.00000000,0.00000000,0.00000000,31.83481024,37.93348370,34.51915296,671.08568079,25310.73557680,7912.94957600
9,290,0.000000,0.062000,0.00000000,30.94573670,0.00000000,0.00000000,0.00000000,0.00000000,25.51890534,30.94573670,27.71640596,549.37515677,24463.47513341,7912.94957600
9,291,0.000000,0.051000,0.00000000,25.45536406,0.00000000,0.00000000,0.00000000,0.00000000,20.58199377,25.45536406,22.37843565,449.11046981,23515.95000305,7912.94957600
9,292,0.000000,0.048000,0.00000000,23.95798971,0.00000000,0.00000000,0.00000000,0.00000000,19.23637445,23.95798971,20.92284891,421.61861508,22540.93301797,7912.94957600
9,293,0.000000,0.053000,0.00000000,26.45361363,0.00000000,0.00000000,0.00000000,0.00000000,21.47907331,26.45361363,23.34882681,467.43837296,21611.73579077,7912.94957600
9,294,0.007000,0.059000,1.11987508,29.44836235,0.00000000,0.00000000,0.00000000,0.00000000,25.17770101,30.56823743,27.34890095,542.79998538,20757.90017598,7912.94957600
9,295,0.160000,0.064000,25.59714479,4.77641943,0.00000000,27.16756684,0.00000000,0.00000000,25.00174700,30.37356422,27.15938231,539.40882693,19900.67340274,7912.94957600
9,296,0.357000,0.066000,57.11362932,32.18454227,0.00000000,0.75769358,0.00000000,0.00000000,78.66539600,89.29817159,84.63531998,1492.48099468,19996.51879725,7912.94957600
9,297,0.509000,0.058000,81.43091688,25.29771492,0.00000000,3.65152264,0.00000000,0.00000000,94.69756566,106.72863180,101.68074366,1745.79450000,20345.67769709,7912.94957600
9,298,0.614000,0.052000,80.77414295,25.95448885,17.45490020,0.00000000,0.00000000,0.00000000,94.69756566,106.72863180,101.68074366,1745.79450000,20694.83659692,7912.94957600
9,299,0.675000,0.046000,83.76889167,22.95974013,24.21906294,0.00000000,0.00000000,0.00000000,94.69756566,106.72863180,101.68074366,1745.79450000,21043.99549676,7912.94957600
9,300,0.691000,0.042000,106.72863180,0.00000000,3.81903728,20.96324099,0.00000000,0.00000000,94.69756566,106.72863180,101.68074366,1745.79450000,21393.15439659,7912.94957600
9,301,0.659000,0.046000,72.94337341,0.00000000,32.48486671,22.95974013,0.00000000,0.00000000,63.67817400,72.94337341,68.65710075,1244.73168631,21241.25048274,7912.94957600
9,302,0.588000,0.058000,94.06950712,12.65912468,0.00000000,16.29011288,0.00000000,0.00000000,94.69756566,106.72863180,101.68074366,1745.79450000,21590.40938258,7912.94957600
9,303,0.472000,0.070000,75.51157714,31.21705466,0.00000000,3.72168033,0.00000000,0.00000000,94.69756566,106.72863180,101.68074366,1745.79450000,21939.56828241,7912.94957600
9,304,0.301000,0.089000,48.15462864,44.42210591,0.00000000,0.00000000,0.00000000,0.00000000,81.68094887,92.57673456,87.84145987,1540.12775076,22083.06043301,7912.94957600
9,305,0.120000,0.120000,19.19785860,59.89497426,0.00000000,0.00000000,0.00000000,0.00000000,69.31341959,79.09283286,74.66496507,1337.88637127,22024.31120411,7912.94957600
9,306,0.002000,0.181000,0.31996431,88.97820728,0.00000000,1.36337890,0.00000000,0.00000000,78.66539600,89.29817159,84.63531998,1492.48099468,22120.15659862,7912.94957600
9,307,0.000000,0.223000,0.00000000,106.72863180,0.00000000,4.57619537,0.00000000,0.00000000,94.69756566,106.72863180,101.68074366,1745.79450000,22469.31549846,7912.94957600
9,308,0.000000,0.222000,0.00000000,106.72863180,0.00000000,4.07707059,0.00000000,0.00000000,94.69756566,106.72863180,101.68074366,1745.79450000,22818.47439830,7912.94957600
9,309,0.000000,0.211000,0.00000000,105.31532975,0.00000000,0.00000000,0.00000000,0.00000000,93.39764022,105.31532975,100.29866125,1725.25525820,23147.09405633,7912.94957600
9,310,0.000000,0.202000,0.00000000,100.82320668,0.00000000,0.00000000,0.00000000,0.00000000,89.26588011,100.82320668,95.90576856,1659.97211397,23410.43057014,7912.94957600
9,311,0.000000,0.192000,0.00000000,95.83195882,0.00000000,0.00000000,0.00000000,0.00000000,84.67503554,95.83195882,91.02477668,1587.43528705,23601.23025702,7912.94957600
9,312,0.000000,0.176000,0.00000000,87.84596225,0.00000000,0.00000000,0.00000000,0.00000000,77.33461925,87.84596225,83.21654860,1470.48233674,23675.07699360,7912.94957600
9,313,0.000000,0.162000,0.00000000,2.39428050,0.00000000,78.46393475,0.00000000,0.00000000,0.00000000,2.39428050,0.00000000,0.00000000,22278.44139343,7912.94957600
9,314,0.000000,0.151000,0.00000000,72.94337341,0.00000000,2.42446921,0.00000000,0.00000000,63.67817400,72.94337341,68.65710075,1244.73168631,22126.53747958,7912.94957600
9,315,0.000000,0.139000,0.00000000,43.47863956,0.00000000,25.89970563,0.00000000,0.00000000,36.84682300,43.47863956,39.91750131,767.66957627,21497.57145568,7912.94957600
9,316,0.000000,0.132000,0.00000000,2.39428050,0.00000000,63.49019119,0.00000000,0.00000000,0.00000000,2.39428050,0.00000000,0.00000000,20100.93585552,7912.94957600
9,317,0.000000,0.128000,0.00000000,63.88797255,0.00000000,0.00000000,0.00000000,0.00000000,55.41396393,63.88797255,59.81956401,1101.40002137,19805.70027673,7912.94957600
9,318,0.000000,0.122000,0.00000000,30.37356422,0.00000000,30.51965961,0.00000000,0.00000000,25.00174700,30.37356422,27.15938231,539.40882693,18948.47350349,7912.94957600
9,319,0.070000,0.115000,11.19875085,57.39935034,0.00000000,0.00000000,0.00000000,0.00000000,59.71255801,68.59810118,64.41637154,1175.95338348,18727.79128680,7912.94957600
9,320,0.181000,0.164000,28.95677005,77.77186175,0.00000000,4.08460307,0.00000000,0.00000000,94.69756566,106.72863180,101.68074366,1745.79450000,19076.95018664,7912.94957600
9,321,0.280000,0.184000,44.79500339,44.50316820,0.00000000,47.33579234,0.00000000,0.00000000,78.66539600,89.29817159,84.63531998,1492.48099468,19172.79558115,7912.94957600
9,322,0.362000,0.175000,57.91354010,48.81509170,0.00000000,38.53174576,0.00000000,0.00000000,94.69756566,106.72863180,101.68074366,1745.79450000,19521.95448099,7912.94957600
9,323,0.428000,0.157000,68.47236233,38.25626948,0.00000000,40.10632185,0.00000000,0.00000000,94.69756566,106.72863180,101.68074366,1745.79450000,19871.11338082,7912.94957600
9,324,0.446000,0.139000,71.35204111,35.37659069,0.00000000,34.00175450,0.00000000,0.00000000,94.69756566,106.72863180,101.68074366,1745.79450000,20220.27228066,7912.94957600
9,325,0.427000,0.125000,68.31238017,38.41625163,0.00000000,23.97434656,0.00000000,0.00000000,94.69756566,106.72863180,101.68074366,1745.79450000,20569.43118050,7912.94957600
9,326,0.362000,0.121000,57.91354010,48.81509170,0.00000000,11.57900735,0.00000000,0.00000000,94.69756566,106.72863180,101.68074366,1745.79450000,20918.59008033,7912.94957600
9,327,0.253000,0.119000,40.47548521,59.39584948,0.00000000,0.00000000,0.00000000,0.00000000,88.39036831,99.87133468,94.97492329,1646.13874485,21168.09322502,7912.94957600
9,328,0.139000,0.119000,2.39428050,0.00000000,19.84323904,59.39584948,0.00000000,0.00000000,0.00000000,2.39428050,0.00000000,0.00000000,19771.45762486,7912.94957600
9,329,0.050000,0.132000,7.99910775,65.88447169,0.00000000,0.00000000,0.00000000,0.00000000,64.53975980,73.88357944,69.57565773,1258.97448093,19633.79650562,7912.94957600
9,330,0.000000,0.167000,0.00000000,83.35383918,0.00000000,0.00000000,0.00000000,0.00000000,73.21812395,83.35383918,78.82785926,1402.43382875,19639.59473421,7912.94957600
9,331,0.000000,0.223000,0.00000000,106.72863180,0.00000000,4.57619537,0.00000000,0.00000000,94.69756566,106.72863180,101.68074366,1745.79450000,19988.75363404,7912.94957600
9,332,0.000000,0.260000,0.00000000,106.72863180,0.00000000,23.04381243,0.00000000,0.00000000,94.69756566,106.72863180,101.68074366,1745.79450000,20337.91253388,7912.94957600
9,333,0.000000,0.273000,0.00000000,106.72863180,0.00000000,29.53243465,0.00000000,0.00000000,94.69756566,106.72863180,101.68074366,1745.79450000,20687.07143372,7912.94957600
9,334,0.000000,0.265000,0.00000000,106.72863180,0.00000000,25.53943636,0.00000000,0.00000000,94.69756566,106.72863180,101.68074366,1745.79450000,21036.23033355,7912.94957600
9,335,0.000000,0.255000,0.00000000,106.72863180,0.00000000,20.54818851,0.00000000,0.00000000,94.69756566,106.72863180,101.68074366,1745.79450000,21385.38923339,7912.94957600
9,336,0.000000,0.240000,0.00000000,89.29817159,0.00000000,30.49177693,0.00000000,0.00000000,78.66539600,89.29817159,84.63531998,1492.48099468,21481.23462790,7912.94957600
9,337,0.000000,0.223000,0.00000000,106.72863180,0.00000000,4.57619537,0.00000000,0.00000000,94.69756566,106.72863180,101.68074366,1745.79450000,21830.39352774,7912.94957600
9,338,0.000000,0.213000,0.00000000,106.31357932,0.00000000,0.00000000,0.00000000,0.00000000,94.31580913,106.31357932,101.27485963,1739.76262358,22173.52055115,7912.94957600
9,339,0.000000,0.146000,0.00000000,72.87221869,0.00000000,0.00000000,0.00000000,0.00000000,63.61323623,72.87221869,68.58765794,1243.60542752,22020.49037851,7912.94957600
9,340,0.000000,0.104000,0.00000000,43.47863956,0.00000000,8.43033813,0.00000000,0.00000000,36.84682300,43.47863956,39.91750131,767.66957627,21391.52435461,7912.94957600
9,341,0.000000,0.124000,0.00000000,43.47863956,0.00000000,18.41283384,0.00000000,0.00000000,36.84682300,43.47863956,39.91750131,767.66957627,20762.55833072,7912.94957600
9,342,0.000000,0.127000,0.00000000,43.47863956,0.00000000,19.91020820,0.00000000,0.00000000,36.84682300,43.47863956,39.91750131,767.66957627,20133.59230682,7912.94957600
9,343,0.056000,0.095000,8.95900068,47.41685462,0.00000000,0.00000000,0.00000000,0.00000000,48.56357429,56.37585530,52.48966162,981.52183175,19718.47853841,7912.94957600
9,344,0.164000,0.122000,2.39428050,0.00000000,23.84279291,60.89322383,0.00000000,0.00000000,0.00000000,2.39428050,0.00000000,0.00000000,18321.84293824,7912.94957600
9,345,0.280000,0.155000,44.79500339,61.93362841,0.00000000,15.43071335,0.00000000,0.00000000,94.69756566,106.72863180,101.68074366,1745.79450000,18671.00183808,7912.94957600
9,346,0.357000,0.132000,57.11362932,49.61500248,0.00000000,16.26946921,0.00000000,0.00000000,94.69756566,106.72863180,101.68074366,1745.79450000,19020.16073792,7912.94957600
9,347,0.404000,0.092000,64.63279061,42.09584119,0.00000000,3.82363907,0.00000000,0.00000000,94.69756566,106.72863180,101.68074366,1745.79450000,19369.31963775,7912.94957600
9,348,0.432000,0.061000,69.11229095,30.44661192,0.00000000,0.00000000,0.00000000,0.00000000,88.10300011,99.55890286,94.66939305,1641.59823442,19614.28227201,7912.94957600
9,349,0.407000,0.047000,65.11273707,23.45886492,0.00000000,0.00000000,0.00000000,0.00000000,77.99958157,88.57160199,83.92548006,1481.47462275,19699.12129459,7912.94957600
9,350,0.353000,0.045000,56.47370070,22.46061535,0.00000000,0.00000000,0.00000000,0.00000000,69.16815783,78.93431605,74.51009821,1335.48509418,19637.97078860,7912.94957600
9,351,0.259000,0.050000,41.43537814,2.04326143,0.00000000,22.91297785,0.00000000,0.00000000,36.84682300,43.47863956,39.91750131,767.66957627,19009.00476471,7912.94957600
9,352,0.160000,0.068000,0.00000000,30.37356422,25.59714479,3.56692119,0.00000000,0.00000000,25.00174700,30.37356422,27.15938231,539.40882693,18151.77799147,7912.94957600
9,353,0.062000,0.100000,9.91889361,47.75112108,0.00000000,2.16135747,0.00000000,0.00000000,49.73928100,57.67001469,53.75120360,1002.98064984,17758.12304114,7912.94957600
9,354,0.000000,0.146000,0.00000000,72.87221869,0.00000000,0.00000000,0.00000000,0.00000000,63.61323623,72.87221869,68.58765794,1243.60542752,17605.09286849,7912.94957600
9,355,0.000000,0.183000,0.00000000,89.29817159,0.00000000,2.04166416,0.00000000,0.00000000,78.66539600,89.29817159,84.63531998,1492.48099468,17700.93826301,7912.94957600
9,356,0.000000,0.187000,0.00000000,89.29817159,0.00000000,4.03816330,0.00000000,0.00000000,78.66539600,89.29817159,84.63531998,1492.48099468,17796.78365752,7912.94957600
9,357,0.000000,0.192000,0.00000000,89.29817159,0.00000000,6.53378723,0.00000000,0.00000000,78.66539600,89.29817159,84.63531998,1492.48099468,17892.62905203,7912.94957600
9,358,0.000000,0.193000,0.00000000,96.33108361,0.00000000,0.00000000,0.00000000,0.00000000,85.13411999,96.33108361,91.51287587,1594.68896974,18090.68242161,7912.94957600
9,359,0.000000,0.183000,0.00000000,89.29817159,0.00000000,2.04166416,0.00000000,0.00000000,78.66539600,89.29817159,84.63531998,1492.48099468,18186.52781612,7912.94957600
9,360,0.000000,0.160000,0.00000000,79.85996568,0.00000000,0.00000000,0.00000000,0.00000000,70.01640538,79.85996568,75.41443422,1349.50721143,18139.39942738,7912.94957600
9,361,0.000000,0.133000,0.00000000,43.47863956,0.00000000,22.90495691,0.00000000,0.00000000,36.84682300,43.47863956,39.91750131,767.66957627,17510.43340348,7912.94957600
9,362,0.000000,0.120000,0.00000000,43.47863956,0.00000000,16.41633470,0.00000000,0.00000000,36.84682300,43.47863956,39.91750131,767.66957627,16881.46737959,7912.94957600
9,363,0.000000,0.119000,0.00000000,59.39584948,0.00000000,0.00000000,0.00000000,0.00000000,51.31432778,59.39584948,55.43551705,1030.29731830,16515.12909773,7912.94957600
9,364,0.000000,0.122000,0.00000000,57.67001469,0.00000000,3.22320915,0.00000000,0.00000000,49.73928100,57.67001469,53.75120360,1002.98064984,16121.47414740,7912.94957600
9,365,0.000000,0.127000,0.00000000,63.38884776,0.00000000,0.00000000,0.00000000,0.00000000,54.95844880,63.38884776,59.33244768,1093.49972103,15818.33826827,7912.94957600
9,366,0.008000,0.119000,1.27985724,59.39584948,0.00000000,0.00000000,0.00000000,0.00000000,52.48236101,60.67570672,56.68458217,1050.55529162,15472.25795973,7912.94957600
9,367,0.167000,0.117000,14.54577350,58.39759991,12.17124638,0.00000000,0.00000000,0.00000000,63.67817400,72.94337341,68.65710075,1244.73168631,15320.35404587,7912.94957600
9,368,0.351000,0.149000,56.15373639,16.78963702,0.00000000,57.57995603,0.00000000,0.00000000,63.67817400,72.94337341,68.65710075,1244.73168631,15168.45013202,7912.94957600
9,369,0.505000,0.120000,80.79098826,25.93764354,0.00000000,33.95733072,0.00000000,0.00000000,94.69756566,106.72863180,101.68074366,1745.79450000,15517.60903186,7912.94957600
9,370,0.603000,0.084000,96.46923944,10.25939236,0.00000000,31.66708963,0.00000000,0.00000000,94.69756566,106.72863180,101.68074366,1745.79450000,15866.76793169,7912.94957600
9,371,0.662000,0.060000,105.90818659,0.82044521,0.00000000,29.12704192,0.00000000,0.00000000,94.69756566,106.72863180,101.68074366,1745.79450000,16215.92683153,7912.94957600
9,372,0.676000,0.047000,106.72863180,0.00000000,1.41930496,23.45886492,0.00000000,0.00000000,94.69756566,106.72863180,101.68074366,1745.79450000,16565.08573136,7912.94957600
9,373,0.636000,0.038000,87.76188995,18.96674185,13.98676061,0.00000000,0.00000000,0.00000000,94.69756566,106.72863180,101.68074366,1745.79450000,16914.24463120,7912.94957600
9,374,0.540000,0.031000,86.39036368,15.47286835,0.00000000,0.00000000,0.00000000,0.00000000,90.22247351,101.86323203,96.92281990,1675.08659867,17192.69562970,7912.94957600
9,375,0.391000,0.030000,62.55302259,10.39035082,0.00000000,4.58339275,0.00000000,0.00000000,63.67817400,72.94337341,68.65710075,1244.73168631,17040.79171585,7912.94957600
9,376,0.202000,0.033000,13.90244630,16.47111792,18.41394900,0.00000000,0.00000000,0.00000000,25.00174700,30.37356422,27.15938231,539.40882693,16183.56494261,7912.94957600
9,377,0.072000,0.051000,11.51871516,25.45536406,0.00000000,0.00000000,0.00000000,0.00000000,30.96764841,36.97407922,33.58514863,654.37505544,15441.30439789,7912.94957600
9,378,0.000000,0.102000,0.00000000,43.47863956,0.00000000,7.43208856,0.00000000,0.00000000,36.84682300,43.47863956,39.91750131,767.66957627,14812.33837400,7912.94957600
9,379,0.000000,0.168000,0.00000000,83.85296397,0.00000000,0.00000000,0.00000000,0.00000000,73.67551231,83.85296397,79.31549141,1409.99477408,14825.69754791,7912.94957600
9,380,0.000000,0.208000,0.00000000,72.94337341,0.00000000,30.87458198,0.00000000,0.00000000,63.67817400,72.94337341,68.65710075,1244.73168631,14673.79363406,7912.94957600
9,381,0.000000,0.228000,0.00000000,72.94337341,0.00000000,40.85707769,0.00000000,0.00000000,63.67817400,72.94337341,68.65710075,1244.73168631,14521.88972021,7912.94957600
9,382,0.000000,0.241000,0.00000000,106.72863180,0.00000000,13.56044151,0.00000000,0.00000000,94.69756566,106.72863180,101.68074366,1745.79450000,14871.04862005,7912.94957600
9,383,0.000000,0.259000,0.00000000,106.72863180,0.00000000,22.54468765,0.00000000,0.00000000,94.69756566,106.72863180,101.68074366,1745.79450000,15220.20751988,7912.94957600
9,384,0.000000,0.270000,0.00000000,106.72863180,0.00000000,28.03506029,0.00000000,0.00000000,94.69756566,106.72863180,101.68074366,1745.79450000,15569.36641972,7912.94957600
9,385,0.000000,0.280000,0.00000000,106.72863180,0.00000000,33.02630815,0.00000000,0.00000000,94.69756566,106.72863180,101.68074366,1745.79450000,15918.52531955,7912.94957600
9,386,0.000000,0.274000,0.00000000,106.72863180,0.00000000,30.03155943,0.00000000,0.00000000,94.69756566,106.72863180,101.68074366,1745.79450000,16267.68421939,7912.94957600
9,387,0.000000,0.276000,0.00000000,106.72863180,0.00000000,31.02980900,0.00000000,0.00000000,94.69756566,106.72863180,101.68074366,1745.79450000,16616.84311923,7912.94957600
9,388,0.000000,0.277000,0.00000000,106.72863180,0.00000000,31.52893379,0.00000000,0.00000000,94.69756566,106.72863180,101.68074366,1745.79450000,16966.00201906,7912.94957600
9,389,0.000000,0.267000,0.00000000,106.72863180,0.00000000,26.53768593,0.00000000,0.00000000,94.69756566,106.72863180,101.68074366,1745.79450000,17315.16091890,7912.94957600
9,390,0.010000,0.249000,1.59982155,105.12881025,0.00000000,19.15326134,0.00000000,0.00000000,94.69756566,106.72863180,101.68074366,1745.79450000,17664.31981873,7912.94957600
9,391,0.199000,0.328000,31.83644884,74.89218296,0.00000000,88.82074669,0.00000000,0.00000000,94.69756566,106.72863180,101.68074366,1745.79450000,18013.47871857,7912.94957600
9,392,0.400000,0.388000,63.99286199,42.73576981,0.00000000,150.92464697,0.00000000,0.00000000,94.69756566,106.72863180,101.68074366,1745.79450000,18362.63761841,7912.94957600
9,393,0.565000,0.328000,90.38991756,16.33871425,0.00000000,147.37421541,0.00000000,0.00000000,94.69756566,106.72863180,101.68074366,1745.79450000,18711.79651824,7912.94957600
9,394,0.676000,0.274000,106.72863180,0.00000000,1.41930496,136.76019123,0.00000000,0.00000000,94.69756566,106.72863180,101.68074366,1745.79450000,19060.95541808,7912.94957600
9,395,0.735000,0.241000,106.72863180,0.00000000,10.85825210,120.28907331,0.00000000,0.00000000,94.69756566,106.72863180,101.68074366,1745.79450000,19410.11431791,7912.94957600
9,396,0.748000,0.225000,106.72863180,0.00000000,12.93802011,112.30307674,0.00000000,0.00000000,94.69756566,106.72863180,101.68074366,1745.79450000,19759.27321775,7912.94957600
9,397,0.713000,0.233000,106.72863180,0.00000000,7.33864469,116.29607503,0.00000000,0.00000000,94.69756566,106.72863180,101.68074366,1745.79450000,20108.43211759,7912.94957600
9,398,0.625000,0.261000,99.98884685,6.73978495,0.00000000,123.53178407,0.00000000,0.00000000,94.69756566,106.72863180,101.68074366,1745.79450000,20457.59101742,7912.94957600
9,399,0.506000,0.308000,80.95097041,25.77766139,0.00000000,127.95277255,0.00000000,0.00000000,94.69756566,106.72863180,101.68074366,1745.79450000,20806.74991726,7912.94957600
9,400,0.327000,0.355000,52.31416467,20.62920873,0.00000000,156.56009013,0.00000000,0.00000000,63.67817400,72.94337341,68.65710075,1244.73168631,20654.84600341,7912.94957600
9,401,0.119000,0.395000,19.03787644,87.69075536,0.00000000,109.46353492,0.00000000,0.00000000,94.69756566,106.72863180,101.68074366,1745.79450000,21004.00490324,7912.94957600
9,402,0.001000,0.477000,0.15998215,106.56864965,0.00000000,131.51387305,0.00000000,0.00000000,94.69756566,106.72863180,101.68074366,1745.79450000,21353.16380308,7912.94957600
9,403,0.000000,0.601000,0.00000000,106.72863180,0.00000000,193.24536430,0.00000000,0.00000000,94.69756566,106.72863180,101.68074366,1745.79450000,21702.32270291,7912.94957600
9,404,0.000000,0.672000,0.00000000,106.72863180,0.00000000,228.68322407,0.00000000,0.00000000,94.69756566,106.72863180,101.68074366,1745.79450000,22051.48160275,7912.94957600
9,405,0.000000,0.650000,0.00000000,106.72863180,0.00000000,217.70247879,0.00000000,0.00000000,94.69756566,106.72863180,101.68074366,1745.79450000,22400.64050259,7912.94957600
9,406,0.000000,0.613000,0.00000000,106.72863180,0.00000000,199.23486172,0.00000000,0.00000000,94.69756566,106.72863180,101.68074366,1745.79450000,22749.79940242,7912.94957600
9,407,0.000000,0.544000,0.00000000,106.72863180,0.00000000,164.79525152,0.00000000,0.00000000,94.69756566,106.72863180,101.68074366,1745.79450000,23098.95830226,7912.94957600
9,408,0.000000,0.476000,0.00000000,89.29817159,0.00000000,148.28522632,0.00000000,0.00000000,78.66539600,89.29817159,84.63531998,1492.48099468,23194.80369677,7912.94957600
9,409,0.000000,0.420000,0.00000000,106.72863180,0.00000000,102.90377812,0.00000000,0.00000000,94.69756566,106.72863180,101.68074366,1745.79450000,23543.96259660,7912.94957600
9,410,0.000000,0.374000,0.00000000,106.72863180,0.00000000,79.94403798,0.00000000,0.00000000,94.69756566,106.72863180,101.68074366,1745.79450000,23893.12149644,7912.94957600
9,411,0.000000,0.346000,0.00000000,106.72863180,0.00000000,65.96854399,0.00000000,0.00000000,94.69756566,106.72863180,101.68074366,1745.79450000,24242.28039628,7912.94957600
9,412,0.000000,0.325000,0.00000000,106.72863180,0.00000000,55.48692349,0.00000000,0.00000000,94.69756566,106.72863180,101.68074366,1745.79450000,24591.43929611,7912.94957600
9,413,0.000000,0.315000,0.00000000,106.72863180,0.00000000,50.49567564,0.00000000,0.00000000,94.69756566,106.72863180,101.68074366,1745.79450000,24940.59819595,7912.94957600
9,414,0.009000,0.305000,1.43983939,105.62323249,0.00000000,46.60982709,0.00000000,0.00000000,94.69756566,107.06307188,101.68074366,1745.79450000,25094.67096153,9018.25345281
9,415,0.203000,0.409000,32.47637746,74.85082447,0.00000000,129.29121281,0.00000000,0.00000000,94.69756566,107.32720193,101.68074366,1745.79450000,25094.67096132,9891.18697000
9,416,0.404000,0.554000,64.63279061,42.09584119,0.00000000,234.41928998,0.00000000,0.00000000,94.69756566,106.72863180,101.68074366,1745.79450000,25443.82986116,7912.94957600
9,417,0.548000,0.537000,87.67022092,19.05841088,0.00000000,248.97159895,0.00000000,0.00000000,94.69756566,106.72863180,101.68074366,1745.79450000,25792.98876099,7912.94957600
9,418,0.650000,0.497000,103.98840073,2.74023107,0.00000000,245.32478733,0.00000000,0.00000000,94.69756566,106.72863180,101.68074366,1745.79450000,26142.14766083,7912.94957600
9,419,0.695000,0.467000,107.32720193,0.00000000,3.86039578,233.09127484,0.00000000,0.00000000,94.69756566,107.32720193,101.68074366,1745.79450000,26142.14766063,9891.18697000
9,420,0.694000,0.447000,107.32720193,0.00000000,3.70041362,223.10877913,0.00000000,0.00000000,94.69756566,107.32720193,101.68074366,1745.79450000,26142.14766042,9891.18697000
9,421,0.638000,0.432000,72.94337341,0.00000000,29.12524146,215.62190735,0.00000000,0.00000000,63.67817400,72.94337341,68.65710075,1244.73168631,25990.24374657,7912.94957600
9,422,0.539000,0.441000,86.23038153,20.49825027,0.00000000,199.61578014,0.00000000,0.00000000,94.69756566,106.72863180,101.68074366,1745.79450000,26339.40264640,7912.94957600
9,423,0.367000,0.467000,58.71345087,48.01518093,0.00000000,185.07609391,0.00000000,0.00000000,94.69756566,106.72863180,101.68074366,1745.79450000,26688.56154624,7912.94957600
9,424,0.237000,0.501000,37.91577073,69.41143120,0.00000000,180.65008635,0.00000000,0.00000000,94.69756566,107.32720193,101.68074366,1745.79450000,26688.56154604,9891.18697000
9,425,0.104000,0.510000,16.63814412,90.68905781,0.00000000,163.86458281,0.00000000,0.00000000,94.69756566,107.32720193,101.68074366,1745.79450000,26688.56154583,9891.18697000
9,426,0.002000,0.481000,0.31996431,107.00723762,0.00000000,133.07178422,0.00000000,0.00000000,94.69756566,107.32720193,101.68074366,1745.79450000,26688.56154563,9891.18697000
9,427,0.000000,0.494000,0.00000000,106.72863180,0.00000000,139.83901225,0.00000000,0.00000000,94.69756566,106.72863180,101.68074366,1745.79450000,27037.72044546,7912.94957600
9,428,0.000000,0.513000,0.00000000,89.29817159,0.00000000,166.75284338,0.00000000,0.00000000,78.66539600,89.29817159,84.63531998,1492.48099468,27133.56583997,7912.94957600
9,429,0.000000,0.498000,0.00000000,106.72863180,0.00000000,141.83551139,0.00000000,0.00000000,94.69756566,106.72863180,101.68074366,1745.79450000,27482.72473981,7912.94957600
9,430,0.000000,0.499000,0.00000000,107.32720193,0.00000000,141.73606605,0.00000000,0.00000000,94.69756566,107.32720193,101.68074366,1745.79450000,27482.72473960,9891.18697000
9,431,0.000000,0.491000,0.00000000,106.72863180,0.00000000,138.34163789,0.00000000,0.00000000,94.69756566,106.72863180,101.68074366,1745.79450000,27831.88363944,7912.94957600
9,432,0.000000,0.461000,0.00000000,73.54194353,0.00000000,156.55458259,0.00000000,0.00000000,63.67817400,73.54194353,68.65710075,1244.73168631,27330.82082555,9891.18697000
9,433,0.000000,0.422000,0.00000000,107.32720193,0.00000000,103.30345756,0.00000000,0.00000000,94.69756566,107.32720193,101.68074366,1745.79450000,27330.82082534,9891.18697000
9,434,0.000000,0.391000,0.00000000,107.32720193,0.00000000,87.83058921,0.00000000,0.00000000,94.69756566,107.32720193,101.68074366,1745.79450000,27330.82082514,9891.18697000
9,435,0.000000,0.372000,0.00000000,107.32720193,0.00000000,78.34721829,0.00000000,0.00000000,94.69756566,107.32720193,101.68074366,1745.79450000,27330.82082493,9891.18697000
9,436,0.000000,0.356000,0.00000000,107.32720193,0.00000000,70.36122172,0.00000000,0.00000000,94.69756566,107.32720193,101.68074366,1745.79450000,27330.82082473,9891.18697000
9,437,0.000000,0.334000,0.00000000,107.32720193,0.00000000,59.38047644,0.00000000,0.00000000,94.69756566,107.32720193,101.68074366,1745.79450000,27330.82082452,9891.18697000
9,438,0.010000,0.294000,1.59982155,105.46696844,0.00000000,41.27571851,0.00000000,0.00000000,94.69756566,107.06678999,101.68074366,1745.79450000,27482.72474042,9030.54155296
9,439,0.208000,0.358000,33.27628823,74.05091369,0.00000000,104.63575952,0.00000000,0.00000000,94.69756566,107.32720193,101.68074366,1745.79450000,27482.72474022,9891.18697000
9,440,0.414000,0.509000,66.23261216,41.09458977,0.00000000,212.95992606,0.00000000,0.00000000,94.69756566,107.32720193,101.68074366,1745.79450000,27482.72474001,9891.18697000
9,441,0.575000,0.442000,91.98973911,15.33746282,0.00000000,205.27569238,0.00000000,0.00000000,94.69756566,107.32720193,101.68074366,1745.79450000,27482.72473981,9891.18697000
9,442,0.685000,0.347000,106.72863180,0.00000000,2.85914435,173.19630058,0.00000000,0.00000000,94.69756566,106.72863180,101.68074366,1745.79450000,27831.88363964,7912.94957600
9,443,0.746000,0.267000,107.32720193,0.00000000,12.01948568,133.26631773,0.00000000,0.00000000,94.69756566,107.32720193,101.68074366,1745.79450000,27831.88363944,9891.18697000
9,444,0.762000,0.212000,107.32720193,0.00000000,14.57920016,105.81445453,0.00000000,0.00000000,94.69756566,107.32720193,101.68074366,1745.79450000,27831.88363923,9891.18697000
9,445,0.734000,0.179000,107.32720193,0.00000000,10.09969982,89.34333661,0.00000000,0.00000000,94.69756566,107.32720193,101.68074366,1745.79450000,27831.88363903,9891.18697000
9,446,0.662000,0.163000,105.90818659,1.41901534,0.00000000,79.93832470,0.00000000,0.00000000,94.69756566,107.32720193,101.68074366,1745.79450000,27831.88363882,9891.18697000
9,447,0.542000,0.168000,86.71032799,20.61687399,0.00000000,63.23608998,0.00000000,0.00000000,94.69756571,107.32720198,101.68074372,1745.79450082,27831.88363944,9891.18697000
9,448,0.365000,0.197000,58.39348656,48.93371536,0.00000000,49.39386738,0.00000000,0.00000000,94.69756566,107.32720193,101.68074366,1745.79450000,27831.88363923,9891.18697000
9,449,0.125000,0.262000,19.99776937,78.52894445,0.00000000,52.24174936,0.00000000,0.00000000,86.60306220,98.52671382,93.07465712,1617.89873097,27703.98787000,9891.18697000
9,450,0.001000,0.381000,0.15998215,107.16721977,0.00000000,82.99932351,0.00000000,0.00000000,94.69756566,107.32720193,101.68074366,1745.79450000,27703.98786980,9891.18697000
9,451,0.000000,0.472000,0.00000000,107.32720193,0.00000000,128.25969684,0.00000000,0.00000000,94.69756566,107.32720193,101.68074366,1745.79450000,27703.98786959,9891.18697000
9,452,0.000000,0.463000,0.00000000,107.10794763,0.00000000,123.98682806,0.00000000,0.00000000,94.69756566,107.10794763,101.68074366,1745.79450000,27831.88363944,9166.56504335
9,453,0.000000,0.391000,0.00000000,72.94337341,0.00000000,122.21441773,0.00000000,0.00000000,63.67817400,72.94337341,68.65710075,1244.73168631,27679.97972559,7912.94957600
9,454,0.000000,0.344000,0.00000000,107.06678999,0.00000000,64.63213623,0.00000000,0.00000000,94.69756566,107.06678999,101.68074366,1745.79450000,27831.88363944,9030.54156457
9,455,0.000000,0.317000,0.00000000,107.32720193,0.00000000,50.89535508,0.00000000,0.00000000,94.69756566,107.32720193,101.68074366,1745.79450000,27831.88363923,9891.18697000
9,456,0.000000,0.285000,0.00000000,107.32720193,0.00000000,34.92336195,0.00000000,0.00000000,94.69756566,107.32720193,101.68074366,1745.79450000,27831.88363903,9891.18697000
9,457,0.000000,0.255000,0.00000000,73.54194353,0.00000000,53.73487677,0.00000000,0.00000000,63.67817400,73.54194353,68.65710075,1244.73168631,27330.82082514,9891.18697000
9,458,0.000000,0.228000,0.00000000,106.72863180,0.00000000,7.07181930,0.00000000,0.00000000,94.69756566,106.72863180,101.68074366,1745.79450000,27679.97972497,7912.94957600
9,459,0.000000,0.209000,0.00000000,104.31708017,0.00000000,0.00000000,0.00000000,0.00000000,92.22991918,104.31708017,99.05713873,1706.80488856,27831.88363944,8809.63724697
9,460,0.000000,0.202000,0.00000000,43.47863956,0.00000000,57.34456711,0.00000000,0.00000000,36.84682300,43.47863956,39.91750131,767.66957627,27202.91761554,7912.94957600
9,461,0.000000,0.204000,0.00000000,73.04964024,0.00000000,28.77181601,0.00000000,0.00000000,63.67817400,73.04964024,68.65710075,1244.73168631,26989.02596265,8264.15489635
9,462,0.008000,0.204000,1.27985724,101.82145625,0.00000000,0.00000000,0.00000000,0.00000000,91.36123473,103.10131349,98.13355231,1693.07939380,27285.46975629,7912.94957600
9,463,0.181000,0.337000,28.95677005,77.77186175,0.00000000,90.43319097,0.00000000,0.00000000,94.69756566,106.72863180,101.68074366,1745.79450000,27634.62865612,7912.94957600
9,464,0.364000,0.424000,58.23350441,49.09369752,0.00000000,162.53521154,0.00000000,0.00000000,94.69756566,107.32720193,101.68074366,1745.79450000,27634.62865592,9891.18697000
9,465,0.511000,0.365000,0.00000000,73.54194353,81.75088119,108.63860318,0.00000000,0.00000000,63.67817400,73.54194353,68.65710075,1244.73168631,27133.56584202,9891.18697000
9,466,0.613000,0.286000,98.06906099,9.25814093,0.00000000,133.49154773,0.00000000,0.00000000,94.69756566,107.32720193,101.68074366,1745.79450000,27133.56584182,9891.18697000
9,467,0.691000,0.207000,106.72863180,0.00000000,3.81903728,103.31883060,0.00000000,0.00000000,94.69756566,106.72863180,101.68074366,1745.79450000,27482.72474165,7912.94957600
9,468,0.714000,0.153000,107.32720193,0.00000000,6.90005672,76.36609218,0.00000000,0.00000000,94.69756566,107.32720193,101.68074366,1745.79450000,27482.72474145,9891.18697000
9,469,0.716000,0.118000,107.32720193,0.00000000,7.22002103,58.89672469,0.00000000,0.00000000,94.69756566,107.32720193,101.68074366,1745.79450000,27482.72474124,9891.18697000
9,470,0.658000,0.104000,105.26825797,2.05894396,0.00000000,49.85003374,0.00000000,0.00000000,94.69756566,107.32720193,101.68074366,1745.79450000,27482.72474104,9891.18697000
9,471,0.539000,0.106000,86.23038153,21.09682040,0.00000000,31.81040687,0.00000000,0.00000000,94.69756566,107.32720193,101.68074366,1745.79450000,27482.72474083,9891.18697000
9,472,0.369000,0.121000,59.03341518,48.29378674,0.00000000,12.10031230,0.00000000,0.00000000,94.69756566,107.32720193,101.68074366,1745.79450000,27482.72474063,9891.18697000
9,473,0.160000,0.173000,25.59714479,81.73005713,0.00000000,4.61853076,0.00000000,0.00000000,94.69756566,107.32720193,101.68074366,1745.79450000,27482.72474042,9891.18697000
9,474,0.004000,0.311000,0.63992862,106.68727331,0.00000000,48.54053499,0.00000000,0.00000000,94.69756566,107.32720193,101.68074366,1745.79450000,27482.72474022,9891.18697000
9,475,0.000000,0.464000,0.00000000,107.32720193,0.00000000,124.26669856,0.00000000,0.00000000,94.69756566,107.32720193,101.68074366,1745.79450000,27482.72474001,9891.18697000
9,476,0.000000,0.546000,0.00000000,107.32720193,0.00000000,165.19493097,0.00000000,0.00000000,94.69756566,107.32720193,101.68074366,1745.79450000,27482.72473981,9891.18697000
9,477,0.000000,0.564000,0.00000000,107.32720193,0.00000000,174.17917711,0.00000000,0.00000000,94.69756566,107.32720193,101.68074366,1745.79450000,27482.72473960,9891.18697000
9,478,0.000000,0.505000,0.00000000,106.72863180,0.00000000,145.32938489,0.00000000,0.00000000,94.69756566,106.72863180,101.68074366,1745.79450000,27831.88363944,7912.94957600
9,479,0.000000,0.437000,0.00000000,107.32720193,0.00000000,110.79032935,0.00000000,0.00000000,94.69756566,107.32720193,101.68074366,1745.79450000,27831.88363923,9891.18697000
9,480,0.000000,0.388000,0.00000000,73.54194353,0.00000000,120.11847325,0.00000000,0.00000000,63.67817400,73.54194353,68.65710075,1244.73168631,27330.82082534,9891.18697000
9,481,0.000000,0.343000,0.00000000,73.54194353,0.00000000,97.65785790,0.00000000,0.00000000,63.67817400,73.54194353,68.65710075,1244.73168631,26829.75801145,9891.18697000
9,482,0.000000,0.300000,0.00000000,106.72863180,0.00000000,43.00880386,0.00000000,0.00000000,94.69756566,106.72863180,101.68074366,1745.79450000,27178.91691128,7912.94957600
9,483,0.000000,0.262000,0.00000000,106.72863180,0.00000000,24.04206201,0.00000000,0.00000000,94.69756566,106.72863180,101.68074366,1745.79450000,27528.07581112,7912.94957600
9,484,0.000000,0.231000,0.00000000,107.32720193,0.00000000,7.97062353,0.00000000,0.00000000,94.69756566,107.32720193,101.68074366,1745.79450000,27528.07581091,9891.18697000
9,485,0.000000,0.222000,0.00000000,107.32720193,0.00000000,3.47850046,0.00000000,0.00000000,94.69756566,107.32720193,101.68074366,1745.79450000,27528.07581071,9891.18697000
9,486,0.008000,0.195000,1.27985724,97.32933318,0.00000000,0.00000000,0.00000000,0.00000000,86.67892243,98.60919042,93.15531182,1619.09734725,27401.37865775,9891.18697000
9,487,0.171000,0.281000,27.35694850,79.37168330,0.00000000,60.88238143,0.00000000,0.00000000,94.69756566,106.72863180,101.68074366,1745.79450000,27750.53755759,7912.94957600
9,488,0.360000,0.311000,57.59357579,49.59417291,0.00000000,105.63363538,0.00000000,0.00000000,94.69756566,107.18774870,101.68074366,1745.79450000,27831.88363944,9430.30265239
9,489,0.524000,0.253000,83.83064920,23.49655272,0.00000000,102.78201801,0.00000000,0.00000000,94.69756566,107.32720193,101.68074366,1745.79450000,27831.88363923,9891.18697000
9,490,0.632000,0.186000,101.10872194,6.21847999,0.00000000,86.61873012,0.00000000,0.00000000,94.69756566,107.32720193,101.68074366,1745.79450000,27831.88363903,9891.18697000
9,491,0.681000,0.137000,107.32720193,0.00000000,1.62064561,68.38009562,0.00000000,0.00000000,94.69756566,107.32720193,101.68074366,1745.79450000,27831.88363882,9891.18697000
9,492,0.669000,0.113000,107.02806167,0.29914025,0.00000000,56.10196051,0.00000000,0.00000000,94.69756566,107.32720193,101.68074366,1745.79450000,27831.88363862,9891.18697000
9,493,0.646000,0.102000,103.34847211,3.97872982,0.00000000,46.93199831,0.00000000,0.00000000,94.69756566,107.32720193,101.68074366,1745.79450000,27831.88363841,9891.18697000
9,494,0.595000,0.097000,95.18938220,12.13781972,0.00000000,36.27728447,0.00000000,0.00000000,94.69756566,107.32720193,101.68074366,1745.79450000,27831.88363821,9891.18697000
9,495,0.472000,0.096000,75.51157714,31.81562478,0.00000000,16.10035463,0.00000000,0.00000000,94.69756566,107.32720192,101.68074366,1745.79450000,27831.88363944,9891.18696187
9,496,0.306000,0.101000,48.95453942,50.41160334,0.00000000,0.00000000,0.00000000,0.00000000,87.37515124,99.36614276,93.89554319,1630.09798727,27716.18712651,9891.18697000
9,497,0.122000,0.112000,19.51782291,54.02412063,0.00000000,1.87785535,0.00000000,0.00000000,63.67817400,73.54194353,68.65710075,1244.73168631,27215.12431261,9891.18697000
9,498,0.000000,0.171000,0.00000000,85.35033832,0.00000000,0.00000000,0.00000000,0.00000000,74.49915925,85.35033832,80.19360015,1423.61022628,26892.94003869,9891.18697000
9,499,0.000000,0.271000,0.00000000,107.32720193,0.00000000,27.93561495,0.00000000,0.00000000,94.69756566,107.32720193,101.68074366,1745.79450000,26892.94003848,9891.18697000
9,500,0.000000,0.359000,0.00000000,106.72863180,0.00000000,72.45716620,0.00000000,0.00000000,94.69756566,106.72863180,101.68074366,1745.79450000,27242.09893832,7912.94957600
9,501,0.000000,0.420000,0.00000000,106.72863180,0.00000000,102.90377812,0.00000000,0.00000000,94.69756566,106.72863180,101.68074366,1745.79450000,27591.25783816,7912.94957600
9,502,0.000000,0.438000,0.00000000,73.54194353,0.00000000,145.07471252,0.00000000,0.00000000,63.67817400,73.54194353,68.65710075,1244.73168631,27090.19502426,9891.18697000
9,503,0.000000,0.434000,0.00000000,106.72863180,0.00000000,109.89152512,0.00000000,0.00000000,94.69756566,106.72863180,101.68074366,1745.79450000,27439.35392410,7912.94957600
9,504,0.000000,0.403000,0.00000000,107.32720193,0.00000000,93.82008664,0.00000000,0.00000000,94.69756566,107.32720193,101.68074366,1745.79450000,27439.35392389,9891.18697000
9,505,0.000000,0.339000,0.00000000,107.15674821,0.00000000,62.04655408,0.00000000,0.00000000,94.69756566,107.15674821,101.68074366,1745.79450000,27538.78326099,9327.84794843
9,506,0.000000,0.266000,0.00000000,107.32720193,0.00000000,25.43999102,0.00000000,0.00000000,94.69756566,107.32720193,101.68074366,1745.79450000,27538.78326079,9891.18697000
9,507,0.000000,0.241000,0.00000000,107.32720193,0.00000000,12.96187138,0.00000000,0.00000000,94.69756566,107.32720193,101.68074366,1745.79450000,27538.78326058,9891.18697000
9,508,0.000000,0.233000,0.00000000,72.94337341,0.00000000,43.35270162,0.00000000,0.00000000,63.67817400,72.94337341,68.65710075,1244.73168631,27386.87934673,7912.94957600
9,509,0.000000,0.232000,0.00000000,107.32720193,0.00000000,8.46974832,0.00000000,0.00000000,94.69756566,107.32720193,101.68074366,1745.79450000,27386.87934653,9891.18697000
9,510,0.010000,0.214000,1.59982155,105.72738038,0.00000000,1.08532373,0.00000000,0.00000000,94.69756566,107.32720193,101.68074366,1745.79450000,27386.87934632,9891.18697000
9,511,0.208000,0.297000,33.27628823,74.05091369,0.00000000,74.18914761,0.00000000,0.00000000,94.69756566,107.32720193,101.68074366,1745.79450000,27386.87934612,9891.18697000
9,512,0.414000,0.327000,66.23261216,41.09458977,0.00000000,122.11921510,0.00000000,0.00000000,94.69756566,107.32720193,101.68074366,1745.79450000,27386.87934591,9891.18697000
9,513,0.564000,0.278000,90.22993540,16.49869640,0.00000000,122.25799398,0.00000000,0.00000000,94.69756566,106.72863180,101.68074366,1745.79450000,27736.03824575,7912.94957600
9,514,0.661000,0.225000,105.74820443,1.57899749,0.00000000,110.72407925,0.00000000,0.00000000,94.69756566,107.32720193,101.68074366,1745.79450000,27736.03824554,9891.18697000
9,515,0.712000,0.182000,0.00000000,89.89674172,113.90729434,0.94396925,0.00000000,0.00000000,78.66539600,89.89674172,84.63531998,1492.48099468,27482.72474001,9891.18697000
9,516,0.723000,0.151000,107.32720193,0.00000000,8.33989611,75.36784261,0.00000000,0.00000000,94.69756566,107.32720193,101.68074366,1745.79450000,27482.72473981,9891.18697000
9,517,0.687000,0.132000,107.32720193,0.00000000,2.58053854,65.88447169,0.00000000,0.00000000,94.69756566,107.32720193,101.68074366,1745.79450000,27482.72473960,9891.18697000
9,518,0.598000,0.124000,95.66932867,11.05930313,0.00000000,50.83217027,0.00000000,0.00000000,94.69756566,106.72863180,101.68074366,1745.79450000,27831.88363944,7912.94957600
9,519,0.483000,0.134000,77.27138085,30.05582108,0.00000000,36.82690018,0.00000000,0.00000000,94.69756566,107.32720193,101.68074366,1745.79450000,27831.88363923,9891.18697000
9,520,0.291000,0.177000,46.55480710,60.77239483,0.00000000,27.57269221,0.00000000,0.00000000,94.69756566,107.32720193,101.68074366,1745.79450000,27831.88363903,9891.18697000
9,521,0.133000,0.247000,21.27762661,68.61911511,0.00000000,54.66470692,0.00000000,0.00000000,78.66539600,89.89674172,84.63531998,1492.48099468,27578.57013350,9891.18697000
9,522,0.003000,0.351000,0.47994646,106.41299502,0.00000000,68.77980470,0.00000000,0.00000000,94.69756566,106.89294149,101.68074366,1745.79450000,27831.88363944,8455.98296918
9,523,0.000000,0.413000,0.00000000,72.94337341,0.00000000,133.19516301,0.00000000,0.00000000,63.67817400,72.94337341,68.65710075,1244.73168631,27679.97972559,7912.94957600
9,524,0.000000,0.413000,0.00000000,107.32720193,0.00000000,98.81133449,0.00000000,0.00000000,94.69756566,107.32720193,101.68074366,1745.79450000,27679.97972538,9891.18697000
9,525,0.000000,0.371000,0.00000000,107.32720193,0.00000000,77.84809350,0.00000000,0.00000000,94.69756566,107.32720193,101.68074366,1745.79450000,27679.97972518,9891.18697000
9,526,0.000000,0.347000,0.00000000,107.32720193,0.00000000,65.86909865,0.00000000,0.00000000,94.69756566,107.32720193,101.68074366,1745.79450000,27679.97972497,9891.18697000
9,527,0.000000,0.325000,0.00000000,107.32720193,0.00000000,54.88835337,0.00000000,0.00000000,94.69756566,107.32720193,101.68074366,1745.79450000,27679.97972477,9891.18697000
9,528,0.000000,0.296000,0.00000000,93.15554674,0.00000000,54.58538977,0.00000000,0.00000000,82.21332812,93.15554674,88.40748618,1548.53951484,27831.88363944,7912.94957600
9,529,0.000000,0.271000,0.00000000,107.32720193,0.00000000,27.93561495,0.00000000,0.00000000,94.69756566,107.32720193,101.68074366,1745.79450000,27831.88363923,9891.18697000
9,530,0.000000,0.251000,0.00000000,73.54194353,0.00000000,51.73837763,0.00000000,0.00000000,63.67817400,73.54194353,68.65710075,1244.73168631,27330.82082534,9891.18697000
9,531,0.000000,0.241000,0.00000000,107.32720193,0.00000000,12.96187138,0.00000000,0.00000000,94.69756566,107.32720193,101.68074366,1745.79450000,27330.82082514,9891.18697000
9,532,0.000000,0.243000,0.00000000,93.15554673,0.00000000,28.13177615,0.00000000,0.00000000,82.21332811,93.15554673,88.40748617,1548.53951463,27482.72473960,7912.94957600
9,533,0.000000,0.252000,0.00000000,106.72863180,0.00000000,19.05081415,0.00000000,0.00000000,94.69756566,106.72863180,101.68074366,1745.79450000,27831.88363944,7912.94957600
9,534,0.010000,0.245000,1.59982155,105.72738038,0.00000000,16.55819208,0.00000000,0.00000000,94.69756566,107.32720193,101.68074366,1745.79450000,27831.88363923,9891.18697000
9,535,0.200000,0.308000,31.99643099,75.33077093,0.00000000,78.39966301,0.00000000,0.00000000,94.69756566,107.32720193,101.68074366,1745.79450000,27831.88363903,9891.18697000
9,536,0.415000,0.331000,66.39259431,40.93460762,0.00000000,124.27569639,0.00000000,0.00000000,94.69756566,107.32720193,101.68074366,1745.79450000,27831.88363882,9891.18697000
9,537,0.583000,0.285000,93.26959635,14.05760558,0.00000000,128.19295829,0.00000000,0.00000000,94.69756566,107.32720193,101.68074366,1745.79450000,27831.88363862,9891.18697000
9,538,0.688000,0.243000,107.32720193,0.00000000,2.74052069,121.28732288,0.00000000,0.00000000,94.69756566,107.32720193,101.68074366,1745.79450000,27831.88363841,9891.18697000
9,539,0.751000,0.212000,107.32720193,0.00000000,12.81939645,105.81445453,0.00000000,0.00000000,94.69756566,107.32720193,101.68074366,1745.79450000,27831.88363821,9891.18697000
9,540,0.769000,0.207000,107.32720193,0.00000000,15.69907524,103.31883060,0.00000000,0.00000000,94.69756566,107.32720193,101.68074366,1745.79450000,27831.88363800,9891.18697000
9,541,0.743000,0.224000,107.32720193,0.00000000,11.53953921,111.80395196,0.00000000,0.00000000,94.69756566,107.32720193,101.68074366,1745.79450000,27831.88363780,9891.18697000
9,542,0.674000,0.252000,107.32720193,0.00000000,0.50077052,125.77944595,0.00000000,0.00000000,94.69756566,107.32720193,101.68074366,1745.79450000,27831.88363759,9891.18697000
9,543,0.557000,0.279000,89.11006032,18.21714161,0.00000000,121.03867355,0.00000000,0.00000000,94.69756566,107.32720192,101.68074366,1745.79450000,27831.88363944,9891.18695839
9,544,0.392000,0.307000,62.71300475,44.61419718,0.00000000,108.61711198,0.00000000,0.00000000,94.69756566,107.32720193,101.68074366,1745.79450000,27831.88363923,9891.18697000
9,545,0.180000,0.343000,28.79678789,78.53041403,0.00000000,92.66938740,0.00000000,0.00000000,94.69756566,107.32720193,101.68074366,1745.79450000,27831.88363903,9891.18697000
9,546,0.005000,0.407000,0.79991077,106.52729115,0.00000000,96.61649656,0.00000000,0.00000000,94.69756566,107.32720193,101.68074366,1745.79450000,27831.88363882,9891.18697000
9,547,0.000000,0.442000,0.00000000,107.32720193,0.00000000,113.28595327,0.00000000,0.00000000,94.69756566,107.32720193,101.68074366,1745.79450000,27831.88363862,9891.18697000
9,548,0.000000,0.423000,0.00000000,73.28153160,0.00000000,137.84825268,0.00000000,0.00000000,63.67817400,73.28153160,68.65710075,1244.73168631,27482.72473981,9030.54155877
9,549,0.000000,0.387000,0.00000000,106.72863180,0.00000000,86.43266020,0.00000000,0.00000000,94.69756566,106.72863180,101.68074366,1745.79450000,27831.88363964,7912.94957600
9,550,0.000000,0.362000,0.00000000,107.32720193,0.00000000,73.35597043,0.00000000,0.00000000,94.69756566,107.32720193,101.68074366,1745.79450000,27831.88363944,9891.18697000
9,551,0.000000,0.328000,0.00000000,107.32720193,0.00000000,56.38572773,0.00000000,0.00000000,94.69756566,107.32720193,101.68074366,1745.79450000,27831.88363923,9891.18697000
9,552,0.000000,0.293000,0.00000000,89.89674172,0.00000000,56.34682044,0.00000000,0.00000000,78.66539600,89.89674172,84.63531998,1492.48099468,27578.57013371,9891.18697000
9,553,0.000000,0.259000,0.00000000,107.32720193,0.00000000,21.94611752,0.00000000,0.00000000,94.69756566,107.32720193,101.68074366,1745.79450000,27578.57013350,9891.18697000
9,554,0.000000,0.242000,0.00000000,107.32036130,0.00000000,13.46783680,0.00000000,0.00000000,94.69756566,107.32036130,101.68074366,1745.79450000,27582.56041828,9868.57912308
9,555,0.000000,0.233000,0.00000000,73.54194353,0.00000000,42.75413149,0.00000000,0.00000000,63.67817400,73.54194353,68.65710075,1244.73168631,27081.49760438,9891.18697000
9,556,0.000000,0.217000,0.00000000,107.32720193,0.00000000,0.98287653,0.00000000,0.00000000,94.69756566,107.32720193,101.68074366,1745.79450000,27081.49760418,9891.18697000
9,557,0.000000,0.201000,0.00000000,89.89674172,0.00000000,10.42734017,0.00000000,0.00000000,78.66539600,89.89674172,84.63531998,1492.48099468,26828.18409865,9891.18697000
9,558,0.005000,0.179000,0.79991077,89.34333661,0.00000000,0.00000000,0.00000000,0.00000000,79.44267866,90.14324738,85.46172810,1504.76235858,26936.31085706,7912.94957600
9,559,0.140000,0.196000,22.39750170,84.92970023,0.00000000,12.89875773,0.00000000,0.00000000,94.69756566,107.32720193,101.68074366,1745.79450000,26936.31085686,9891.18697000
9,560,0.334000,0.191000,53.43403976,53.89316217,0.00000000,41.43967187,0.00000000,0.00000000,94.69756566,107.32720193,101.68074366,1745.79450000,26936.31085665,9891.18697000
9,561,0.498000,0.160000,79.67111317,27.65608875,0.00000000,52.20387693,0.00000000,0.00000000,94.69756566,107.32720193,101.68074366,1745.79450000,26936.31085645,9891.18697000
9,562,0.630000,0.146000,100.78875763,6.53844430,0.00000000,66.33377439,0.00000000,0.00000000,94.69756566,107.32720193,101.68074366,1745.79450000,26936.31085624,9891.18697000
9,563,0.704000,0.134000,106.72863180,0.00000000,5.89880530,66.88272126,0.00000000,0.00000000,94.69756566,106.72863180,101.68074366,1745.79450000,27285.46975608,7912.94957600
9,564,0.728000,0.120000,107.32720193,0.00000000,9.13980689,59.89497426,0.00000000,0.00000000,94.69756566,107.32720193,101.68074366,1745.79450000,27285.46975588,9891.18697000
9,565,0.700000,0.127000,107.32720193,0.00000000,4.66030655,63.38884776,0.00000000,0.00000000,94.69756566,107.32720193,101.68074366,1745.79450000,27285.46975567,9891.18697000
9,566,0.619000,0.163000,99.02895392,8.29824800,0.00000000,73.05909204,0.00000000,0.00000000,94.69756566,107.32720193,101.68074366,1745.79450000,27285.46975547,9891.18697000
9,567,0.505000,0.210000,80.79098826,26.53621367,0.00000000,78.27999129,0.00000000,0.00000000,94.69756566,107.32720193,101.68074366,1745.79450000,27285.46975526,9891.18697000
9,568,0.339000,0.265000,54.23395053,53.09325139,0.00000000,79.17481677,0.00000000,0.00000000,94.69756566,107.32720193,101.68074366,1745.79450000,27285.46975506,9891.18697000
9,569,0.146000,0.337000,23.35739462,83.37123718,0.00000000,84.83381555,0.00000000,0.00000000,94.69756566,106.72863180,101.68074366,1745.79450000,27634.62865489,7912.94957600
9,570,0.002000,0.418000,0.31996431,107.00723762,0.00000000,101.62692273,0.00000000,0.00000000,94.69756566,107.32720193,101.68074366,1745.79450000,27634.62865469,9891.18697000
9,571,0.000000,0.433000,0.00000000,73.54194353,0.00000000,142.57908860,0.00000000,0.00000000,63.67817400,73.54194353,68.65710075,1244.73168631,27133.56584079,9891.18697000
9,572,0.000000,0.379000,0.00000000,107.32720193,0.00000000,81.84109179,0.00000000,0.00000000,94.69756566,107.32720193,101.68074366,1745.79450000,27133.56584059,9891.18697000
9,573,0.000000,0.334000,0.00000000,107.32720193,0.00000000,59.38047644,0.00000000,0.00000000,94.69756566,107.32720193,101.68074366,1745.79450000,27133.56584038,9891.18697000
9,574,0.000000,0.310000,0.00000000,107.32720193,0.00000000,47.40148159,0.00000000,0.00000000,94.69756566,107.32720193,101.68074366,1745.79450000,27133.56584018,9891.18697000
9,575,0.000000,0.279000,0.00000000,107.32720193,0.00000000,31.92861323,0.00000000,0.00000000,94.69756566,107.32720193,101.68074366,1745.79450000,27133.56583997,9891.18697000
9,576,0.000000,0.251000,0.00000000,107.32720193,0.00000000,17.95311924,0.00000000,0.00000000,94.69756566,107.32720193,101.68074366,1745.79450000,27133.56583977,9891.18697000
9,577,0.000000,0.233000,0.00000000,106.72863180,0.00000000,9.56744323,0.00000000,0.00000000,94.69756566,106.72863180,101.68074366,1745.79450000,27482.72473960,7912.94957600
9,578,0.000000,0.225000,0.00000000,106.72863180,0.00000000,5.57444494,0.00000000,0.00000000,94.69756566,106.72863180,101.68074366,1745.79450000,27831.88363944,7912.94957600
9,579,0.000000,0.215000,0.00000000,107.31182889,0.00000000,0.00000000,0.00000000,0.00000000,94.68342586,107.31182889,101.66571021,1745.57108664,27831.66022588,9891.18697000
9,580,0.000000,0.201000,0.00000000,100.32408189,0.00000000,0.00000000,0.00000000,0.00000000,88.25624346,100.32408189,94.83232158,1644.01952895,27729.88525463,9891.18697000
9,581,0.000000,0.184000,0.00000000,91.83896054,0.00000000,0.00000000,0.00000000,0.00000000,80.95501844,91.83896054,87.06964970,1528.65781545,27831.88363944,8083.05626426
9,582,0.005000,0.166000,0.79991077,72.74203276,0.00000000,10.11268164,0.00000000,0.00000000,63.67817400,73.54194353,68.65710075,1244.73168631,27330.82082555,9891.18697000
9,583,0.156000,0.253000,24.95721617,82.36998575,0.00000000,43.90858499,0.00000000,0.00000000,94.69756566,107.32720193,101.68074366,1745.79450000,27330.82082534,9891.18697000
9,584,0.350000,0.364000,55.99375424,51.33344769,0.00000000,130.34797424,0.00000000,0.00000000,94.69756566,107.32720193,101.68074366,1745.79450000,27330.82082514,9891.18697000
9,585,0.487000,0.364000,77.91130947,29.41589246,0.00000000,152.26552947,0.00000000,0.00000000,94.69756566,107.32720193,101.68074366,1745.79450000,27330.82082493,9891.18697000
9,586,0.578000,0.349000,92.46968557,14.85751636,0.00000000,159.33703379,0.00000000,0.00000000,94.69756566,107.32720193,101.68074366,1745.79450000,27330.82082473,9891.18697000
9,587,0.621000,0.332000,99.34891823,7.37971357,0.00000000,158.32971523,0.00000000,0.00000000,94.69756566,106.72863180,101.68074366,1745.79450000,27679.97972456,7912.94957600
9,588,0.623000,0.328000,99.66888254,7.65831938,0.00000000,156.05461027,0.00000000,0.00000000,94.69756566,107.32720193,101.68074366,1745.79450000,27679.97972436,9891.18697000
9,589,0.534000,0.323000,85.43047075,21.89673117,0.00000000,139.32057455,0.00000000,0.00000000,94.69756566,107.32720193,101.68074366,1745.79450000,27679.97972415,9891.18697000
9,590,0.472000,0.314000,75.51157714,31.81562478,0.00000000,124.90955787,0.00000000,0.00000000,94.69756566,107.32720193,101.68074366,1745.79450000,27679.97972395,9891.18697000
9,591,0.362000,0.330000,57.91354010,49.41366183,0.00000000,115.29751739,0.00000000,0.00000000,94.69756566,107.32720193,101.68074366,1745.79450000,27679.97972374,9891.18697000
9,592,0.225000,0.361000,35.99598487,71.33121706,0.00000000,108.85283051,0.00000000,0.00000000,94.69756566,107.32720193,101.68074366,1745.79450000,27679.97972354,9891.18697000
9,593,0.085000,0.401000,13.59848317,80.15563385,0.00000000,119.99340514,0.00000000,0.00000000,82.21332826,93.75411702,88.40748633,1548.53951709,27482.72474042,9891.18697000
9,594,0.000000,0.400000,0.00000000,106.72863180,0.00000000,92.92128241,0.00000000,0.00000000,94.69756566,106.72863180,101.68074366,1745.79450000,27831.88364026,7912.94957600
9,595,0.000000,0.380000,0.00000000,107.32720193,0.00000000,82.34021657,0.00000000,0.00000000,94.69756566,107.32720193,101.68074366,1745.79450000,27831.88364005,9891.18697000
9,596,0.000000,0.367000,0.00000000,107.32720193,0.00000000,75.85159436,0.00000000,0.00000000,94.69756566,107.32720193,101.68074366,1745.79450000,27831.88363985,9891.18697000
9,597,0.000000,0.346000,0.00000000,107.32720193,0.00000000,65.36997386,0.00000000,0.00000000,94.69756566,107.32720193,101.68074366,1745.79450000,27831.88363964,9891.18697000
9,598,0.000000,0.329000,0.00000000,107.32720193,0.00000000,56.88485251,0.00000000,0.00000000,94.69756566,107.32720193,101.68074366,1745.79450000,27831.88363944,9891.18697000
9,599,0.000000,0.298000,0.00000000,107.32720193,0.00000000,41.41198416,0.00000000,0.00000000,94.69756566,107.32720193,101.68074366,1745.79450000,27831.88363923,9891.18697000
9,600,0.000000,0.252000,0.00000000,107.32720193,0.00000000,18.45224403,0.00000000,0.00000000,94.69756566,107.32720193,101.68074366,1745.79450000,27831.88363903,9891.18697000
9,601,0.000000,0.207000,0.00000000,103.31883060,0.00000000,0.00000000,0.00000000,0.00000000,91.10037030,103.31883060,97.85620090,1688.95765145,27831.88363944,9569.16516168
9,602,0.000000,0.188000,0.00000000,93.83545968,0.00000000,0.00000000,0.00000000,0.00000000,82.28814552,93.83545968,88.48703214,1549.72165396,27635.81079319,9891.18697000
9,603,0.000000,0.188000,0.00000000,93.83545968,0.00000000,0.00000000,0.00000000,0.00000000,82.83869771,93.83545968,89.07237993,1558.42055628,27797.59574931,7912.94957600
9,604,0.000000,0.193000,0.00000000,96.33108361,0.00000000,0.00000000,0.00000000,0.00000000,84.58356781,96.33108361,90.92752808,1585.99006742,27637.79131652,9891.18697000
9,605,0.000000,0.192000,0.00000000,95.83195882,0.00000000,0.00000000,0.00000000,0.00000000,84.12448335,95.83195882,90.43942889,1578.73638473,27470.73320104,9891.18697000
9,606,0.000000,0.195000,0.00000000,89.44192394,0.00000000,7.88740923,0.00000000,0.00000000,78.66539600,89.44192394,84.63531998,1492.48099468,27482.72473981,8388.04224310
9,607,0.083000,0.281000,13.27851886,93.45011294,0.00000000,46.80395179,0.00000000,0.00000000,94.69756566,106.72863180,101.68074366,1745.79450000,27831.88363964,7912.94957600
9,608,0.247000,0.439000,39.51559228,67.81160965,0.00000000,151.30417119,0.00000000,0.00000000,94.69756566,107.32720193,101.68074366,1745.79450000,27831.88363944,9891.18697000
9,609,0.438000,0.481000,70.07218387,37.25501805,0.00000000,202.82400379,0.00000000,0.00000000,94.69756566,107.32720192,101.68074366,1745.79450000,27831.88364026,9891.18696419
9,610,0.585000,0.489000,93.58956065,13.73764127,0.00000000,230.33437885,0.00000000,0.00000000,94.69756566,107.32720193,101.68074366,1745.79450000,27831.88364005,9891.18697000
9,611,0.662000,0.493000,105.90818659,1.41901534,0.00000000,244.64950392,0.00000000,0.00000000,94.69756566,107.32720193,101.68074366,1745.79450000,27831.88363985,9891.18697000
9,612,0.686000,0.501000,107.32720193,0.00000000,2.42055638,250.06151755,0.00000000,0.00000000,94.69756566,107.32720193,101.68074366,1745.79450000,27831.88363964,9891.18697000
9,613,0.669000,0.513000,107.02806167,0.29914025,0.00000000,255.75187472,0.00000000,0.00000000,94.69756566,107.32720193,101.68074366,1745.79450000,27831.88363944,9891.18697000
9,614,0.586000,0.524000,93.74954281,13.57765912,0.00000000,247.96372850,0.00000000,0.00000000,94.69756566,107.32720193,101.68074366,1745.79450000,27831.88363923,9891.18697000
9,615,0.461000,0.538000,73.75177344,33.57542849,0.00000000,234.95370612,0.00000000,0.00000000,94.69756566,107.32720193,101.68074366,1745.79450000,27831.88363903,9891.18697000
9,616,0.295000,0.556000,47.19473571,60.13246621,0.00000000,217.38091454,0.00000000,0.00000000,94.69756566,107.32720192,101.68074366,1745.79450000,27831.88363944,9891.18696652
9,617,0.106000,0.568000,16.95810843,56.32342317,0.00000000,227.17945501,0.00000000,0.00000000,63.67817400,73.28153160,68.65710075,1244.73168631,27482.72474083,9030.54155761
9,618,0.000000,0.598000,0.00000000,107.32720193,0.00000000,191.14941982,0.00000000,0.00000000,94.69756566,107.32720193,101.68074366,1745.79450000,27482.72474063,9891.18697000
9,619,0.000000,0.618000,0.00000000,107.32720193,0.00000000,201.13191553,0.00000000,0.00000000,94.69756566,107.32720193,101.68074366,1745.79450000,27482.72474042,9891.18697000
9,620,0.000000,0.578000,0.00000000,107.32720193,0.00000000,181.16692411,0.00000000,0.00000000,94.69756566,107.32720193,101.68074366,1745.79450000,27482.72474022,9891.18697000
9,621,0.000000,0.503000,0.00000000,107.32720193,0.00000000,143.73256519,0.00000000,0.00000000,94.69756566,107.32720193,101.68074366,1745.79450000,27482.72474001,9891.18697000
9,622,0.000000,0.437000,0.00000000,107.32720193,0.00000000,110.79032935,0.00000000,0.00000000,94.69756566,107.32720193,101.68074366,1745.79450000,27482.72473981,9891.18697000
9,623,0.000000,0.380000,0.00000000,107.32720193,0.00000000,82.34021657,0.00000000,0.00000000,94.69756566,107.32720193,101.68074366,1745.79450000,27482.72473960,9891.18697000
9,624,0.000000,0.305000,0.00000000,106.72863180,0.00000000,45.50442778,0.00000000,0.00000000,94.69756566,106.72863180,101.68074366,1745.79450000,27831.88363944,7912.94957600
9,625,0.000000,0.237000,0.00000000,107.32720193,0.00000000,10.96537224,0.00000000,0.00000000,94.69756566,107.32720193,101.68074366,1745.79450000,27831.88363944,9891.18696884
9,626,0.000000,0.183000,0.00000000,89.46248128,0.00000000,1.87735447,0.00000000,0.00000000,78.66539600,89.46248128,84.63531998,1492.48099468,27831.88363944,8455.98297267
9,627,0.000000,0.152000,0.00000000,2.39428050,0.00000000,73.47268690,0.00000000,0.00000000,0.00000000,2.39428050,0.00000000,0.00000000,26435.24803928,7912.94957600
9,628,0.000000,0.123000,0.00000000,61.39234862,0.00000000,0.00000000,0.00000000,0.00000000,53.13638829,61.39234862,57.38398237,1061.89851967,26100.51095878,7912.94957600
9,629,0.000000,0.109000,0.00000000,2.39428050,0.00000000,52.01032112,0.00000000,0.00000000,0.00000000,2.39428050,0.00000000,0.00000000,24703.87535862,7912.94957600
9,630,0.000000,0.114000,0.00000000,43.47863956,0.00000000,13.42158599,0.00000000,0.00000000,36.84682300,43.47863956,39.91750131,767.66957627,24074.90933472,7912.94957600
9,631,0.070000,0.145000,0.57027951,72.37309390,10.62847134,0.00000000,0.00000000,0.00000000,63.67817400,72.94337341,68.65710075,1244.73168631,23923.00542087,7912.94957600
9,632,0.167000,0.225000,26.71701988,80.01161192,0.00000000,32.29146482,0.00000000,0.00000000,94.69756566,106.72863180,101.68074366,1745.79450000,24272.16432070,7912.94957600
9,633,0.255000,0.274000,40.79544952,65.93318228,0.00000000,70.82700895,0.00000000,0.00000000,94.69756566,106.72863180,101.68074366,1745.79450000,24621.32322054,7912.94957600
9,634,0.324000,0.282000,51.83421821,54.89441359,0.00000000,85.85877593,0.00000000,0.00000000,94.69756566,106.72863180,101.68074366,1745.79450000,24970.48212038,7912.94957600
9,635,0.345000,0.262000,55.19384346,34.10432813,0.00000000,96.66636568,0.00000000,0.00000000,78.66539600,89.29817159,84.63531998,1492.48099468,25066.32751489,7912.94957600
9,636,0.361000,0.204000,57.75355794,48.97507386,0.00000000,52.84638239,0.00000000,0.00000000,94.69756566,106.72863180,101.68074366,1745.79450000,25415.48641472,7912.94957600
9,637,0.380000,0.125000,60.79321889,12.15015452,0.00000000,50.24044367,0.00000000,0.00000000,63.67817400,72.94337341,68.65710075,1244.73168631,25263.58250087,7912.94957600
9,638,0.372000,0.079000,59.51336165,29.78480994,0.00000000,9.64604811,0.00000000,0.00000000,78.66539600,89.29817159,84.63531998,1492.48099468,25359.42789538,7912.94957600
9,639,0.282000,0.064000,45.11496770,31.94398627,0.00000000,0.00000000,0.00000000,0.00000000,67.44961204,77.05895397,72.67791743,1307.07634639,25269.86864161,7912.94957600
9,640,0.198000,0.053000,31.67646668,26.45361363,0.00000000,0.00000000,0.00000000,0.00000000,50.15915172,58.13008032,54.20020107,1010.26233541,24883.49537686,7912.94957600
9,641,0.078000,0.043000,12.47860809,21.46236578,0.00000000,0.00000000,0.00000000,0.00000000,28.22616321,33.94097386,30.63234448,601.54531759,24088.40509428,7912.94957600
9,642,0.000000,0.053000,0.00000000,2.39428050,0.00000000,24.05933313,0.00000000,0.00000000,0.00000000,2.39428050,0.00000000,0.00000000,22691.76949412,7912.94957600
9,643,0.000000,0.076000,0.00000000,37.93348370,0.00000000,0.00000000,0.00000000,0.00000000,31.83481024,37.93348370,34.51915296,671.08568079,21966.21957474,7912.94957600
9,644,0.000000,0.093000,0.00000000,30.37356422,0.00000000,16.04504083,0.00000000,0.00000000,25.00174700,30.37356422,27.15938231,539.40882693,21108.99280150,7912.94957600
9,645,0.000000,0.093000,0.00000000,2.39428050,0.00000000,44.02432455,0.00000000,0.00000000,0.00000000,2.39428050,0.00000000,0.00000000,19712.35720133,7912.94957600
9,646,0.000000,0.088000,0.00000000,43.47863956,0.00000000,0.44434156,0.00000000,0.00000000,36.84682300,43.47863956,39.91750131,767.66957627,19083.39117744,7912.94957600
9,647,0.000000,0.089000,0.00000000,44.42210591,0.00000000,0.00000000,0.00000000,0.00000000,37.70393558,44.42210591,40.83718908,783.31337562,18470.06895290,7912.94957600
9,648,0.000000,0.092000,0.00000000,43.47863956,0.00000000,2.44084071,0.00000000,0.00000000,36.84682300,43.47863956,39.91750131,767.66957627,17841.10292900,7912.94957600
9,649,0.000000,0.111000,0.00000000,55.40285119,0.00000000,0.00000000,0.00000000,0.00000000,47.67962794,55.40285119,51.54118066,965.38817894,17409.85550778,7912.94957600
9,650,0.000000,0.100000,0.00000000,49.91247855,0.00000000,0.00000000,0.00000000,0.00000000,42.69178176,49.91247855,46.18918487,874.35077728,16887.57068490,7912.94957600
9,651,0.000000,0.075000,0.00000000,37.43435891,0.00000000,0.00000000,0.00000000,0.00000000,31.38367418,37.43435891,34.03324246,662.39207193,16153.32715667,7912.94957600
9,652,0.000000,0.056000,0.00000000,27.95098799,0.00000000,0.00000000,0.00000000,0.00000000,22.82469263,27.95098799,24.80441354,494.93022768,15251.62178418,7912.94957600
9,653,0.000000,0.029000,0.00000000,2.39428050,0.00000000,12.08033828,0.00000000,0.00000000,0.00000000,2.39428050,0.00000000,0.00000000,13854.98618402,7912.94957600
9,654,0.000000,0.009000,0.00000000,2.39428050,0.00000000,2.09784257,0.00000000,0.00000000,0.00000000,2.39428050,0.00000000,0.00000000,12458.35058385,7912.94957600
9,655,0.063000,0.003000,2.39428050,0.00000000,7.68459526,1.49737436,0.00000000,0.00000000,0.00000000,2.39428050,0.00000000,0.00000000,11061.71498369,7912.94957600
9,656,0.187000,0.008000,29.91666298,3.99299828,0.00000000,0.00000000,0.00000000,0.00000000,28.19786118,33.90966126,30.60186088,600.99992389,10266.07930741,7912.94957600
9,657,0.329000,0.026000,52.63412898,12.97724442,0.00000000,0.00000000,0.00000000,0.00000000,56.98678737,65.61137341,61.50150153,1128.67853929,9998.12224654,7912.94957600
9,658,0.446000,0.051000,71.35204111,25.45536406,0.00000000,0.00000000,0.00000000,0.00000000,85.57223053,96.80740518,91.97867556,1601.61125778,10203.09790415,7912.94957600
9,659,0.472000,0.082000,75.51157714,31.21705466,0.00000000,9.71117776,0.00000000,0.00000000,94.69756566,106.72863180,101.68074366,1745.79450000,10552.25680399,7912.94957600
9,660,0.430000,0.119000,68.79232664,37.93630517,0.00000000,21.45954431,0.00000000,0.00000000,94.69756566,106.72863180,101.68074366,1745.79450000,10901.41570383,7912.94957600
9,661,0.380000,0.176000,60.79321889,45.93541291,0.00000000,41.91054934,0.00000000,0.00000000,94.69756566,106.72863180,101.68074366,1745.79450000,11250.57460366,7912.94957600
9,662,0.352000,0.234000,56.31371855,50.41491325,0.00000000,66.38028656,0.00000000,0.00000000,94.69756566,106.72863180,101.68074366,1745.79450000,11599.73350350,7912.94957600
9,663,0.321000,0.264000,51.35427174,55.37436006,0.00000000,76.39458332,0.00000000,0.00000000,94.69756566,106.72863180,101.68074366,1745.79450000,11948.89240333,7912.94957600
9,664,0.229000,0.280000,36.63591349,70.09271831,0.00000000,69.66222163,0.00000000,0.00000000,94.69756566,106.72863180,101.68074366,1745.79450000,12298.05130317,7912.94957600
9,665,0.095000,0.262000,15.19830472,91.53032708,0.00000000,39.24036673,0.00000000,0.00000000,94.69756566,106.72863180,101.68074366,1745.79450000,12647.21020301,7912.94957600
9,666,0.000000,0.234000,0.00000000,106.72863180,0.00000000,10.06656801,0.00000000,0.00000000,94.69756566,106.72863180,101.68074366,1745.79450000,12996.36910284,7912.94957600
9,667,0.000000,0.221000,0.00000000,106.72863180,0.00000000,3.57794580,0.00000000,0.00000000,94.69756566,106.72863180,101.68074366,1745.79450000,13345.52800268,7912.94957600
9,668,0.000000,0.214000,0.00000000,106.72863180,0.00000000,0.08407230,0.00000000,0.00000000,94.69756566,106.72863180,101.68074366,1745.79450000,13694.68690251,7912.94957600
9,669,0.000000,0.221000,0.00000000,106.72863180,0.00000000,3.57794580,0.00000000,0.00000000,94.69756566,106.72863180,101.68074366,1745.79450000,14043.84580235,7912.94957600
9,670,0.000000,0.231000,0.00000000,106.72863180,0.00000000,8.56919365,0.00000000,0.00000000,94.69756566,106.72863180,101.68074366,1745.79450000,14393.00470219,7912.94957600
9,671,0.000000,0.249000,0.00000000,106.72863180,0.00000000,17.55343979,0.00000000,0.00000000,94.69756566,106.72863180,101.68074366,1745.79450000,14742.16360202,7912.94957600
9,672,0.000000,0.259000,0.00000000,106.72863180,0.00000000,22.54468765,0.00000000,0.00000000,94.69756566,106.72863180,101.68074366,1745.79450000,15091.32250186,7912.94957600
9,673,0.000000,0.276000,0.00000000,72.94337341,0.00000000,64.81506740,0.00000000,0.00000000,63.67817400,72.94337341,68.65710075,1244.73168631,14939.41858801,7912.94957600
9,674,0.000000,0.286000,0.00000000,106.72863180,0.00000000,36.02105686,0.00000000,0.00000000,94.69756566,106.72863180,101.68074366,1745.79450000,15288.57748784,7912.94957600
9,675,0.000000,0.273000,0.00000000,72.94337341,0.00000000,63.31769304,0.00000000,0.00000000,63.67817400,72.94337341,68.65710075,1244.73168631,15136.67357399,7912.94957600
9,676,0.000000,0.251000,0.00000000,106.72863180,0.00000000,18.55168937,0.00000000,0.00000000,94.69756566,106.72863180,101.68074366,1745.79450000,15485.83247383,7912.94957600
9,677,0.000000,0.233000,0.00000000,106.72863180,0.00000000,9.56744323,0.00000000,0.00000000,94.69756566,106.72863180,101.68074366,1745.79450000,15834.99137366,7912.94957600
9,678,0.003000,0.208000,0.47994646,103.81795539,0.00000000,0.00000000,0.00000000,0.00000000,92.46183149,104.29790185,99.30370820,1710.46917804,16148.82495154,7912.94957600
9,679,0.148000,0.169000,23.67735893,83.64984299,0.00000000,0.70224576,0.00000000,0.00000000,94.69756566,107.32720193,101.68074366,1745.79450000,16148.82495133,9891.18697000
9,680,0.351000,0.193000,56.15373639,51.17346553,0.00000000,45.15761807,0.00000000,0.00000000,94.69756566,107.32720193,101.68074366,1745.79450000,16148.82495113,9891.18697000
9,681,0.511000,0.189000,81.75088119,25.57632074,0.00000000,68.75826373,0.00000000,0.00000000,94.69756566,107.32720193,101.68074366,1745.79450000,16148.82495092,9891.18697000
9,682,0.628000,0.185000,100.46879332,6.25983848,0.00000000,86.07824684,0.00000000,0.00000000,94.69756566,106.72863180,101.68074366,1745.79450000,16497.98385076,7912.94957600
9,683,0.695000,0.191000,107.32720193,0.00000000,3.86039578,95.33283403,0.00000000,0.00000000,94.69756566,107.32720193,101.68074366,1745.79450000,16497.98385055,9891.18697000
9,684,0.713000,0.204000,106.72863180,0.00000000,7.33864469,101.82145625,0.00000000,0.00000000,94.69756566,106.72863180,101.68074366,1745.79450000,16847.14275039,7912.94957600
9,685,0.676000,0.221000,0.00000000,73.54194353,108.14793676,36.76463407,0.00000000,0.00000000,63.67817400,73.54194353,68.65710075,1244.73168631,16346.07993649,9891.18697000
9,686,0.604000,0.237000,96.62922160,10.69798033,0.00000000,107.59459384,0.00000000,0.00000000,94.69756566,107.32720193,101.68074366,1745.79450000,16346.07993629,9891.18697000
9,687,0.491000,0.259000,78.55123809,28.77596384,0.00000000,100.49735561,0.00000000,0.00000000,94.69756566,107.32720193,101.68074366,1745.79450000,16346.07993608,9891.18697000
9,688,0.332000,0.270000,53.11407545,53.61455635,0.00000000,81.14913574,0.00000000,0.00000000,94.69756566,106.72863180,101.68074366,1745.79450000,16695.23883592,7912.94957600
9,689,0.139000,0.249000,22.23751954,85.08968239,0.00000000,39.19238921,0.00000000,0.00000000,94.69756566,107.32720193,101.68074366,1745.79450000,16695.23883572,9891.18697000
9,690,0.002000,0.243000,0.31996431,107.00723762,0.00000000,14.28008527,0.00000000,0.00000000,94.69756566,107.32720193,101.68074366,1745.79450000,16695.23883551,9891.18697000
9,691,0.000000,0.270000,0.00000000,107.32720193,0.00000000,27.43649017,0.00000000,0.00000000,94.69756566,107.32720193,101.68074366,1745.79450000,16695.23883531,9891.18697000
9,692,0.000000,0.300000,0.00000000,89.89674172,0.00000000,59.84069394,0.00000000,0.00000000,78.66539600,89.89674172,84.63531998,1492.48099468,16441.92532978,9891.18697000
9,693,0.000000,0.346000,0.00000000,106.72863180,0.00000000,65.96854399,0.00000000,0.00000000,94.69756566,106.72863180,101.68074366,1745.79450000,16791.08422961,7912.94957600
9,694,0.000000,0.358000,0.00000000,107.32720193,0.00000000,71.35947129,0.00000000,0.00000000,94.69756566,107.32720193,101.68074366,1745.79450000,16791.08422941,9891.18697000
9,695,0.000000,0.308000,0.00000000,107.32720193,0.00000000,46.40323201,0.00000000,0.00000000,94.69756566,107.32720193,101.68074366,1745.79450000,16791.08422920,9891.18697000
9,696,0.000000,0.253000,0.00000000,106.72863180,0.00000000,19.54993894,0.00000000,0.00000000,94.69756566,106.72863180,101.68074366,1745.79450000,17140.24312904,7912.94957600
9,697,0.000000,0.213000,0.00000000,106.31357932,0.00000000,0.00000000,0.00000000,0.00000000,93.76525695,106.31357932,100.68951183,1731.06372126,17125.51235009,9891.18697000
9,698,0.000000,0.188000,0.00000000,93.83545968,0.00000000,0.00000000,0.00000000,0.00000000,82.83869771,93.83545968,89.07237993,1558.42055628,17287.29730621,7912.94957600
9,699,0.000000,0.169000,0.00000000,84.35208875,0.00000000,0.00000000,0.00000000,0.00000000,73.58438252,84.35208875,79.21833586,1408.48833562,16949.99114162,9891.18697000
9,700,0.000000,0.157000,0.00000000,78.36259133,0.00000000,0.00000000,0.00000000,0.00000000,68.09572211,78.36259133,73.36675007,1317.75699163,16521.95363305,9891.18697000
9,701,0.000000,0.150000,0.00000000,58.26858481,0.00000000,16.60013302,0.00000000,0.00000000,49.73928100,58.26858481,53.75120360,1002.98064984,15779.13978268,9891.18697000
9,702,0.002000,0.143000,0.31996431,43.75724538,0.00000000,27.61759895,0.00000000,0.00000000,36.84682300,44.07720969,39.91750131,767.66957627,14801.01485874,9891.18697000
9,703,0.117000,0.138000,18.71791213,68.87922040,0.00000000,0.00000000,0.00000000,0.00000000,76.55807831,87.59713253,82.38866063,1457.64557912,14512.86593766,9891.18697000
9,704,0.261000,0.203000,0.00000000,89.89674172,41.75534245,11.42558974,0.00000000,0.00000000,78.66539600,89.89674172,84.63531998,1492.48099468,14259.55243213,9891.18697000
9,705,0.386000,0.191000,61.75311182,45.57409011,0.00000000,49.75874393,0.00000000,0.00000000,94.69756566,107.32720193,101.68074366,1745.79450000,14259.55243192,9891.18697000
9,706,0.465000,0.169000,73.54194353,0.00000000,0.84975853,84.35208875,0.00000000,0.00000000,63.67817400,73.54194353,68.65710075,1244.73168631,13758.48961803,9891.18697000
9,707,0.510000,0.152000,81.59089903,25.73630289,0.00000000,50.13066451,0.00000000,0.00000000,94.69756566,107.32720193,101.68074366,1745.79450000,13758.48961782,9891.18697000
9,708,0.523000,0.138000,83.67066705,23.65653488,0.00000000,45.22268552,0.00000000,0.00000000,94.69756566,107.32720193,101.68074366,1745.79450000,13758.48961762,9891.18697000
9,709,0.479000,0.131000,76.63145223,30.69574970,0.00000000,34.68959721,0.00000000,0.00000000,94.69756566,107.32720193,101.68074366,1745.79450000,13758.48961741,9891.18697000
9,710,0.412000,0.132000,65.91264785,41.41455408,0.00000000,24.46991761,0.00000000,0.00000000,94.69756566,107.32720193,101.68074366,1745.79450000,13758.48961721,9891.18697000
9,711,0.317000,0.130000,50.71434312,56.61285880,0.00000000,8.27336332,0.00000000,0.00000000,94.69756566,107.32720193,101.68074366,1745.79450000,13758.48961700,9891.18697000
9,712,0.203000,0.133000,32.47637746,25.19363723,0.00000000,41.18995925,0.00000000,0.00000000,49.73928100,57.67001469,53.75120360,1002.98064984,13364.83466668,7912.94957600
9,713,0.082000,0.140000,13.11853671,69.87746997,0.00000000,0.00000000,0.00000000,0.00000000,72.34169495,82.99600668,77.89347836,1387.94585262,13006.98601909,9891.18697000
9,714,0.000000,0.180000,0.00000000,89.84246139,0.00000000,0.00000000,0.00000000,0.00000000,78.61565456,89.84246139,84.58228949,1491.65873427,12752.85025316,9891.18697000
9,715,0.000000,0.266000,0.00000000,107.32720193,0.00000000,25.43999102,0.00000000,0.00000000,94.69756566,107.32720193,101.68074366,1745.79450000,12752.85025295,9891.18697000
9,716,0.000000,0.361000,0.00000000,107.32720193,0.00000000,72.85684565,0.00000000,0.00000000,94.69756566,107.32720193,101.68074366,1745.79450000,12752.85025275,9891.18697000
9,717,0.000000,0.432000,0.00000000,89.29817159,0.00000000,126.32373575,0.00000000,0.00000000,78.66539600,89.29817159,84.63531998,1492.48099468,12848.69564726,7912.94957600
9,718,0.000000,0.447000,0.00000000,106.72863180,0.00000000,116.38014733,0.00000000,0.00000000,94.69756566,106.72863180,101.68074366,1745.79450000,13197.85454710,7912.94957600
9,719,0.000000,0.438000,0.00000000,107.32720193,0.00000000,111.28945413,0.00000000,0.00000000,94.69756566,107.32720193,101.68074366,1745.79450000,13197.85454689,9891.18697000
9,720,0.000000,0.420000,0.00000000,107.32720193,0.00000000,102.30520799,0.00000000,0.00000000,94.69756566,107.32720193,101.68074366,1745.79450000,13197.85454669,9891.18697000
9,721,0.000000,0.388000,0.00000000,106.72863180,0.00000000,86.93178498,0.00000000,0.00000000,94.69756566,106.72863180,101.68074366,1745.79450000,13547.01344652,7912.94957600
9,722,0.000000,0.361000,0.00000000,107.32720193,0.00000000,72.85684565,0.00000000,0.00000000,94.69756566,107.32720193,101.68074366,1745.79450000,13547.01344632,9891.18697000
9,723,0.000000,0.362000,0.00000000,107.32720193,0.00000000,73.35597043,0.00000000,0.00000000,94.69756566,107.32720193,101.68074366,1745.79450000,13547.01344611,9891.18697000
9,724,0.000000,0.354000,0.00000000,107.32720193,0.00000000,69.36297215,0.00000000,0.00000000,94.69756566,107.32720193,101.68074366,1745.79450000,13547.01344591,9891.18697000
9,725,0.000000,0.337000,0.00000000,107.32720193,0.00000000,60.87785080,0.00000000,0.00000000,94.69756566,107.32720193,101.68074366,1745.79450000,13547.01344570,9891.18697000
9,726,0.004000,0.339000,0.63992862,106.68727331,0.00000000,62.51602899,0.00000000,0.00000000,94.69756566,107.32720193,101.68074366,1745.79450000,13547.01344550,9891.18697000
9,727,0.151000,0.350000,24.15730540,83.13600531,0.00000000,91.55766962,0.00000000,0.00000000,94.69756566,107.29331071,101.68074366,1745.79450000,13566.78292316,9779.17859680
9,728,0.344000,0.524000,55.03386131,51.69477049,0.00000000,209.84661712,0.00000000,0.00000000,94.69756566,106.72863180,101.68074366,1745.79450000,13915.94182300,7912.94957600
9,729,0.503000,0.556000,80.47102395,26.85617798,0.00000000,250.65720277,0.00000000,0.00000000,94.69756566,107.32720193,101.68074366,1745.79450000,13915.94182279,9891.18697000
9,730,0.613000,0.522000,98.06906099,9.25814093,0.00000000,251.28499711,0.00000000,0.00000000,94.69756566,107.32720193,101.68074366,1745.79450000,13915.94182259,9891.18697000
9,731,0.679000,0.480000,107.32720193,0.00000000,1.30068130,239.57989705,0.00000000,0.00000000,94.69756566,107.32720193,101.68074366,1745.79450000,13915.94182238,9891.18697000
9,732,0.703000,0.440000,107.32720193,0.00000000,5.14025302,219.61490563,0.00000000,0.00000000,94.69756566,107.32720193,101.68074366,1745.79450000,13915.94182218,9891.18697000
9,733,0.688000,0.420000,107.32720193,0.00000000,2.74052069,209.63240992,0.00000000,0.00000000,94.69756566,107.32720193,101.68074366,1745.79450000,13915.94182197,9891.18697000
9,734,0.625000,0.422000,99.98884685,7.33835507,0.00000000,203.29230442,0.00000000,0.00000000,94.69756566,107.32720193,101.68074366,1745.79450000,13915.94182177,9891.18697000
9,735,0.506000,0.441000,80.95097041,26.37623151,0.00000000,193.73779890,0.00000000,0.00000000,94.69756566,107.32720193,101.68074366,1745.79450000,13915.94182156,9891.18697000
9,736,0.339000,0.460000,54.23395053,53.09325139,0.00000000,176.50414995,0.00000000,0.00000000,94.69756566,107.32720193,101.68074366,1745.79450000,13915.94182136,9891.18697000
9,737,0.139000,0.467000,22.23751954,85.08968239,0.00000000,148.00159245,0.00000000,0.00000000,94.69756566,107.32720193,101.68074366,1745.79450000,13915.94182115,9891.18697000
9,738,0.002000,0.483000,0.31996431,107.00723762,0.00000000,134.07003379,0.00000000,0.00000000,94.69756566,107.32720193,101.68074366,1745.79450000,13915.94182095,9891.18697000
9,739,0.000000,0.534000,0.00000000,107.32720193,0.00000000,159.20543354,0.00000000,0.00000000,94.69756566,107.32720193,101.68074366,1745.79450000,13915.94182074,9891.18697000
9,740,0.000000,0.550000,0.00000000,107.32720193,0.00000000,167.19143011,0.00000000,0.00000000,94.69756566,107.32720193,101.68074366,1745.79450000,13915.94182054,9891.18697000
9,741,0.000000,0.534000,0.00000000,107.32720193,0.00000000,159.20543354,0.00000000,0.00000000,94.69756566,107.32720193,101.68074366,1745.79450000,13915.94182033,9891.18697000
9,742,0.000000,0.521000,0.00000000,107.32720193,0.00000000,152.71681133,0.00000000,0.00000000,94.69756566,107.32720193,101.68074366,1745.79450000,13915.94182013,9891.18697000
9,743,0.000000,0.494000,0.00000000,107.32720193,0.00000000,139.24044212,0.00000000,0.00000000,94.69756566,107.32720193,101.68074366,1745.79450000,13915.94181992,9891.18697000
9,744,0.000000,0.459000,0.00000000,107.32720193,0.00000000,121.77107463,0.00000000,0.00000000,94.69756566,107.32720193,101.68074366,1745.79450000,13915.94181972,9891.18697000
10,1,0.000000,0.292000,0.00000000,106.72863180,0.00000000,39.01580557,0.00000000,0.00000000,94.69756566,106.72863180,101.68074366,1745.79450000,14265.10071956,7912.94957600
10,2,0.000000,0.295000,0.00000000,106.72863180,0.00000000,40.51317993,0.00000000,0.00000000,94.69756566,106.72863180,101.68074366,1745.79450000,14614.25961939,7912.94957600
10,3,0.000000,0.325000,0.00000000,2.39428050,0.00000000,159.82127479,0.00000000,0.00000000,0.00000000,2.39428050,0.00000000,0.00000000,13217.62401923,7912.94957600
10,4,0.000000,0.364000,0.00000000,106.72863180,0.00000000,74.95279013,0.00000000,0.00000000,94.69756566,106.72863180,101.68074366,1745.79450000,13566.78291906,7912.94957600
10,5,0.000000,0.395000,0.00000000,106.72863180,0.00000000,90.42565848,0.00000000,0.00000000,94.69756566,106.72863180,101.68074366,1745.79450000,13915.94181890,7912.94957600
10,6,0.000000,0.402000,0.00000000,2.39428050,0.00000000,198.25388328,0.00000000,0.00000000,0.00000000,2.39428050,0.00000000,0.00000000,12519.30621874,7912.94957600
10,7,0.103000,0.300000,2.39428050,0.00000000,14.08388146,149.73743566,0.00000000,0.00000000,0.00000000,2.39428050,0.00000000,0.00000000,11122.67061857,7912.94957600
10,8,0.281000,0.395000,44.95498555,61.77364626,0.00000000,135.38064403,0.00000000,0.00000000,94.69756566,106.72863180,101.68074366,1745.79450000,11471.82951841,7912.94957600
10,9,0.442000,0.365000,2.39428050,0.00000000,68.31783199,182.18054672,0.00000000,0.00000000,0.00000000,2.39428050,0.00000000,0.00000000,10075.19391824,7912.94957600
10,10,0.561000,0.291000,89.74998894,16.97864286,0.00000000,128.26666972,0.00000000,0.00000000,94.69756566,106.72863180,101.68074366,1745.79450000,10424.35281808,7912.94957600
10,11,0.630000,0.241000,0.00000000,106.72863180,100.78875763,13.56044151,0.00000000,0.00000000,94.69756566,106.72863180,101.68074366,1745.79450000,10773.51171792,7912.94957600
10,12,0.647000,0.183000,2.39428050,0.00000000,101.11417376,91.33983575,0.00000000,0.00000000,0.00000000,2.39428050,0.00000000,0.00000000,9376.87611775,7912.94957600
10,13,0.621000,0.127000,2.39428050,0.00000000,96.95463773,63.38884776,0.00000000,0.00000000,0.00000000,2.39428050,0.00000000,0.00000000,7980.24051759,7912.94957600
10,14,0.538000,0.100000,72.94337341,0.00000000,13.12702596,49.91247855,0.00000000,0.00000000,63.67817400,72.94337341,68.65710075,1244.73168631,7828.33660374,7912.94957600
10,15,0.411000,0.106000,65.75266569,40.97596611,0.00000000,11.93126116,0.00000000,0.00000000,94.69756566,106.72863180,101.68074366,1745.79450000,8177.49550357,7912.94957600
10,16,0.246000,0.137000,39.35561012,67.37302168,0.00000000,1.00707394,0.00000000,0.00000000,94.69756566,106.72863180,101.68074366,1745.79450000,8526.65440341,7912.94957600
10,17,0.068000,0.198000,10.87878654,95.84984526,0.00000000,2.97686227,0.00000000,0.00000000,94.69756566,106.72863180,101.68074366,1745.79450000,8875.81330324,7912.94957600
10,18,0.000000,0.288000,0.00000000,106.72863180,0.00000000,37.01930643,0.00000000,0.00000000,94.69756566,106.72863180,101.68074366,1745.79450000,9224.97220308,7912.94957600
10,19,0.000000,0.308000,0.00000000,72.94337341,0.00000000,80.78706053,0.00000000,0.00000000,63.67817400,72.94337341,68.65710075,1244.73168631,9073.06828923,7912.94957600
10,20,0.000000,0.281000,0.00000000,106.72863180,0.00000000,33.52543293,0.00000000,0.00000000,94.69756566,106.72863180,101.68074366,1745.79450000,9422.22718906,7912.94957600
10,21,0.000000,0.269000,0.00000000,106.72863180,0.00000000,27.53593550,0.00000000,0.00000000,94.69756566,106.72863180,101.68074366,1745.79450000,9771.38608890,7912.94957600
10,22,0.000000,0.265000,0.00000000,106.72863180,0.00000000,25.53943636,0.00000000,0.00000000,94.69756566,106.72863180,101.68074366,1745.79450000,10120.54498873,7912.94957600
10,23,0.000000,0.264000,0.00000000,72.94337341,0.00000000,58.82556997,0.00000000,0.00000000,63.67817400,72.94337341,68.65710075,1244.73168631,9968.64107488,7912.94957600
10,24,0.000000,0.259000,0.00000000,106.72863180,0.00000000,22.54468765,0.00000000,0.00000000,94.69756566,106.72863180,101.68074366,1745.79450000,10317.79997472,7912.94957600
10,25,0.000000,0.251000,0.00000000,72.94337341,0.00000000,52.33694776,0.00000000,0.00000000,63.67817400,72.94337341,68.65710075,1244.73168631,10165.89606087,7912.94957600
10,26,0.000000,0.241000,0.00000000,106.72863180,0.00000000,13.56044151,0.00000000,0.00000000,94.69756566,106.72863180,101.68074366,1745.79450000,10515.05496070,7912.94957600
10,27,0.000000,0.224000,0.00000000,106.72863180,0.00000000,5.07532016,0.00000000,0.00000000,94.69756566,106.72863180,101.68074366,1745.79450000,10864.21386054,7912.94957600
10,28,0.000000,0.203000,0.00000000,72.94337341,0.00000000,28.37895805,0.00000000,0.00000000,63.67817400,72.94337341,68.65710075,1244.73168631,10712.30994669,7912.94957600
10,29,0.000000,0.181000,0.00000000,89.29817159,0.00000000,1.04341459,0.00000000,0.00000000,78.66539600,89.29817159,84.63531998,1492.48099468,10808.15534120,7912.94957600
10,30,0.000000,0.163000,0.00000000,72.94337341,0.00000000,8.41396663,0.00000000,0.00000000,63.67817400,72.94337341,68.65710075,1244.73168631,10656.25142734,7912.94957600
10,31,0.100000,0.120000,2.39428050,0.00000000,13.60393500,59.89497426,0.00000000,0.00000000,0.00000000,2.39428050,0.00000000,0.00000000,9259.61582718,7912.94957600
10,32,0.293000,0.170000,46.87477140,59.85386040,0.00000000,24.99735314,0.00000000,0.00000000,94.69756566,106.72863180,101.68074366,1745.79450000,9608.77472702,7912.94957600
10,33,0.472000,0.164000,72.94337341,0.00000000,2.56820374,81.85646483,0.00000000,0.00000000,63.67817400,72.94337341,68.65710075,1244.73168631,9456.87081316,7912.94957600
10,34,0.596000,0.137000,95.34936436,11.37926744,0.00000000,57.00082818,0.00000000,0.00000000,94.69756566,106.72863180,101.68074366,1745.79450000,9806.02971300,7912.94957600
10,35,0.667000,0.107000,53.32227975,53.40635205,53.38581761,0.00000000,0.00000000,0.00000000,94.69756566,106.72863180,101.68074366,1745.79450000,10155.18861284,7912.94957600
10,36,0.689000,0.083000,106.72863180,0.00000000,3.49907297,41.42735720,0.00000000,0.00000000,94.69756566,106.72863180,101.68074366,1745.79450000,10504.34751267,7912.94957600
10,37,0.664000,0.071000,72.94337341,0.00000000,33.28477749,35.43785977,0.00000000,0.00000000,63.67817400,72.94337341,68.65710075,1244.73168631,10352.44359882,7912.94957600
10,38,0.593000,0.070000,94.86941789,11.85921391,0.00000000,23.07952108,0.00000000,0.00000000,94.69756566,106.72863180,101.68074366,1745.79450000,10701.60249866,7912.94957600
10,39,0.474000,0.079000,33.51251535,39.43085806,42.31902610,0.00000000,0.00000000,0.00000000,63.67817400,72.94337341,68.65710075,1244.73168631,10549.69858480,7912.94957600
10,40,0.307000,0.099000,49.11452157,49.41335377,0.00000000,0.00000000,0.00000000,0.00000000,87.15468273,98.52787534,93.66114078,1626.61451352,10779.67749815,7912.94957600
10,41,0.103000,0.148000,16.47816196,72.82000963,0.00000000,1.05045863,0.00000000,0.00000000,78.66539600,89.29817159,84.63531998,1492.48099468,10875.52289267,7912.94957600
10,42,0.000000,0.246000,0.00000000,106.72863180,0.00000000,16.05606544,0.00000000,0.00000000,94.69756566,106.72863180,101.68074366,1745.79450000,11224.68179250,7912.94957600
10,43,0.000000,0.296000,0.00000000,106.72863180,0.00000000,41.01230471,0.00000000,0.00000000,94.69756566,106.72863180,101.68074366,1745.79450000,11573.84069234,7912.94957600
10,44,0.000000,0.297000,0.00000000,106.72863180,0.00000000,41.51142950,0.00000000,0.00000000,94.69756566,106.72863180,101.68074366,1745.79450000,11922.99959217,7912.94957600
10,45,0.000000,0.284000,0.00000000,72.94337341,0.00000000,68.80806568,0.00000000,0.00000000,63.67817400,72.94337341,68.65710075,1244.73168631,11771.09567832,7912.94957600
10,46,0.000000,0.251000,0.00000000,106.72863180,0.00000000,18.55168937,0.00000000,0.00000000,94.69756566,106.72863180,101.68074366,1745.79450000,12120.25457816,7912.94957600
10,47,0.000000,0.224000,0.00000000,106.72863180,0.00000000,5.07532016,0.00000000,0.00000000,94.69756566,106.72863180,101.68074366,1745.79450000,12469.41347799,7912.94957600
10,48,0.000000,0.201000,0.00000000,100.32408189,0.00000000,0.00000000,0.00000000,0.00000000,88.80679565,100.32408189,95.41766937,1652.71843128,12725.49630911,7912.94957600
10,49,0.000000,0.181000,0.00000000,89.29817159,0.00000000,1.04341459,0.00000000,0.00000000,78.66539600,89.29817159,84.63531998,1492.48099468,12821.34170362,7912.94957600
10,50,0.000000,0.177000,0.00000000,2.39428050,0.00000000,85.95080654,0.00000000,0.00000000,0.00000000,2.39428050,0.00000000,0.00000000,11424.70610345,7912.94957600
10,51,0.000000,0.183000,0.00000000,57.67001469,0.00000000,33.66982106,0.00000000,0.00000000,49.73928100,57.67001469,53.75120360,1002.98064984,11031.05115312,7912.94957600
10,52,0.000000,0.186000,0.00000000,92.83721011,0.00000000,0.00000000,0.00000000,0.00000000,81.92052879,92.83721011,88.09618156,1543.91319090,11178.32874386,7912.94957600
10,53,0.000000,0.187000,0.00000000,89.29817159,0.00000000,4.03816330,0.00000000,0.00000000,78.66539600,89.29817159,84.63531998,1492.48099468,11274.17413837,7912.94957600
10,54,0.000000,0.189000,0.00000000,94.33458446,0.00000000,0.00000000,0.00000000,0.00000000,83.29778216,94.33458446,89.56047912,1565.67423897,11443.21277718,7912.94957600
10,55,0.114000,0.153000,18.23796567,76.36609218,0.00000000,0.00000000,0.00000000,0.00000000,83.54563811,94.60405785,89.82399988,1569.59044290,11616.16761991,7912.94957600
10,56,0.306000,0.223000,48.95453942,57.77409238,0.00000000,53.53073479,0.00000000,0.00000000,94.69756566,106.72863180,101.68074366,1745.79450000,11965.32651975,7912.94957600
10,57,0.475000,0.233000,75.99152361,30.73710819,0.00000000,85.55896683,0.00000000,0.00000000,94.69756566,106.72863180,101.68074366,1745.79450000,12314.48541958,7912.94957600
10,58,0.589000,0.203000,94.22948927,12.49914253,0.00000000,88.82318894,0.00000000,0.00000000,94.69756566,106.72863180,101.68074366,1745.79450000,12663.64431942,7912.94957600
10,59,0.658000,0.162000,105.26825797,1.46037383,0.00000000,79.39784142,0.00000000,0.00000000,94.69756566,106.72863180,101.68074366,1745.79450000,13012.80321926,7912.94957600
10,60,0.676000,0.128000,106.72863180,0.00000000,1.41930496,63.88797255,0.00000000,0.00000000,94.69756566,106.72863180,101.68074366,1745.79450000,13361.96211909,7912.94957600
10,61,0.643000,0.114000,102.86852564,3.86010616,0.00000000,53.04011939,0.00000000,0.00000000,94.69756566,106.72863180,101.68074366,1745.79450000,13711.12101893,7912.94957600
10,62,0.558000,0.114000,89.27004247,17.45858933,0.00000000,39.44163622,0.00000000,0.00000000,94.69756566,106.72863180,101.68074366,1745.79450000,14060.27991876,7912.94957600
10,63,0.442000,0.126000,70.71211249,36.01651931,0.00000000,26.87320367,0.00000000,0.00000000,94.69756566,106.72863180,101.68074366,1745.79450000,14409.43881860,7912.94957600
10,64,0.276000,0.152000,44.15507477,13.51493992,0.00000000,62.35202748,0.00000000,0.00000000,49.73928100,57.67001469,53.75120360,1002.98064984,14015.78386827,7912.94957600
10,65,0.091000,0.200000,14.55837610,92.17025570,0.00000000,7.65470141,0.00000000,0.00000000,94.69756566,106.72863180,101.68074366,1745.79450000,14364.94276811,7912.94957600
10,66,0.000000,0.302000,0.00000000,106.72863180,0.00000000,44.00705343,0.00000000,0.00000000,94.69756566,106.72863180,101.68074366,1745.79450000,14714.10166794,7912.94957600
10,67,0.000000,0.418000,0.00000000,72.94337341,0.00000000,135.69078694,0.00000000,0.00000000,63.67817400,72.94337341,68.65710075,1244.73168631,14562.19775409,7912.94957600
10,68,0.000000,0.482000,0.00000000,106.72863180,0.00000000,133.84951482,0.00000000,0.00000000,94.69756566,106.72863180,101.68074366,1745.79450000,14911.35665393,7912.94957600
10,69,0.000000,0.506000,0.00000000,89.29817159,0.00000000,163.25896988,0.00000000,0.00000000,78.66539600,89.29817159,84.63531998,1492.48099468,15007.20204844,7912.94957600
10,70,0.000000,0.459000,0.00000000,106.72863180,0.00000000,122.36964475,0.00000000,0.00000000,94.69756566,106.72863180,101.68074366,1745.79450000,15356.36094827,7912.94957600
10,71,0.000000,0.424000,0.00000000,106.72863180,0.00000000,104.90027726,0.00000000,0.00000000,94.69756566,106.72863180,101.68074366,1745.79450000,15705.51984811,7912.94957600
10,72,0.000000,0.388000,0.00000000,89.29817159,0.00000000,104.36224519,0.00000000,0.00000000,78.66539600,89.29817159,84.63531998,1492.48099468,15801.36524262,7912.94957600
10,73,0.000000,0.337000,0.00000000,89.29817159,0.00000000,78.90688113,0.00000000,0.00000000,78.66539600,89.29817159,84.63531998,1492.48099468,15897.21063713,7912.94957600
10,74,0.000000,0.299000,0.00000000,106.72863180,0.00000000,42.50967907,0.00000000,0.00000000,94.69756566,106.72863180,101.68074366,1745.79450000,16246.36953697,7912.94957600
10,75,0.000000,0.291000,0.00000000,106.72863180,0.00000000,38.51668079,0.00000000,0.00000000,94.69756566,106.72863180,101.68074366,1745.79450000,16595.52843680,7912.94957600
10,76,0.000000,0.305000,0.00000000,106.72863180,0.00000000,45.50442778,0.00000000,0.00000000,94.69756566,106.72863180,101.68074366,1745.79450000,16944.68733664,7912.94957600
10,77,0.000000,0.305000,0.00000000,106.72863180,0.00000000,45.50442778,0.00000000,0.00000000,94.69756566,106.72863180,101.68074366,1745.79450000,17293.84623648,7912.94957600
10,78,0.000000,0.281000,0.00000000,106.72863180,0.00000000,33.52543293,0.00000000,0.00000000,94.69756566,106.72863180,101.68074366,1745.79450000,17643.00513631,7912.94957600
10,79,0.122000,0.218000,19.51782291,53.42555050,0.00000000,55.38365274,0.00000000,0.00000000,63.67817400,72.94337341,68.65710075,1244.73168631,17491.10122246,7912.94957600
10,80,0.318000,0.315000,50.87432528,55.85430652,0.00000000,101.37000092,0.00000000,0.00000000,94.69756566,106.72863180,101.68074366,1745.79450000,17840.26012230,7912.94957600
10,81,0.487000,0.326000,77.91130947,28.81732233,0.00000000,133.89735775,0.00000000,0.00000000,94.69756566,106.72863180,101.68074366,1745.79450000,18189.41902213,7912.94957600
10,82,0.601000,0.284000,96.14927513,10.57935667,0.00000000,131.17208242,0.00000000,0.00000000,94.69756566,106.72863180,101.68074366,1745.79450000,18538.57792197,7912.94957600
10,83,0.665000,0.237000,106.38813305,0.34049875,0.00000000,117.95207542,0.00000000,0.00000000,94.69756566,106.72863180,101.68074366,1745.79450000,18887.73682180,7912.94957600
10,84,0.683000,0.195000,89.29817159,0.00000000,19.96964025,97.32933318,0.00000000,0.00000000,78.66539600,89.29817159,84.63531998,1492.48099468,18983.58221632,7912.94957600
10,85,0.655000,0.179000,104.78831150,1.94032030,0.00000000,87.40301631,0.00000000,0.00000000,94.69756566,106.72863180,101.68074366,1745.79450000,19332.74111615,7912.94957600
10,86,0.572000,0.185000,91.50979264,15.21883916,0.00000000,77.11924616,0.00000000,0.00000000,94.69756566,106.72863180,101.68074366,1745.79450000,19681.90001599,7912.94957600
10,87,0.422000,0.206000,67.51246940,39.21616241,0.00000000,63.60354341,0.00000000,0.00000000,94.69756566,106.72863180,101.68074366,1745.79450000,20031.05891582,7912.94957600
10,88,0.242000,0.242000,38.71568150,68.01295030,0.00000000,52.77524780,0.00000000,0.00000000,94.69756566,106.72863180,101.68074366,1745.79450000,20380.21781566,7912.94957600
10,89,0.073000,0.284000,11.67869731,95.04993449,0.00000000,46.70150460,0.00000000,0.00000000,94.69756566,106.72863180,101.68074366,1745.79450000,20729.37671550,7912.94957600
10,90,0.000000,0.323000,0.00000000,106.72863180,0.00000000,54.48867392,0.00000000,0.00000000,94.69756566,106.72863180,101.68074366,1745.79450000,21078.53561533,7912.94957600
10,91,0.000000,0.348000,0.00000000,72.94337341,0.00000000,100.75205195,0.00000000,0.00000000,63.67817400,72.94337341,68.65710075,1244.73168631,20926.63170148,7912.94957600
10,92,0.000000,0.361000,0.00000000,106.72863180,0.00000000,73.45541577,0.00000000,0.00000000,94.69756566,106.72863180,101.68074366,1745.79450000,21275.79060132,7912.94957600
10,93,0.000000,0.358000,0.00000000,106.72863180,0.00000000,71.95804142,0.00000000,0.00000000,94.69756566,106.72863180,101.68074366,1745.79450000,21624.94950115,7912.94957600
10,94,0.000000,0.343000,0.00000000,106.72863180,0.00000000,64.47116963,0.00000000,0.00000000,94.69756566,106.72863180,101.68074366,1745.79450000,21974.10840099,7912.94957600
10,95,0.000000,0.314000,0.00000000,106.72863180,0.00000000,49.99655085,0.00000000,0.00000000,94.69756566,106.72863180,101.68074366,1745.79450000,22323.26730082,7912.94957600
10,96,0.000000,0.282000,0.00000000,106.72863180,0.00000000,34.02455772,0.00000000,0.00000000,94.69756566,106.72863180,101.68074366,1745.79450000,22672.42620066,7912.94957600
10,97,0.000000,0.257000,0.00000000,106.72863180,0.00000000,21.54643808,0.00000000,0.00000000,94.69756566,106.72863180,101.68074366,1745.79450000,23021.58510050,7912.94957600
10,98,0.000000,0.256000,0.00000000,106.72863180,0.00000000,21.04731329,0.00000000,0.00000000,94.69756566,106.72863180,101.68074366,1745.79450000,23370.74400033,7912.94957600
10,99,0.000000,0.270000,0.00000000,106.72863180,0.00000000,28.03506029,0.00000000,0.00000000,94.69756566,106.72863180,101.68074366,1745.79450000,23719.90290017,7912.94957600
10,100,0.000000,0.301000,0.00000000,106.72863180,0.00000000,43.50792864,0.00000000,0.00000000,94.69756566,106.72863180,101.68074366,1745.79450000,24069.06180000,7912.94957600
10,101,0.000000,0.315000,0.00000000,89.29817159,0.00000000,67.92613585,0.00000000,0.00000000,78.66539600,89.29817159,84.63531998,1492.48099468,24164.90719451,7912.94957600
10,102,0.000000,0.316000,0.00000000,106.72863180,0.00000000,50.99480042,0.00000000,0.00000000,94.69756566,106.72863180,101.68074366,1745.79450000,24514.06609435,7912.94957600
10,103,0.100000,0.274000,15.99821550,56.94515791,0.00000000,79.81503332,0.00000000,0.00000000,63.67817400,72.94337341,68.65710075,1244.73168631,24362.16218050,7912.94957600
10,104,0.305000,0.401000,48.79455726,57.93407454,0.00000000,142.21496446,0.00000000,0.00000000,94.69756566,106.72863180,101.68074366,1745.79450000,24711.32108033,7912.94957600
10,105,0.471000,0.467000,75.35159499,31.37703681,0.00000000,201.71423803,0.00000000,0.00000000,94.69756566,106.72863180,101.68074366,1745.79450000,25060.47998017,7912.94957600
10,106,0.589000,0.460000,0.00000000,89.29817159,94.22948927,140.29922975,0.00000000,0.00000000,78.66539600,89.29817159,84.63531998,1492.48099468,25156.32537468,7912.94957600
10,107,0.658000,0.431000,105.26825797,1.46037383,0.00000000,213.66240873,0.00000000,0.00000000,94.69756566,106.72863180,101.68074366,1745.79450000,25505.48427452,7912.94957600
10,108,0.680000,0.381000,106.72863180,0.00000000,2.05923358,190.16654328,0.00000000,0.00000000,94.69756566,106.72863180,101.68074366,1745.79450000,25854.64317435,7912.94957600
10,109,0.653000,0.339000,104.46834719,2.26028461,0.00000000,166.94301768,0.00000000,0.00000000,94.69756566,106.72863180,101.68074366,1745.79450000,26203.80207419,7912.94957600
10,110,0.579000,0.323000,0.00000000,89.29817159,92.62966773,71.91913413,0.00000000,0.00000000,78.66539600,89.29817159,84.63531998,1492.48099468,26299.64746870,7912.94957600
10,111,0.455000,0.332000,72.79188051,33.93675129,0.00000000,131.77267750,0.00000000,0.00000000,94.69756566,106.72863180,101.68074366,1745.79450000,26648.80636854,7912.94957600
10,112,0.281000,0.372000,44.95498555,62.37221638,0.00000000,123.30220383,0.00000000,0.00000000,94.69756566,107.32720193,101.68074366,1745.79450000,26648.80636833,9891.18697000
10,113,0.085000,0.427000,2.99285063,0.00000000,10.60563255,213.12628342,0.00000000,0.00000000,0.00000000,2.99285063,0.00000000,0.00000000,24903.01186813,9891.18697000
10,114,0.000000,0.476000,0.00000000,106.72863180,0.00000000,130.85476611,0.00000000,0.00000000,94.69756566,106.72863180,101.68074366,1745.79450000,25252.17076796,7912.94957600
10,115,0.000000,0.485000,0.00000000,72.94337341,0.00000000,169.13214757,0.00000000,0.00000000,63.67817400,72.94337341,68.65710075,1244.73168631,25100.26685411,7912.94957600
10,116,0.000000,0.479000,0.00000000,106.72863180,0.00000000,132.35214046,0.00000000,0.00000000,94.69756566,106.72863180,101.68074366,1745.79450000,25449.42575395,7912.94957600
10,117,0.000000,0.458000,0.00000000,106.84829892,0.00000000,121.75085285,0.00000000,0.00000000,94.69756566,106.84829892,101.68074366,1745.79450000,25728.78023649,8308.44202524
10,118,0.000000,0.425000,0.00000000,106.72863180,0.00000000,105.39940205,0.00000000,0.00000000,94.69756566,106.72863180,101.68074366,1745.79450000,26077.93913633,7912.94957600
10,119,0.000000,0.380000,0.00000000,106.72863180,0.00000000,82.93878670,0.00000000,0.00000000,94.69756566,106.72863180,101.68074366,1745.79450000,26427.09803616,7912.94957600
10,120,0.000000,0.351000,0.00000000,106.72863180,0.00000000,68.46416792,0.00000000,0.00000000,94.69756566,106.72863180,101.68074366,1745.79450000,26776.25693600,7912.94957600
10,121,0.000000,0.343000,0.00000000,72.94337341,0.00000000,98.25642803,0.00000000,0.00000000,63.67817400,72.94337341,68.65710075,1244.73168631,26624.35302215,7912.94957600
10,122,0.000000,0.356000,0.00000000,107.32720193,0.00000000,70.36122172,0.00000000,0.00000000,94.69756566,107.32720193,101.68074366,1745.79450000,26624.35302194,9891.18697000
10,123,0.000000,0.371000,0.00000000,106.72863180,0.00000000,78.44666363,0.00000000,0.00000000,94.69756566,106.72863180,101.68074366,1745.79450000,26973.51192178,7912.94957600
10,124,0.000000,0.375000,0.00000000,106.72863180,0.00000000,80.44316277,0.00000000,0.00000000,94.69756566,106.72863180,101.68074366,1745.79450000,27322.67082161,7912.94957600
10,125,0.000000,0.369000,0.00000000,107.32720193,0.00000000,76.84984393,0.00000000,0.00000000,94.69756566,107.32720193,101.68074366,1745.79450000,27322.67082141,9891.18697000
10,126,0.000000,0.352000,0.00000000,73.54194353,0.00000000,102.14998097,0.00000000,0.00000000,63.67817400,73.54194353,68.65710075,1244.73168631,26821.60800752,9891.18697000
10,127,0.112000,0.368000,17.91800136,89.40920057,0.00000000,94.26872050,0.00000000,0.00000000,94.69756566,107.32720193,101.68074366,1745.79450000,26821.60800731,9891.18697000
10,128,0.289000,0.590000,46.23484279,60.49378902,0.00000000,233.98983444,0.00000000,0.00000000,94.69756566,106.72863180,101.68074366,1745.79450000,27170.76690715,7912.94957600
10,129,0.450000,0.592000,43.47863956,0.00000000,28.51333017,295.48187303,0.00000000,0.00000000,36.84682300,43.47863956,39.91750131,767.66957627,26541.80088325,7912.94957600
10,130,0.580000,0.526000,92.78964988,14.53755205,0.00000000,248.00208514,0.00000000,0.00000000,94.69756566,107.32720193,101.68074366,1745.79450000,26541.80088305,9891.18697000
10,131,0.653000,0.476000,104.46834719,2.26028461,0.00000000,235.32311330,0.00000000,0.00000000,94.69756566,106.72863180,101.68074366,1745.79450000,26890.95978288,7912.94957600
10,132,0.663000,0.447000,106.06816874,0.66046306,0.00000000,222.44831607,0.00000000,0.00000000,94.69756566,106.72863180,101.68074366,1745.79450000,27240.11868272,7912.94957600
10,133,0.616000,0.401000,98.54900746,8.17962434,0.00000000,191.96941465,0.00000000,0.00000000,94.69756566,106.72863180,101.68074366,1745.79450000,27589.27758256,7912.94957600
10,134,0.520000,0.342000,83.19072058,24.13648134,0.00000000,146.56419530,0.00000000,0.00000000,94.69756566,107.32720193,101.68074366,1745.79450000,27589.27758235,9891.18697000
10,135,0.383000,0.289000,61.27316535,46.05403657,0.00000000,98.19302644,0.00000000,0.00000000,94.69756566,107.32720193,101.68074366,1745.79450000,27589.27758215,9891.18697000
10,136,0.207000,0.264000,0.00000000,73.54194353,33.11630608,58.22699984,0.00000000,0.00000000,63.67817400,73.54194353,68.65710075,1244.73168631,27088.21476825,9891.18697000
10,137,0.068000,0.295000,10.87878654,95.84984526,0.00000000,51.39196647,0.00000000,0.00000000,94.69756566,106.72863180,101.68074366,1745.79450000,27437.37366809,7912.94957600
10,138,0.000000,0.404000,0.00000000,73.54194353,0.00000000,128.10446982,0.00000000,0.00000000,63.67817400,73.54194353,68.65710075,1244.73168631,26936.31085419,9891.18697000
10,139,0.000000,0.476000,0.00000000,106.72863180,0.00000000,130.85476611,0.00000000,0.00000000,94.69756566,106.72863180,101.68074366,1745.79450000,27285.46975403,7912.94957600
10,140,0.000000,0.488000,0.00000000,106.72863180,0.00000000,136.84426353,0.00000000,0.00000000,94.69756566,106.72863180,101.68074366,1745.79450000,27634.62865387,7912.94957600
10,141,0.000000,0.519000,0.00000000,107.32720193,0.00000000,151.71856176,0.00000000,0.00000000,94.69756566,107.32720193,101.68074366,1745.79450000,27634.62865366,9891.18697000
10,142,0.000000,0.539000,0.00000000,72.94337341,0.00000000,196.08488599,0.00000000,0.00000000,63.67817400,72.94337341,68.65710075,1244.73168631,27482.72473981,7912.94957600
10,143,0.000000,0.504000,0.00000000,106.72863180,0.00000000,144.83026010,0.00000000,0.00000000,94.69756566,106.72863180,101.68074366,1745.79450000,27831.88363964,7912.94957600
10,144,0.000000,0.476000,0.00000000,107.32720193,0.00000000,130.25619598,0.00000000,0.00000000,94.69756566,107.32720193,101.68074366,1745.79450000,27831.88363944,9891.18697000
10,145,0.000000,0.473000,0.00000000,107.32720193,0.00000000,128.75882163,0.00000000,0.00000000,94.69756566,107.32720193,101.68074366,1745.79450000,27831.88363923,9891.18697000
10,146,0.000000,0.454000,0.00000000,89.46248128,0.00000000,137.14017135,0.00000000,0.00000000,78.66539600,89.46248128,84.63531998,1492.48099468,27831.88364005,8455.98296802
10,147,0.000000,0.410000,0.00000000,107.32720193,0.00000000,97.31396014,0.00000000,0.00000000,94.69756566,107.32720193,101.68074366,1745.79450000,27831.88363985,9891.18697000
10,148,0.000000,0.370000,0.00000000,107.32720193,0.00000000,77.34896872,0.00000000,0.00000000,94.69756566,107.32720193,101.68074366,1745.79450000,27831.88363964,9891.18697000
10,149,0.000000,0.349000,0.00000000,107.32720193,0.00000000,66.86734822,0.00000000,0.00000000,94.69756566,107.32720193,101.68074366,1745.79450000,27831.88363944,9891.18697000
10,150,0.000000,0.345000,0.00000000,73.54194353,0.00000000,98.65610747,0.00000000,0.00000000,63.67817400,73.54194353,68.65710075,1244.73168631,27330.82082555,9891.18697000
10,151,0.131000,0.360000,20.95766230,86.36953963,0.00000000,93.31538316,0.00000000,0.00000000,94.69756566,107.32720193,101.68074366,1745.79450000,27330.82082534,9891.18697000
10,152,0.328000,0.583000,52.47414683,54.25448497,0.00000000,236.73526499,0.00000000,0.00000000,94.69756566,106.72863180,101.68074366,1745.79450000,27679.97972518,7912.94957600
10,153,0.488000,0.541000,78.07129162,28.99549837,0.00000000,241.03101060,0.00000000,0.00000000,94.69756566,107.06678999,101.68074366,1745.79450000,27831.88363944,9030.54156225
10,154,0.596000,0.429000,95.34936436,11.97783757,0.00000000,202.14669542,0.00000000,0.00000000,94.69756566,107.32720193,101.68074366,1745.79450000,27831.88363923,9891.18697000
10,155,0.655000,0.314000,104.78831150,2.53889042,0.00000000,154.18629223,0.00000000,0.00000000,94.69756566,107.32720193,101.68074366,1745.79450000,27831.88363903,9891.18697000
10,156,0.672000,0.219000,73.54194353,0.00000000,33.96606460,109.30832803,0.00000000,0.00000000,63.67817400,73.54194353,68.65710075,1244.73168631,27330.82082514,9891.18697000
10,157,0.647000,0.158000,103.50845426,3.81874766,0.00000000,75.04296845,0.00000000,0.00000000,94.69756566,107.32720193,101.68074366,1745.79450000,27330.82082493,9891.18697000
10,158,0.564000,0.144000,90.22993540,17.09726653,0.00000000,54.77670259,0.00000000,0.00000000,94.69756566,107.32720193,101.68074366,1745.79450000,27330.82082473,9891.18697000
10,159,0.447000,0.162000,71.51202327,35.81517866,0.00000000,45.04303660,0.00000000,0.00000000,94.69756566,107.32720193,101.68074366,1745.79450000,27330.82082452,9891.18697000
10,160,0.249000,0.220000,39.83555659,67.49164534,0.00000000,42.31580748,0.00000000,0.00000000,94.69756566,107.32720193,101.68074366,1745.79450000,27330.82082432,9891.18697000
10,161,0.082000,0.326000,13.11853671,94.20866522,0.00000000,68.50601486,0.00000000,0.00000000,94.69756566,107.32720193,101.68074366,1745.79450000,27330.82082411,9891.18697000
10,162,0.000000,0.460000,0.00000000,107.06678999,0.00000000,122.53061135,0.00000000,0.00000000,94.69756566,107.06678999,101.68074366,1745.79450000,27482.72473960,9030.54155528
10,163,0.000000,0.526000,0.00000000,106.72863180,0.00000000,155.81100538,0.00000000,0.00000000,94.69756566,106.72863180,101.68074366,1745.79450000,27831.88363944,7912.94957600
10,164,0.000000,0.566000,0.00000000,107.32720193,0.00000000,175.17742668,0.00000000,0.00000000,94.69756566,107.32720193,101.68074366,1745.79450000,27831.88363923,9891.18697000
10,165,0.000000,0.578000,0.00000000,107.32720193,0.00000000,181.16692411,0.00000000,0.00000000,94.69756566,107.32720193,101.68074366,1745.79450000,27831.88363903,9891.18697000
10,166,0.000000,0.544000,0.00000000,107.32720193,0.00000000,164.19668140,0.00000000,0.00000000,94.69756566,107.32720193,101.68074366,1745.79450000,27831.88363882,9891.18697000
10,167,0.000000,0.525000,0.00000000,107.32720193,0.00000000,154.71331047,0.00000000,0.00000000,94.69756566,107.32720193,101.68074366,1745.79450000,27831.88363862,9891.18697000
10,168,0.000000,0.473000,0.00000000,107.32720192,0.00000000,128.75882163,0.00000000,0.00000000,94.69756566,107.32720192,101.68074366,1745.79450000,27831.88363944,9891.18696419
10,169,0.000000,0.430000,0.00000000,107.32720193,0.00000000,107.29645585,0.00000000,0.00000000,94.69756566,107.32720193,101.68074366,1745.79450000,27831.88363944,9891.18696884
10,170,0.000000,0.407000,0.00000000,107.32720193,0.00000000,95.81658578,0.00000000,0.00000000,94.69756566,107.32720193,101.68074366,1745.79450000,27831.88363923,9891.18697000
10,171,0.000000,0.392000,0.00000000,89.46248128,0.00000000,106.19443465,0.00000000,0.00000000,78.66539600,89.46248128,84.63531998,1492.48099468,27831.88363985,8455.98296918
10,172,0.000000,0.382000,0.00000000,107.32720193,0.00000000,83.33846614,0.00000000,0.00000000,94.69756566,107.32720193,101.68074366,1745.79450000,27831.88363964,9891.18697000
10,173,0.000000,0.380000,0.00000000,107.32720193,0.00000000,82.34021657,0.00000000,0.00000000,94.69756566,107.32720193,101.68074366,1745.79450000,27831.88363944,9891.18697000
10,174,0.000000,0.351000,0.00000000,72.94337341,0.00000000,102.24942631,0.00000000,0.00000000,63.67817400,72.94337341,68.65710075,1244.73168631,27679.97972559,7912.94957600
10,175,0.129000,0.398000,20.63769799,69.25904373,0.00000000,129.39262091,0.00000000,0.00000000,78.66539600,89.89674172,84.63531998,1492.48099468,27426.66622006,9891.18697000
10,176,0.324000,0.553000,51.83421821,55.49298372,0.00000000,220.52302268,0.00000000,0.00000000,94.69756566,107.32720193,101.68074366,1745.79450000,27426.66621985,9891.18697000
10,177,0.484000,0.479000,77.43136300,29.36547624,0.00000000,209.71529603,0.00000000,0.00000000,94.69756566,106.79683924,101.68074366,1745.79450000,27736.03824554,8138.37095926
10,178,0.595000,0.337000,89.89674172,0.00000000,5.29264049,168.20505272,0.00000000,0.00000000,78.66539600,89.89674172,84.63531998,1492.48099468,27482.72474001,9891.18697000
10,179,0.653000,0.214000,104.46834719,2.85885473,0.00000000,103.95384937,0.00000000,0.00000000,94.69756566,107.32720193,101.68074366,1745.79450000,27482.72473981,9891.18697000
10,180,0.655000,0.126000,104.78831150,2.53889042,0.00000000,60.35083255,0.00000000,0.00000000,94.69756566,107.32720193,101.68074366,1745.79450000,27482.72473960,9891.18697000
10,181,0.609000,0.079000,97.42913237,9.29949943,0.00000000,30.13135863,0.00000000,0.00000000,94.69756566,106.72863180,101.68074366,1745.79450000,27831.88363944,7912.94957600
10,182,0.521000,0.058000,83.35070274,23.97649919,0.00000000,4.97273837,0.00000000,0.00000000,94.69756566,107.32720193,101.68074366,1745.79450000,27831.88363944,9891.18696884
10,183,0.405000,0.054000,46.58920512,26.95273842,18.20356765,0.00000000,0.00000000,0.00000000,63.67817400,73.54194353,68.65710075,1244.73168631,27330.82082555,9891.18697000
10,184,0.229000,0.071000,2.83259760,0.00000000,33.80331588,35.43785977,0.00000000,0.00000000,0.00000000,2.83259760,0.00000000,0.00000000,25678.50537817,9361.56060834
10,185,0.077000,0.139000,12.31862593,60.62474748,0.00000000,8.75359771,0.00000000,0.00000000,63.67817400,72.94337341,68.65710075,1244.73168631,25526.60146432,7912.94957600
10,186,0.000000,0.280000,0.00000000,72.94337341,0.00000000,66.81156654,0.00000000,0.00000000,63.67817400,72.94337341,68.65710075,1244.73168631,25374.69755047,7912.94957600
10,187,0.000000,0.415000,0.00000000,106.72863180,0.00000000,100.40815419,0.00000000,0.00000000,94.69756566,106.72863180,101.68074366,1745.79450000,25723.85645031,7912.94957600
10,188,0.000000,0.456000,0.00000000,72.94337341,0.00000000,154.65752879,0.00000000,0.00000000,63.67817400,72.94337341,68.65710075,1244.73168631,25571.95253645,7912.94957600
10,189,0.000000,0.477000,0.00000000,106.72863180,0.00000000,131.35389089,0.00000000,0.00000000,94.69756566,106.72863180,101.68074366,1745.79450000,25921.11143629,7912.94957600
10,190,0.000000,0.430000,0.00000000,106.72863180,0.00000000,107.89502597,0.00000000,0.00000000,94.69756566,106.72863180,101.68074366,1745.79450000,26270.27033613,7912.94957600
10,191,0.000000,0.379000,0.00000000,106.72863180,0.00000000,82.43966191,0.00000000,0.00000000,94.69756566,106.72863180,101.68074366,1745.79450000,26619.42923596,7912.94957600
10,192,0.000000,0.341000,0.00000000,89.29817159,0.00000000,80.90338027,0.00000000,0.00000000,78.66539600,89.29817159,84.63531998,1492.48099468,26715.27463047,7912.94957600
10,193,0.000000,0.284000,0.00000000,107.32720193,0.00000000,34.42423716,0.00000000,0.00000000,94.69756566,107.32720193,101.68074366,1745.79450000,26715.27463027,9891.18697000
10,194,0.000000,0.225000,0.00000000,107.32720193,0.00000000,4.97587482,0.00000000,0.00000000,94.69756566,107.32720193,101.68074366,1745.79450000,26715.27463006,9891.18697000
10,195,0.000000,0.202000,0.00000000,100.82320668,0.00000000,0.00000000,0.00000000,0.00000000,89.26588011,100.82320668,95.90576856,1659.97211397,26978.61114387,7912.94957600
10,196,0.000000,0.208000,0.00000000,103.81795539,0.00000000,0.00000000,0.00000000,0.00000000,92.02038685,103.81795539,98.83436369,1703.49421012,27285.46975383,7912.94957600
10,197,0.000000,0.218000,0.00000000,107.32720193,0.00000000,1.48200132,0.00000000,0.00000000,94.69756566,107.32720193,101.68074366,1745.79450000,27285.46975362,9891.18697000
10,198,0.000000,0.223000,0.00000000,72.94337341,0.00000000,38.36145376,0.00000000,0.00000000,63.67817400,72.94337341,68.65710075,1244.73168631,27133.56583977,7912.94957600
10,199,0.129000,0.294000,20.63769799,86.09093381,0.00000000,60.65175313,0.00000000,0.00000000,94.69756566,106.72863180,101.68074366,1745.79450000,27482.72473960,7912.94957600
10,200,0.325000,0.398000,51.99420036,54.73443144,0.00000000,143.91723320,0.00000000,0.00000000,94.69756566,106.72863180,101.68074366,1745.79450000,27831.88363944,7912.94957600
10,201,0.484000,0.354000,77.43136300,29.89583892,0.00000000,146.79433515,0.00000000,0.00000000,94.69756566,107.32720193,101.68074366,1745.79450000,27831.88363923,9891.18697000
10,202,0.593000,0.276000,94.86941789,12.45778403,0.00000000,125.30065677,0.00000000,0.00000000,94.69756566,107.32720193,101.68074366,1745.79450000,27831.88363903,9891.18697000
10,203,0.655000,0.204000,72.94337341,0.00000000,31.84493809,101.82145625,0.00000000,0.00000000,63.67817400,72.94337341,68.65710075,1244.73168631,27679.97972518,7912.94957600
10,204,0.669000,0.143000,107.02806167,0.03872832,0.00000000,71.33611601,0.00000000,0.00000000,94.69756566,107.06678999,101.68074366,1745.79450000,27831.88363964,9030.54156109
10,205,0.636000,0.097000,101.74865056,5.57855137,0.00000000,42.83655283,0.00000000,0.00000000,94.69756566,107.32720193,101.68074366,1745.79450000,27831.88363944,9891.18697000
10,206,0.556000,0.076000,88.95007816,18.37712376,0.00000000,19.55635993,0.00000000,0.00000000,94.69756566,107.32720193,101.68074366,1745.79450000,27831.88363923,9891.18697000
10,207,0.419000,0.079000,50.46588366,39.43085806,16.56663927,0.00000000,0.00000000,0.00000000,78.66539600,89.89674172,84.63531998,1492.48099468,27578.57013371,9891.18697000
10,208,0.231000,0.119000,36.95587780,59.39584948,0.00000000,0.00000000,0.00000000,0.00000000,85.15310760,96.35172727,91.53306352,1594.98898013,27776.92351367,7912.94957600
10,209,0.065000,0.220000,10.39884007,63.14310346,0.00000000,46.66434935,0.00000000,0.00000000,63.67817400,73.54194353,68.65710075,1244.73168631,27275.86069978,9891.18697000
10,210,0.000000,0.343000,0.00000000,106.72863180,0.00000000,64.47116963,0.00000000,0.00000000,94.69756566,106.72863180,101.68074366,1745.79450000,27625.01959961,7912.94957600
10,211,0.000000,0.332000,0.00000000,106.97257074,0.00000000,58.73685805,0.00000000,0.00000000,94.69756566,106.97257074,101.68074366,1745.79450000,27831.88363944,8719.15274885
10,212,0.000000,0.275000,0.00000000,107.32720193,0.00000000,29.93211409,0.00000000,0.00000000,94.69756566,107.32720193,101.68074366,1745.79450000,27831.88363944,9891.18696884
10,213,0.000000,0.328000,0.00000000,73.54194353,0.00000000,90.17098612,0.00000000,0.00000000,63.67817400,73.54194353,68.65710075,1244.73168631,27330.82082555,9891.18697000
10,214,0.000000,0.379000,0.00000000,107.23109968,0.00000000,81.93719404,0.00000000,0.00000000,94.69756566,107.23109968,101.68074366,1745.79450000,27386.87934530,9573.57495892
10,215,0.000000,0.402000,0.00000000,106.72863180,0.00000000,93.91953198,0.00000000,0.00000000,94.69756566,106.72863180,101.68074366,1745.79450000,27736.03824513,7912.94957600
10,216,0.000000,0.407000,0.00000000,107.32720193,0.00000000,95.81658578,0.00000000,0.00000000,94.69756566,107.32720193,101.68074366,1745.79450000,27736.03824493,9891.18697000
10,217,0.000000,0.376000,0.00000000,89.29817159,0.00000000,98.37274777,0.00000000,0.00000000,78.66539600,89.29817159,84.63531998,1492.48099468,27831.88363944,7912.94957600
10,218,0.000000,0.343000,0.00000000,107.32720193,0.00000000,63.87259951,0.00000000,0.00000000,94.69756566,107.32720193,101.68074366,1745.79450000,27831.88363944,9891.18696884
10,219,0.000000,0.362000,0.00000000,73.54194353,0.00000000,107.14122883,0.00000000,0.00000000,63.67817400,73.54194353,68.65710075,1244.73168631,27330.82082555,9891.18697000
10,220,0.000000,0.376000,0.00000000,106.72863180,0.00000000,80.94228756,0.00000000,0.00000000,94.69756566,106.72863180,101.68074366,1745.79450000,27679.97972538,7912.94957600
10,221,0.000000,0.357000,0.00000000,107.32720193,0.00000000,70.86034651,0.00000000,0.00000000,94.69756566,107.32720193,101.68074366,1745.79450000,27679.97972518,9891.18697000
10,222,0.000000,0.339000,0.00000000,107.32720193,0.00000000,61.87610037,0.00000000,0.00000000,94.69756566,107.32720193,101.68074366,1745.79450000,27679.97972497,9891.18697000
10,223,0.094000,0.352000,15.03832257,58.14710678,0.00000000,117.54481772,0.00000000,0.00000000,63.67817400,73.18542935,68.65710075,1244.73168631,27386.87934571,8712.92955001
10,224,0.265000,0.421000,42.39527107,64.33336073,0.00000000,145.79817397,0.00000000,0.00000000,94.69756566,106.72863180,101.68074366,1745.79450000,27736.03824554,7912.94957600
10,225,0.426000,0.381000,68.15239802,39.17480391,0.00000000,150.99173937,0.00000000,0.00000000,94.69756566,107.32720193,101.68074366,1745.79450000,27736.03824534,9891.18697000
10,226,0.547000,0.294000,87.51023877,19.81696316,0.00000000,126.92572378,0.00000000,0.00000000,94.69756566,107.32720193,101.68074366,1745.79450000,27736.03824513,9891.18697000
10,227,0.620000,0.212000,0.00000000,89.89674172,99.18893608,15.91771281,0.00000000,0.00000000,78.66539600,89.89674172,84.63531998,1492.48099468,27482.72473960,9891.18697000
10,228,0.641000,0.153000,102.54856133,4.18007047,0.00000000,72.18602172,0.00000000,0.00000000,94.69756566,106.72863180,101.68074366,1745.79450000,27831.88363944,7912.94957600
10,229,0.604000,0.115000,72.94337341,0.00000000,23.68584819,57.39935034,0.00000000,0.00000000,63.67817400,72.94337341,68.65710075,1244.73168631,27679.97972559,7912.94957600
10,230,0.520000,0.102000,83.19072058,24.13648134,0.00000000,26.77424678,0.00000000,0.00000000,94.69756566,107.32720193,101.68074366,1745.79450000,27679.97972538,9891.18697000
10,231,0.364000,0.115000,58.23350441,49.09369752,0.00000000,8.30565282,0.00000000,0.00000000,94.69756566,107.32720193,101.68074366,1745.79450000,27679.97972518,9891.18697000
10,232,0.220000,0.160000,35.19607409,72.13112783,0.00000000,7.72883785,0.00000000,0.00000000,94.69756566,107.32720193,101.68074366,1745.79450000,27679.97972497,9891.18697000
10,233,0.075000,0.255000,11.99866162,95.06812837,0.00000000,32.20869194,0.00000000,0.00000000,94.69756566,107.06678999,101.68074366,1745.79450000,27831.88363944,9030.54156109
10,234,0.000000,0.407000,0.00000000,73.54194353,0.00000000,129.60184417,0.00000000,0.00000000,63.67817400,73.54194353,68.65710075,1244.73168631,27330.82082555,9891.18697000
10,235,0.000000,0.475000,0.00000000,106.72863180,0.00000000,130.35564132,0.00000000,0.00000000,94.69756566,106.72863180,101.68074366,1745.79450000,27679.97972538,7912.94957600
10,236,0.000000,0.459000,0.00000000,107.06678999,0.00000000,122.03148656,0.00000000,0.00000000,94.69756566,107.06678999,101.68074366,1745.79450000,27831.88363944,9030.54156341
10,237,0.000000,0.466000,0.00000000,107.32720193,0.00000000,125.26494813,0.00000000,0.00000000,94.69756566,107.32720193,101.68074366,1745.79450000,27831.88363923,9891.18697000
10,238,0.000000,0.450000,0.00000000,107.32720193,0.00000000,117.27895156,0.00000000,0.00000000,94.69756566,107.32720193,101.68074366,1745.79450000,27831.88363903,9891.18697000
10,239,0.000000,0.408000,0.00000000,107.32720193,0.00000000,96.31571057,0.00000000,0.00000000,94.69756566,107.32720193,101.68074366,1745.79450000,27831.88363882,9891.18697000
10,240,0.000000,0.343000,0.00000000,73.43815366,0.00000000,97.76164777,0.00000000,0.00000000,63.67817400,73.43815366,68.65710075,1244.73168631,27391.36370220,9548.16783533
10,241,0.000000,0.278000,0.00000000,106.72863180,0.00000000,32.02805857,0.00000000,0.00000000,94.69756566,106.72863180,101.68074366,1745.79450000,27740.52260204,7912.94957600
10,242,0.000000,0.228000,0.00000000,89.89674172,0.00000000,23.90370938,0.00000000,0.00000000,78.66539600,89.89674172,84.63531998,1492.48099468,27487.20909651,9891.18697000
10,243,0.000000,0.188000,0.00000000,89.29817159,0.00000000,4.53728809,0.00000000,0.00000000,78.66539600,89.29817159,84.63531998,1492.48099468,27583.05449102,7912.94957600
10,244,0.000000,0.200000,0.00000000,99.82495710,0.00000000,0.00000000,0.00000000,0.00000000,88.34771119,99.82495710,94.92957019,1645.46474858,27831.88363944,7912.94957600
10,245,0.000000,0.225000,0.00000000,89.89674172,0.00000000,22.40633503,0.00000000,0.00000000,78.66539600,89.89674172,84.63531998,1492.48099468,27578.57013391,9891.18697000
10,246,0.000000,0.220000,0.00000000,107.32720193,0.00000000,2.48025089,0.00000000,0.00000000,94.69756566,107.32720193,101.68074366,1745.79450000,27578.57013371,9891.18697000
10,247,0.117000,0.226000,18.71791213,88.60928979,0.00000000,24.19291173,0.00000000,0.00000000,94.69756566,107.32720193,101.68074366,1745.79450000,27578.57013350,9891.18697000
10,248,0.310000,0.233000,49.59446804,57.29847345,0.00000000,58.99760158,0.00000000,0.00000000,94.69756566,106.89294149,101.68074366,1745.79450000,27831.88363944,8455.98296918
10,249,0.479000,0.178000,72.94337341,0.00000000,3.68807882,88.84421182,0.00000000,0.00000000,63.67817400,72.94337341,68.65710075,1244.73168631,27679.97972559,7912.94957600
10,250,0.590000,0.115000,94.38947143,12.93773050,0.00000000,44.46161984,0.00000000,0.00000000,94.69756566,107.32720193,101.68074366,1745.79450000,27679.97972538,9891.18697000
10,251,0.653000,0.065000,104.46834719,2.59844280,0.00000000,29.84466826,0.00000000,0.00000000,94.69756566,107.06678999,101.68074366,1745.79450000,27831.88363964,9030.54156225
10,252,0.670000,0.029000,107.18804383,0.13915810,0.00000000,14.33546068,0.00000000,0.00000000,94.69756566,107.32720193,101.68074366,1745.79450000,27831.88363944,9891.18697000
10,253,0.641000,0.009000,73.54194353,0.00000000,29.00661780,4.49212307,0.00000000,0.00000000,63.67817400,73.54194353,68.65710075,1244.73168631,27330.82082555,9891.18697000
10,254,0.569000,0.011000,91.02984618,5.49037264,0.00000000,0.00000000,0.00000000,0.00000000,85.30808257,96.52021882,91.69783311,1597.43763469,27531.62286007,7912.94957600
10,255,0.457000,0.053000,73.11184482,16.78489690,0.00000000,9.66871674,0.00000000,0.00000000,78.66539600,89.89674172,84.63531998,1492.48099468,27278.30935454,9891.18697000
10,256,0.297000,0.133000,47.51470002,59.21393178,0.00000000,7.16966470,0.00000000,0.00000000,94.69756566,106.72863180,101.68074366,1745.79450000,27627.46825438,7912.94957600
10,257,0.102000,0.218000,16.31817981,91.00902212,0.00000000,17.80018112,0.00000000,0.00000000,94.69756566,107.32720193,101.68074366,1745.79450000,27627.46825417,9891.18697000
10,258,0.000000,0.318000,0.00000000,107.32720193,0.00000000,51.39447987,0.00000000,0.00000000,94.69756566,107.32720193,101.68074366,1745.79450000,27627.46825397,9891.18697000
10,259,0.000000,0.334000,0.00000000,106.97676852,0.00000000,59.73090985,0.00000000,0.00000000,94.69756566,106.97676852,101.68074366,1745.79450000,27831.88363944,8733.02614463
10,260,0.000000,0.238000,0.00000000,72.94337341,0.00000000,45.84832555,0.00000000,0.00000000,63.67817400,72.94337341,68.65710075,1244.73168631,27679.97972559,7912.94957600
10,261,0.000000,0.165000,0.00000000,82.35558961,0.00000000,0.00000000,0.00000000,0.00000000,72.30334721,82.35558961,77.85259496,1387.31193809,27670.65606351,7912.94957600
10,262,0.000000,0.111000,0.00000000,55.40285119,0.00000000,0.00000000,0.00000000,0.00000000,47.67962794,55.40285119,51.54118066,965.38817894,27239.40864229,7912.94957600
10,263,0.000000,0.062000,0.00000000,30.94573670,0.00000000,0.00000000,0.00000000,0.00000000,25.51890534,30.94573670,27.71640596,549.37515677,26392.14819890,7912.94957600
10,264,0.000000,0.029000,0.00000000,2.39428050,0.00000000,12.08033828,0.00000000,0.00000000,0.00000000,2.39428050,0.00000000,0.00000000,24995.51259874,7912.94957600
10,265,0.000000,0.023000,0.00000000,2.39428050,0.00000000,9.08558957,0.00000000,0.00000000,0.00000000,2.39428050,0.00000000,0.00000000,23598.87699857,7912.94957600
10,266,0.000000,0.063000,0.00000000,30.37356422,0.00000000,1.07129726,0.00000000,0.00000000,25.00174700,30.37356422,27.15938231,539.40882693,22741.65022533,7912.94957600
10,267,0.000000,0.118000,0.00000000,58.89672469,0.00000000,0.00000000,0.00000000,0.00000000,50.85881265,58.89672469,54.94840072,1022.39701796,22367.41164313,7912.94957600
10,268,0.000000,0.158000,0.00000000,72.94337341,0.00000000,5.91834270,0.00000000,0.00000000,63.67817400,72.94337341,68.65710075,1244.73168631,22215.50772928,7912.94957600
10,269,0.000000,0.183000,0.00000000,89.29817159,0.00000000,2.04166416,0.00000000,0.00000000,78.66539600,89.29817159,84.63531998,1492.48099468,22311.35312379,7912.94957600
10,270,0.000000,0.191000,0.00000000,95.33283403,0.00000000,0.00000000,0.00000000,0.00000000,84.21595108,95.33283403,90.53667750,1580.18160436,22494.89912798,7912.94957600
10,271,0.102000,0.195000,16.31817981,90.41045199,0.00000000,6.91888118,0.00000000,0.00000000,94.69756566,106.72863180,101.68074366,1745.79450000,22844.05802782,7912.94957600
10,272,0.264000,0.203000,42.23528891,64.49334289,0.00000000,36.82898857,0.00000000,0.00000000,94.69756566,106.72863180,101.68074366,1745.79450000,23193.21692765,7912.94957600
10,273,0.400000,0.159000,63.99286199,42.73576981,0.00000000,36.62507108,0.00000000,0.00000000,94.69756566,106.72863180,101.68074366,1745.79450000,23542.37582749,7912.94957600
10,274,0.484000,0.105000,77.43136300,29.29726880,0.00000000,23.11083368,0.00000000,0.00000000,94.69756566,106.72863180,101.68074366,1745.79450000,23891.53472733,7912.94957600
10,275,0.532000,0.062000,85.11050644,21.61812536,0.00000000,9.32761134,0.00000000,0.00000000,94.69756566,106.72863180,101.68074366,1745.79450000,24240.69362716,7912.94957600
10,276,0.542000,0.028000,86.71032799,13.97549399,0.00000000,0.00000000,0.00000000,0.00000000,89.13951656,100.68582199,95.77141868,1657.97552920,24502.03355620,7912.94957600
10,277,0.519000,0.012000,83.03073843,5.98949743,0.00000000,0.00000000,0.00000000,0.00000000,78.41070103,89.02023585,84.36378387,1488.27071104,24593.66866707,7912.94957600
10,278,0.446000,0.007000,39.98476606,3.49387350,31.36727505,0.00000000,0.00000000,0.00000000,36.84682300,43.47863956,39.91750131,767.66957627,23964.70264318,7912.94957600
10,279,0.330000,0.006000,2.39428050,0.00000000,50.39983064,2.99474871,0.00000000,0.00000000,0.00000000,2.39428050,0.00000000,0.00000000,22568.06704302,7912.94957600
10,280,0.185000,0.017000,2.39428050,0.00000000,27.20241817,8.48512135,0.00000000,0.00000000,0.00000000,2.39428050,0.00000000,0.00000000,21171.43144285,7912.94957600
10,281,0.052000,0.079000,8.31907206,39.43085806,0.00000000,0.00000000,0.00000000,0.00000000,40.72716849,47.74993011,44.08114032,838.49295786,20613.28880054,7912.94957600
10,282,0.000000,0.232000,0.00000000,106.72863180,0.00000000,9.06831844,0.00000000,0.00000000,94.69756566,106.72863180,101.68074366,1745.79450000,20962.44770038,7912.94957600
10,283,0.000000,0.310000,0.00000000,72.94337341,0.00000000,81.78531010,0.00000000,0.00000000,63.67817400,72.94337341,68.65710075,1244.73168631,20810.54378653,7912.94957600
10,284,0.000000,0.311000,0.00000000,106.72863180,0.00000000,48.49917650,0.00000000,0.00000000,94.69756566,106.72863180,101.68074366,1745.79450000,21159.70268636,7912.94957600
10,285,0.000000,0.310000,0.00000000,72.94337341,0.00000000,81.78531010,0.00000000,0.00000000,63.67817400,72.94337341,68.65710075,1244.73168631,21007.79877251,7912.94957600
10,286,0.000000,0.302000,0.00000000,106.72863180,0.00000000,44.00705343,0.00000000,0.00000000,94.69756566,106.72863180,101.68074366,1745.79450000,21356.95767235,7912.94957600
10,287,0.000000,0.278000,0.00000000,106.72863180,0.00000000,32.02805857,0.00000000,0.00000000,94.69756566,106.72863180,101.68074366,1745.79450000,21706.11657218,7912.94957600
10,288,0.000000,0.243000,0.00000000,106.72863180,0.00000000,14.55869108,0.00000000,0.00000000,94.69756566,106.72863180,101.68074366,1745.79450000,22055.27547202,7912.94957600
10,289,0.000000,0.199000,0.00000000,99.32583232,0.00000000,0.00000000,0.00000000,0.00000000,87.88862673,99.32583232,94.44147100,1638.21106589,22296.85093775,7912.94957600
10,290,0.000000,0.154000,0.00000000,72.94337341,0.00000000,3.92184356,0.00000000,0.00000000,63.67817400,72.94337341,68.65710075,1244.73168631,22144.94702389,7912.94957600
10,291,0.000000,0.123000,0.00000000,61.39234862,0.00000000,0.00000000,0.00000000,0.00000000,53.13638829,61.39234862,57.38398237,1061.89851967,21810.20994340,7912.94957600
10,292,0.000000,0.121000,0.00000000,60.39409905,0.00000000,0.00000000,0.00000000,0.00000000,52.22535804,60.39409905,56.40974971,1046.09791898,21459.67226222,7912.94957600
10,293,0.000000,0.126000,0.00000000,57.67001469,0.00000000,5.21970829,0.00000000,0.00000000,49.73928100,57.67001469,53.75120360,1002.98064984,21066.01731189,7912.94957600
10,294,0.000000,0.133000,0.00000000,66.38359647,0.00000000,0.00000000,0.00000000,0.00000000,57.69153957,66.38359647,62.25514566,1140.90152308,20810.28323481,7912.94957600
10,295,0.048000,0.165000,7.67914344,81.61902815,0.00000000,0.73656146,0.00000000,0.00000000,78.66539600,89.29817159,84.63531998,1492.48099468,20906.12862932,7912.94957600
10,296,0.156000,0.216000,24.95721617,81.77141563,0.00000000,26.03953805,0.00000000,0.00000000,94.69756566,106.72863180,101.68074366,1745.79450000,21255.28752915,7912.94957600
10,297,0.268000,0.192000,42.87521753,63.85341427,0.00000000,31.97854455,0.00000000,0.00000000,94.69756566,106.72863180,101.68074366,1745.79450000,21604.44642899,7912.94957600
10,298,0.346000,0.148000,55.35382562,51.37480618,0.00000000,22.49566207,0.00000000,0.00000000,94.69756566,106.72863180,101.68074366,1745.79450000,21953.60532883,7912.94957600
10,299,0.402000,0.100000,64.31282630,8.63054711,0.00000000,41.28193144,0.00000000,0.00000000,63.67817400,72.94337341,68.65710075,1244.73168631,21801.70141497,7912.94957600
10,300,0.450000,0.058000,71.99196973,28.94923756,0.00000000,0.00000000,0.00000000,0.00000000,89.37441459,100.94120729,96.02116256,1661.68699385,22066.75280866,7912.94957600
10,301,0.445000,0.044000,71.19205896,21.96149056,0.00000000,0.00000000,0.00000000,0.00000000,82.21149112,93.15354952,88.40553308,1548.51048963,22218.62769812,7912.94957600
10,302,0.401000,0.050000,64.15284414,24.95623928,0.00000000,0.00000000,0.00000000,0.00000000,78.49211923,89.10908342,84.45058567,1489.61661009,22311.60870804,7912.94957600
10,303,0.315000,0.071000,50.39437881,35.43785977,0.00000000,0.00000000,0.00000000,0.00000000,75.48928156,85.83223859,81.24919209,1439.97763132,22354.95073920,7912.94957600
10,304,0.192000,0.114000,30.71657375,56.90022555,0.00000000,0.00000000,0.00000000,0.00000000,77.12461873,87.61679930,82.99266226,1467.01088315,22425.32602219,7912.94957600
10,305,0.070000,0.179000,11.19875085,89.34333661,0.00000000,0.00000000,0.00000000,0.00000000,89.00731257,100.54208746,95.63085923,1655.88666345,22684.57708547,7912.94957600
10,306,0.000000,0.251000,0.00000000,106.72863180,0.00000000,18.55168937,0.00000000,0.00000000,94.69756566,106.72863180,101.68074366,1745.79450000,23033.73598530,7912.94957600
10,307,0.000000,0.282000,0.00000000,106.72863180,0.00000000,34.02455772,0.00000000,0.00000000,94.69756566,106.72863180,101.68074366,1745.79450000,23382.89488514,7912.94957600
10,308,0.000000,0.291000,0.00000000,106.72863180,0.00000000,38.51668079,0.00000000,0.00000000,94.69756566,106.72863180,101.68074366,1745.79450000,23732.05378498,7912.94957600
10,309,0.000000,0.289000,0.00000000,106.72863180,0.00000000,37.51843122,0.00000000,0.00000000,94.69756566,106.72863180,101.68074366,1745.79450000,24081.21268481,7912.94957600
10,310,0.000000,0.272000,0.00000000,106.72863180,0.00000000,29.03330986,0.00000000,0.00000000,94.69756566,106.72863180,101.68074366,1745.79450000,24430.37158465,7912.94957600
10,311,0.000000,0.248000,0.00000000,106.72863180,0.00000000,17.05431501,0.00000000,0.00000000,94.69756566,106.72863180,101.68074366,1745.79450000,24779.53048448,7912.94957600
10,312,0.000000,0.236000,0.00000000,106.72863180,0.00000000,11.06481758,0.00000000,0.00000000,94.69756566,106.72863180,101.68074366,1745.79450000,25128.68938432,7912.94957600
10,313,0.000000,0.220000,0.00000000,106.72863180,0.00000000,3.07882101,0.00000000,0.00000000,94.69756566,106.72863180,101.68074366,1745.79450000,25477.84828416,7912.94957600
10,314,0.000000,0.184000,0.00000000,91.83896054,0.00000000,0.00000000,0.00000000,0.00000000,81.00235988,91.83896054,87.11998318,1529.40582551,25610.61850950,7912.94957600
10,315,0.000000,0.146000,0.00000000,72.87221869,0.00000000,0.00000000,0.07115575,0.00000000,63.67817400,72.94337444,68.65710149,1244.73187308,25458.71478242,7912.94957600
10,316,0.000000,0.132000,0.00000000,65.88447169,0.00000000,0.00000000,0.00000000,0.00000000,57.23602444,65.88447169,61.76802933,1133.00122274,25195.08040500,7912.94957600
10,317,0.000000,0.120000,0.00000000,57.67001469,0.00000000,2.22495958,0.00000000,0.00000000,49.73928100,57.67001469,53.75120360,1002.98064984,24801.42545467,7912.94957600
10,318,0.000000,0.112000,0.00000000,55.90197598,0.00000000,0.00000000,0.00000000,0.00000000,48.13306851,55.90197598,52.02772573,973.66430637,24378.45416087,7912.94957600
10,319,0.112000,0.104000,17.91800136,51.90897769,0.00000000,0.00000000,0.00000000,0.00000000,60.83406604,69.82697905,65.61568380,1195.40443965,24177.22300035,7912.94957600
10,320,0.292000,0.116000,46.71478925,57.89847512,0.00000000,0.00000000,0.00000000,0.00000000,92.75189529,104.61326437,99.61210441,1715.05227970,24495.63967989,7912.94957600
10,321,0.445000,0.121000,57.67001469,0.00000000,13.52204427,60.39409905,0.00000000,0.00000000,49.73928100,57.67001469,53.75120360,1002.98064984,24101.98472956,7912.94957600
10,322,0.552000,0.117000,88.31014954,18.41848226,0.00000000,39.97911765,0.00000000,0.00000000,94.69756566,106.72863180,101.68074366,1745.79450000,24451.14362939,7912.94957600
10,323,0.606000,0.101000,56.31702846,50.41160334,40.63215745,0.00000000,0.00000000,0.00000000,94.69756566,106.72863180,101.68074366,1745.79450000,24800.30252923,7912.94957600
10,324,0.606000,0.090000,61.80740110,44.92123070,35.14178481,0.00000000,0.00000000,0.00000000,94.69756566,106.72863180,101.68074366,1745.79450000,25149.46142907,7912.94957600
10,325,0.554000,0.104000,88.63011385,18.09851795,0.00000000,33.81045974,0.00000000,0.00000000,94.69756566,106.72863180,101.68074366,1745.79450000,25498.62032890,7912.94957600
10,326,0.427000,0.150000,68.31238017,38.41625163,0.00000000,36.45246620,0.00000000,0.00000000,94.69756566,106.72863180,101.68074366,1745.79450000,25847.77922874,7912.94957600
10,327,0.313000,0.213000,50.07441450,22.86895890,0.00000000,83.44462041,0.00000000,0.00000000,63.67817400,72.94337341,68.65710075,1244.73168631,25695.87531489,7912.94957600
10,328,0.173000,0.284000,0.00000000,72.94337341,27.67691281,68.80806568,0.00000000,0.00000000,63.67817400,72.94337341,68.65710075,1244.73168631,25543.97140103,7912.94957600
10,329,0.049000,0.310000,7.83912559,98.88950621,0.00000000,55.83917730,0.00000000,0.00000000,94.69756566,106.72863180,101.68074366,1745.79450000,25893.13030087,7912.94957600
10,330,0.000000,0.311000,0.00000000,106.72863180,0.00000000,48.49917650,0.00000000,0.00000000,94.69756566,106.72863180,101.68074366,1745.79450000,26242.28920070,7912.94957600
10,331,0.000000,0.320000,0.00000000,106.72863180,0.00000000,52.99129957,0.00000000,0.00000000,94.69756566,106.72863180,101.68074366,1745.79450000,26591.44810054,7912.94957600
10,332,0.000000,0.352000,0.00000000,106.72863180,0.00000000,68.96329270,0.00000000,0.00000000,94.69756566,106.72863180,101.68074366,1745.79450000,26940.60700038,7912.94957600
10,333,0.000000,0.391000,0.00000000,73.54194353,0.00000000,121.61584761,0.00000000,0.00000000,63.67817400,73.54194353,68.65710075,1244.73168631,26439.54418648,9891.18697000
10,334,0.000000,0.404000,0.00000000,106.73599677,0.00000000,94.91041658,0.00000000,0.00000000,94.69756566,106.73599677,101.68074366,1745.79450000,26784.40694014,7937.29034757
10,335,0.000000,0.391000,0.00000000,106.72863180,0.00000000,88.42915934,0.00000000,0.00000000,94.69756566,106.72863180,101.68074366,1745.79450000,27133.56583997,7912.94957600
10,336,0.000000,0.348000,0.00000000,106.72863180,0.00000000,66.96679356,0.00000000,0.00000000,94.69756566,106.72863180,101.68074366,1745.79450000,27482.72473981,7912.94957600
10,337,0.000000,0.281000,0.00000000,106.72863180,0.00000000,33.52543293,0.00000000,0.00000000,94.69756566,106.72863180,101.68074366,1745.79450000,27831.88363964,7912.94957600
10,338,0.000000,0.242000,0.00000000,107.32720193,0.00000000,13.46099617,0.00000000,0.00000000,94.69756566,107.32720193,101.68074366,1745.79450000,27831.88363944,9891.18697000
10,339,0.000000,0.233000,0.00000000,73.54194353,0.00000000,42.75413149,0.00000000,0.00000000,63.67817400,73.54194353,68.65710075,1244.73168631,27330.82082555,9891.18697000
10,340,0.000000,0.237000,0.00000000,106.72863180,0.00000000,11.56394237,0.00000000,0.00000000,94.69756566,106.72863180,101.68074366,1745.79450000,27679.97972538,7912.94957600
10,341,0.000000,0.239000,0.00000000,107.06678999,0.00000000,12.22403375,0.00000000,0.00000000,94.69756566,107.06678999,101.68074366,1745.79450000,27831.88363944,9030.54156341
10,342,0.000000,0.233000,0.00000000,107.32720193,0.00000000,8.96887310,0.00000000,0.00000000,94.69756566,107.32720193,101.68074366,1745.79450000,27831.88363923,9891.18697000
10,343,0.075000,0.175000,2.11564381,87.34683747,9.88301781,0.00000000,0.00000000,0.00000000,78.66539600,89.46248128,84.63531998,1492.48099468,27831.88363944,8455.98297150
10,344,0.226000,0.268000,36.15596702,71.17123490,0.00000000,62.59420762,0.00000000,0.00000000,94.69756566,107.32720193,101.68074366,1745.79450000,27831.88363923,9891.18697000
10,345,0.389000,0.337000,62.23305828,11.04847332,0.00000000,157.15657940,0.00000000,0.00000000,63.67817400,73.28153160,68.65710075,1244.73168631,27482.72473960,9030.54156341
10,346,0.510000,0.300000,81.59089903,25.13773277,0.00000000,124.59970289,0.00000000,0.00000000,94.69756566,106.72863180,101.68074366,1745.79450000,27831.88363944,7912.94957600
10,347,0.590000,0.235000,94.38947143,12.93773050,0.00000000,104.35659410,0.00000000,0.00000000,94.69756566,107.32720193,101.68074366,1745.79450000,27831.88363923,9891.18697000
10,348,0.626000,0.188000,89.89674172,0.00000000,10.25208729,93.83545968,0.00000000,0.00000000,78.66539600,89.89674172,84.63531998,1492.48099468,27578.57013371,9891.18697000
10,349,0.613000,0.170000,98.06906099,9.25814093,0.00000000,75.59307261,0.00000000,0.00000000,94.69756566,107.32720193,101.68074366,1745.79450000,27578.57013350,9891.18697000
10,350,0.548000,0.170000,87.67022092,19.65698100,0.00000000,65.19423253,0.00000000,0.00000000,94.69756566,107.32720193,101.68074366,1745.79450000,27578.57013330,9891.18697000
10,351,0.428000,0.187000,68.47236233,38.85483960,0.00000000,54.48149529,0.00000000,0.00000000,94.69756566,107.32720193,101.68074366,1745.79450000,27578.57013309,9891.18697000
10,352,0.273000,0.222000,0.00000000,73.54194353,43.67512831,37.26375885,0.00000000,0.00000000,63.67817400,73.54194353,68.65710075,1244.73168631,27077.50731920,9891.18697000
10,353,0.082000,0.267000,13.11853671,94.20866522,0.00000000,39.05765252,0.00000000,0.00000000,94.69756566,107.32720193,101.68074366,1745.79450000,27077.50731899,9891.18697000
10,354,0.000000,0.337000,0.00000000,106.72863180,0.00000000,61.47642092,0.00000000,0.00000000,94.69756566,106.72863180,101.68074366,1745.79450000,27426.66621883,7912.94957600
10,355,0.000000,0.416000,0.00000000,107.32720193,0.00000000,100.30870885,0.00000000,0.00000000,94.69756566,107.32720193,101.68074366,1745.79450000,27426.66621862,9891.18697000
10,356,0.000000,0.460000,0.00000000,89.29817159,0.00000000,140.29922975,0.00000000,0.00000000,78.66539600,89.29817159,84.63531998,1492.48099468,27522.51161313,7912.94957600
10,357,0.000000,0.466000,0.00000000,73.54194353,0.00000000,159.05020652,0.00000000,0.00000000,63.67817400,73.54194353,68.65710075,1244.73168631,27021.44879924,9891.18697000
10,358,0.000000,0.464000,0.00000000,107.13499743,0.00000000,124.45890305,0.00000000,0.00000000,94.69756566,107.13499743,101.68074366,1745.79450000,27133.56583977,9255.96294319
10,359,0.000000,0.425000,0.00000000,106.72863180,0.00000000,105.39940205,0.00000000,0.00000000,94.69756566,106.72863180,101.68074366,1745.79450000,27482.72473960,7912.94957600
10,360,0.000000,0.368000,0.00000000,106.72863180,0.00000000,76.94928927,0.00000000,0.00000000,94.69756566,106.72863180,101.68074366,1745.79450000,27831.88363944,7912.94957600
10,361,0.000000,0.310000,0.00000000,73.54194353,0.00000000,81.18673998,0.00000000,0.00000000,63.67817400,73.54194353,68.65710075,1244.73168631,27330.82082555,9891.18697000
10,362,0.000000,0.267000,0.00000000,106.72863180,0.00000000,26.53768593,0.00000000,0.00000000,94.69756566,106.72863180,101.68074366,1745.79450000,27679.97972538,7912.94957600
10,363,0.000000,0.256000,0.00000000,73.54194353,0.00000000,54.23400156,0.00000000,0.00000000,63.67817400,73.54194353,68.65710075,1244.73168631,27178.91691149,9891.18697000
10,364,0.000000,0.261000,0.00000000,106.72863180,0.00000000,23.54293722,0.00000000,0.00000000,94.69756566,106.72863180,101.68074366,1745.79450000,27528.07581132,7912.94957600
10,365,0.000000,0.268000,0.00000000,73.35927785,0.00000000,60.40616467,0.00000000,0.00000000,63.67817400,73.35927785,68.65710075,1244.73168631,27133.56583997,9287.48814540
10,366,0.000000,0.264000,0.00000000,107.32720193,0.00000000,24.44174145,0.00000000,0.00000000,94.69756566,107.32720193,101.68074366,1745.79450000,27133.56583977,9891.18697000
10,367,0.111000,0.209000,17.75801920,88.97061260,0.00000000,15.34646757,0.00000000,0.00000000,94.69756566,106.72863180,101.68074366,1745.79450000,27482.72473960,7912.94957600
10,368,0.305000,0.358000,48.79455726,57.93407454,0.00000000,120.75259868,0.00000000,0.00000000,94.69756566,106.72863180,101.68074366,1745.79450000,27831.88363944,7912.94957600
10,369,0.466000,0.405000,74.55168421,15.34505750,0.00000000,186.80048063,0.00000000,0.00000000,78.66539600,89.89674172,84.63531998,1492.48099468,27578.57013391,9891.18697000
10,370,0.577000,0.346000,92.30970342,14.58323807,0.00000000,158.11393772,0.00000000,0.00000000,94.69756566,106.89294149,101.68074366,1745.79450000,27831.88363985,8455.98296918
10,371,0.641000,0.274000,102.54856133,4.77864059,0.00000000,131.98155064,0.00000000,0.00000000,94.69756566,107.32720193,101.68074366,1745.79450000,27831.88363964,9891.18697000
10,372,0.659000,0.209000,105.42824012,1.89896180,0.00000000,102.41811837,0.00000000,0.00000000,94.69756566,107.32720193,101.68074366,1745.79450000,27831.88363944,9891.18697000
10,373,0.632000,0.172000,101.10872194,6.21847999,0.00000000,79.63098312,0.00000000,0.00000000,94.69756566,107.32720193,101.68074366,1745.79450000,27831.88363923,9891.18697000
10,374,0.561000,0.161000,89.74998894,17.57721299,0.00000000,62.78187748,0.00000000,0.00000000,94.69756566,107.32720193,101.68074366,1745.79450000,27831.88363944,9891.18696768
10,375,0.437000,0.176000,43.93568889,0.00000000,25.97651283,87.84596225,0.00000000,0.00000000,36.84682300,43.93568889,39.91750131,767.66957627,26936.31085440,9423.46946918
10,376,0.262000,0.214000,41.91532460,31.62661893,0.00000000,75.18608517,0.00000000,0.00000000,63.67817400,73.54194353,68.65710075,1244.73168631,26435.24804051,9891.18697000
10,377,0.082000,0.305000,13.11853671,94.20866522,0.00000000,58.02439437,0.00000000,0.00000000,94.69756566,107.32720193,101.68074366,1745.79450000,26435.24804030,9891.18697000
10,378,0.000000,0.450000,0.00000000,106.72863180,0.00000000,117.87752168,0.00000000,0.00000000,94.69756566,106.72863180,101.68074366,1745.79450000,26784.40694014,7912.94957600
10,379,0.000000,0.510000,0.00000000,107.32720193,0.00000000,147.22643869,0.00000000,0.00000000,94.69756566,107.32720193,101.68074366,1745.79450000,26784.40693993,9891.18697000
10,380,0.000000,0.516000,0.00000000,106.72863180,0.00000000,150.81975753,0.00000000,0.00000000,94.69756566,106.72863180,101.68074366,1745.79450000,27133.56583977,7912.94957600
10,381,0.000000,0.484000,0.00000000,106.72863180,0.00000000,134.84776439,0.00000000,0.00000000,94.69756566,106.72863180,101.68074366,1745.79450000,27482.72473960,7912.94957600
10,382,0.000000,0.423000,0.00000000,106.72863180,0.00000000,104.40115248,0.00000000,0.00000000,94.69756566,106.72863180,101.68074366,1745.79450000,27831.88363944,7912.94957600
10,383,0.000000,0.367000,0.00000000,72.94337341,0.00000000,110.23542288,0.00000000,0.00000000,63.67817400,72.94337341,68.65710075,1244.73168631,27679.97972559,7912.94957600
10,384,0.000000,0.308000,0.00000000,107.32720193,0.00000000,46.40323201,0.00000000,0.00000000,94.69756566,107.32720193,101.68074366,1745.79450000,27679.97972538,9891.18697000
10,385,0.000000,0.260000,0.00000000,73.02111966,0.00000000,56.75132457,0.00000000,0.00000000,63.67817400,73.02111966,68.65710075,1244.73168631,27482.72473960,8169.89615915
10,386,0.000000,0.227000,0.00000000,106.72863180,0.00000000,6.57269451,0.00000000,0.00000000,94.69756566,106.72863180,101.68074366,1745.79450000,27831.88363944,7912.94957600
10,387,0.000000,0.185000,0.00000000,92.33808532,0.00000000,0.00000000,0.00000000,0.00000000,80.91089215,92.33808532,87.02273458,1527.96060588,27614.04974512,9891.18697000
10,388,0.000000,0.167000,0.00000000,73.26714544,0.00000000,10.08669374,0.00000000,0.00000000,63.67817400,73.26714544,68.65710075,1244.73168631,27273.28260030,8982.99621034
10,389,0.000000,0.170000,0.00000000,84.85121354,0.00000000,0.00000000,0.00000000,0.00000000,74.59028905,84.85121354,80.29075571,1425.11666475,27301.76366489,7912.94957600
10,390,0.000000,0.191000,0.00000000,95.33283403,0.00000000,0.00000000,0.00000000,0.00000000,84.21595108,95.33283403,90.53667750,1580.18160436,27485.30966908,7912.94957600
10,391,0.067000,0.192000,10.71880438,95.83195882,0.00000000,0.00000000,0.00000000,0.00000000,94.53396587,106.55076320,101.50680416,1743.20957053,27831.88363944,7912.94957600
10,392,0.206000,0.265000,32.95632392,74.37087800,0.00000000,57.89719016,0.00000000,0.00000000,94.69756566,107.32720193,101.68074366,1745.79450000,27831.88363923,9891.18697000
10,393,0.374000,0.234000,59.83332596,13.70861758,0.00000000,103.08658224,0.00000000,0.00000000,63.67817400,73.54194353,68.65710075,1244.73168631,27330.82082534,9891.18697000
10,394,0.503000,0.204000,80.47102395,26.85617798,0.00000000,74.96527827,0.00000000,0.00000000,94.69756566,107.32720193,101.68074366,1745.79450000,27330.82082514,9891.18697000
10,395,0.573000,0.183000,91.66977480,15.05885701,0.00000000,76.28097875,0.00000000,0.00000000,94.69756566,106.72863180,101.68074366,1745.79450000,27679.97972497,7912.94957600
10,396,0.611000,0.143000,97.74909668,9.57810524,0.00000000,61.79673909,0.00000000,0.00000000,94.69756566,107.32720193,101.68074366,1745.79450000,27679.97972477,9891.18697000
10,397,0.596000,0.100000,58.26858481,0.00000000,37.08077955,49.91247855,0.00000000,0.00000000,49.73928100,58.26858481,53.75120360,1002.98064984,26937.16587440,9891.18697000
10,398,0.526000,0.076000,84.15061351,23.17658841,0.00000000,14.75689529,0.00000000,0.00000000,94.69756566,107.32720193,101.68074366,1745.79450000,26937.16587419,9891.18697000
10,399,0.393000,0.084000,62.87298690,41.92648198,0.00000000,0.00000000,0.00000000,0.00000000,92.92316227,104.79946889,99.79419569,1717.75835342,27258.28862745,7912.94957600
10,400,0.231000,0.113000,36.95587780,52.94086392,0.00000000,3.46023685,0.00000000,0.00000000,78.66539600,89.89674172,84.63531998,1492.48099468,27004.97512192,9891.18697000
10,401,0.073000,0.157000,11.67869731,78.36259133,0.00000000,0.00000000,0.00000000,0.00000000,79.34889916,90.04128864,85.36202161,1503.28061214,27111.62013389,7912.94957600
10,402,0.000000,0.231000,0.00000000,107.02916802,0.00000000,8.26865743,0.00000000,0.00000000,94.69756566,107.02916802,101.68074366,1745.79450000,27285.46975424,8906.20328417
10,403,0.000000,0.294000,0.00000000,73.54194353,0.00000000,73.20074341,0.00000000,0.00000000,63.67817400,73.54194353,68.65710075,1244.73168631,26784.40694034,9891.18697000
10,404,0.000000,0.327000,0.00000000,106.72863180,0.00000000,56.48517306,0.00000000,0.00000000,94.69756566,106.72863180,101.68074366,1745.79450000,27133.56584018,7912.94957600
10,405,0.000000,0.336000,0.00000000,106.72863180,0.00000000,60.97729613,0.00000000,0.00000000,94.69756566,106.72863180,101.68074366,1745.79450000,27482.72474001,7912.94957600
10,406,0.000000,0.342000,0.00000000,107.32720193,0.00000000,63.37347472,0.00000000,0.00000000,94.69756566,107.32720193,101.68074366,1745.79450000,27482.72473981,9891.18697000
10,407,0.000000,0.338000,0.00000000,107.32720193,0.00000000,61.37697558,0.00000000,0.00000000,94.69756566,107.32720193,101.68074366,1745.79450000,27482.72473960,9891.18697000
10,408,0.000000,0.267000,0.00000000,106.72863180,0.00000000,26.53768593,0.00000000,0.00000000,94.69756566,106.72863180,101.68074366,1745.79450000,27831.88363944,7912.94957600
10,409,0.000000,0.245000,0.00000000,73.54194353,0.00000000,48.74362892,0.00000000,0.00000000,63.67817400,73.54194353,68.65710075,1244.73168631,27330.82082555,9891.18697000
10,410,0.000000,0.286000,0.00000000,73.54194353,0.00000000,69.20774513,0.00000000,0.00000000,63.67817400,73.54194353,68.65710075,1244.73168631,26829.75801165,9891.18697000
10,411,0.000000,0.261000,0.00000000,107.32720193,0.00000000,22.94436710,0.00000000,0.00000000,94.69756566,107.32720193,101.68074366,1745.79450000,26829.75801145,9891.18697000
10,412,0.000000,0.249000,0.00000000,107.32720193,0.00000000,16.95486967,0.00000000,0.00000000,94.69756566,107.32720193,101.68074366,1745.79450000,26829.75801124,9891.18697000
10,413,0.000000,0.238000,0.00000000,107.32720193,0.00000000,11.46449703,0.00000000,0.00000000,94.69756566,107.32720193,101.68074366,1745.79450000,26829.75801104,9891.18697000
10,414,0.000000,0.214000,0.00000000,106.81270410,0.00000000,0.00000000,0.00000000,0.00000000,94.22434141,106.81270410,101.17761102,1738.31740395,26822.28091478,9891.18697000
10,415,0.090000,0.193000,14.39839395,92.92880798,0.00000000,3.40227563,0.00000000,0.00000000,94.69756566,107.32720193,101.68074366,1745.79450000,26822.28091458,9891.18697000
10,416,0.240000,0.303000,38.39571719,68.33291461,0.00000000,82.90189540,0.00000000,0.00000000,94.69756566,106.72863180,101.68074366,1745.79450000,27171.43981441,7912.94957600
10,417,0.371000,0.316000,59.35337949,47.97382243,0.00000000,109.74960979,0.00000000,0.00000000,94.69756566,107.32720193,101.68074366,1745.79450000,27171.43981421,9891.18697000
10,418,0.477000,0.241000,76.31148792,31.01571401,0.00000000,89.27335930,0.00000000,0.00000000,94.69756566,107.32720193,101.68074366,1745.79450000,27171.43981400,9891.18697000
10,419,0.570000,0.160000,91.18982833,16.13737360,0.00000000,63.72259209,0.00000000,0.00000000,94.69756566,107.32720193,101.68074366,1745.79450000,27171.43981380,9891.18697000
10,420,0.600000,0.102000,95.98929298,11.33790895,0.00000000,39.57281918,0.00000000,0.00000000,94.69756566,107.32720193,101.68074366,1745.79450000,27171.43981359,9891.18697000
10,421,0.553000,0.071000,88.47013170,18.25850010,0.00000000,17.17935967,0.00000000,0.00000000,94.69756566,106.72863180,101.68074366,1745.79450000,27520.59871343,7912.94957600
10,422,0.480000,0.058000,76.79143438,28.94923756,0.00000000,0.00000000,0.00000000,0.00000000,93.75268221,105.74067194,100.67614235,1730.86503628,27831.88363944,8042.94680042
10,423,0.366000,0.054000,58.55346872,26.95273842,0.00000000,0.00000000,0.00000000,0.00000000,75.13170944,85.50620714,80.86797631,1434.06671739,27831.88363944,8125.02389455
10,424,0.204000,0.071000,2.39428050,0.00000000,30.24207911,35.43785977,0.00000000,0.00000000,0.00000000,2.39428050,0.00000000,0.00000000,26435.24803928,7912.94957600
10,425,0.064000,0.105000,10.23885792,47.43115677,0.00000000,4.97694571,0.00000000,0.00000000,49.73928100,57.67001469,53.75120360,1002.98064984,26041.59308895,7912.94957600
10,426,0.000000,0.161000,0.00000000,72.94337341,0.00000000,7.41571706,0.00000000,0.00000000,63.67817400,72.94337341,68.65710075,1244.73168631,25889.68917509,7912.94957600
10,427,0.000000,0.186000,0.00000000,92.83721011,0.00000000,0.00000000,0.00000000,0.00000000,81.92052879,92.83721011,88.09618156,1543.91319090,26036.96676583,7912.94957600
10,428,0.000000,0.183000,0.00000000,89.29817159,0.00000000,2.04166416,0.00000000,0.00000000,78.66539600,89.29817159,84.63531998,1492.48099468,26132.81216034,7912.94957600
10,429,0.000000,0.190000,0.00000000,89.29817159,0.00000000,5.53553766,0.00000000,0.00000000,78.66539600,89.29817159,84.63531998,1492.48099468,26228.65755485,7912.94957600
10,430,0.000000,0.208000,0.00000000,73.52593950,0.00000000,30.29201589,0.00000000,0.00000000,63.67817400,73.52593950,68.65710075,1244.73168631,25736.93024042,9838.29462174
10,431,0.000000,0.227000,0.00000000,106.72863180,0.00000000,6.57269451,0.00000000,0.00000000,94.69756566,106.72863180,101.68074366,1745.79450000,26086.08914026,7912.94957600
10,432,0.000000,0.282000,0.00000000,106.72863180,0.00000000,34.02455772,0.00000000,0.00000000,94.69756566,106.72863180,101.68074366,1745.79450000,26435.24804010,7912.94957600
10,433,0.000000,0.329000,0.00000000,106.72863180,0.00000000,57.48342264,0.00000000,0.00000000,94.69756566,106.72863180,101.68074366,1745.79450000,26784.40693993,7912.94957600
10,434,0.000000,0.322000,0.00000000,106.72863180,0.00000000,53.98954914,0.00000000,0.00000000,94.69756566,106.72863180,101.68074366,1745.79450000,27133.56583977,7912.94957600
10,435,0.000000,0.274000,0.00000000,106.72863180,0.00000000,30.03155943,0.00000000,0.00000000,94.69756566,106.72863180,101.68074366,1745.79450000,27482.72473960,7912.94957600
10,436,0.000000,0.222000,0.00000000,106.72863180,0.00000000,4.07707059,0.00000000,0.00000000,94.69756566,106.72863180,101.68074366,1745.79450000,27831.88363944,7912.94957600
10,437,0.000000,0.191000,0.00000000,43.47863956,0.00000000,51.85419447,0.00000000,0.00000000,36.84682300,43.47863956,39.91750131,767.66957627,27202.91761554,7912.94957600
10,438,0.000000,0.182000,0.00000000,90.84071096,0.00000000,0.00000000,0.00000000,0.00000000,80.08419096,90.84071096,86.14378481,1514.89846013,27321.18047551,7912.94957600
10,439,0.041000,0.155000,6.55926835,77.36434176,0.00000000,0.00000000,0.00000000,0.00000000,73.19173292,83.92361011,78.79972318,1401.99756679,26977.38354209,9891.18697000
10,440,0.124000,0.221000,19.83778722,86.89084458,0.00000000,23.41573302,0.00000000,0.00000000,94.69756566,106.72863180,101.68074366,1745.79450000,27326.54244193,7912.94957600
10,441,0.240000,0.270000,38.39571719,35.12053583,0.00000000,99.64315626,0.00000000,0.00000000,63.67817400,73.51625302,68.65710075,1244.73168631,26840.46545968,9806.28140824
10,442,0.386000,0.264000,61.75311182,45.57409011,0.00000000,86.19485327,0.00000000,0.00000000,94.69756566,107.32720193,101.68074366,1745.79450000,26840.46545948,9891.18697000
10,443,0.449000,0.227000,71.83198758,34.89664422,0.00000000,78.40468209,0.00000000,0.00000000,94.69756566,106.72863180,101.68074366,1745.79450000,27189.62435931,7912.94957600
10,444,0.454000,0.178000,72.63189835,34.09673345,0.00000000,54.74747838,0.00000000,0.00000000,94.69756566,106.72863180,101.68074366,1745.79450000,27538.78325915,7912.94957600
10,445,0.450000,0.145000,1.16884963,72.37309390,70.82312010,0.00000000,0.00000000,0.00000000,63.67817400,73.54194353,68.65710075,1244.73168631,27037.72044526,9891.18697000
10,446,0.444000,0.126000,71.03207680,35.69655500,0.00000000,27.19316798,0.00000000,0.00000000,94.69756566,106.72863180,101.68074366,1745.79450000,27386.87934509,7912.94957600
10,447,0.373000,0.114000,59.67334380,47.05528800,0.00000000,9.84493755,0.00000000,0.00000000,94.69756566,106.72863180,101.68074366,1745.79450000,27736.03824493,7912.94957600
10,448,0.239000,0.119000,38.23573504,51.06243655,0.00000000,8.33341292,0.00000000,0.00000000,78.66539600,89.29817159,84.63531998,1492.48099468,27831.88363944,7912.94957600
10,449,0.069000,0.140000,11.03876869,69.87746997,0.00000000,0.00000000,0.00000000,0.00000000,70.98435365,80.91623867,76.44638591,1365.50806433,27800.75610361,7912.94957600
10,450,0.000000,0.215000,0.00000000,2.39428050,0.00000000,104.91754839,0.00000000,0.00000000,0.00000000,2.39428050,0.00000000,0.00000000,26404.12050344,7912.94957600
10,451,0.000000,0.302000,0.00000000,106.72863180,0.00000000,44.00705343,0.00000000,0.00000000,94.69756566,106.72863180,101.68074366,1745.79450000,26753.27940328,7912.94957600
10,452,0.000000,0.355000,0.00000000,73.03596454,0.00000000,104.15333432,0.00000000,0.00000000,63.67817400,73.03596454,68.65710075,1244.73168631,26547.36507939,8218.95756486
10,453,0.000000,0.401000,0.00000000,107.32720193,0.00000000,92.82183707,0.00000000,0.00000000,94.69756566,107.32720193,101.68074366,1745.79450000,26547.36507919,9891.18697000
10,454,0.000000,0.411000,0.00000000,72.94337341,0.00000000,132.19691344,0.00000000,0.00000000,63.67817400,72.94337341,68.65710075,1244.73168631,26395.46116534,7912.94957600
10,455,0.000000,0.410000,0.00000000,106.72863180,0.00000000,97.91253026,0.00000000,0.00000000,94.69756566,106.72863180,101.68074366,1745.79450000,26744.62006517,7912.94957600
10,456,0.000000,0.395000,0.00000000,106.72863180,0.00000000,90.42565848,0.00000000,0.00000000,94.69756566,106.72863180,101.68074366,1745.79450000,27093.77896501,7912.94957600
10,457,0.000000,0.413000,0.00000000,106.72863180,0.00000000,99.40990462,0.00000000,0.00000000,94.69756566,106.72863180,101.68074366,1745.79450000,27442.93786484,7912.94957600
10,458,0.000000,0.425000,0.00000000,89.29817159,0.00000000,122.82986226,0.00000000,0.00000000,78.66539600,89.29817159,84.63531998,1492.48099468,27538.78325935,7912.94957600
10,459,0.000000,0.421000,0.00000000,73.54194353,0.00000000,136.58959117,0.00000000,0.00000000,63.67817400,73.54194353,68.65710075,1244.73168631,27037.72044546,9891.18697000
10,460,0.000000,0.423000,0.00000000,89.89674172,0.00000000,121.23304256,0.00000000,0.00000000,78.66539600,89.89674172,84.63531998,1492.48099468,26784.40693993,9891.18697000
10,461,0.000000,0.422000,0.00000000,106.72863180,0.00000000,103.90202769,0.00000000,0.00000000,94.69756566,106.72863180,101.68074366,1745.79450000,27133.56583977,7912.94957600
10,462,0.000000,0.394000,0.00000000,106.72863180,0.00000000,89.92653369,0.00000000,0.00000000,94.69756566,106.72863180,101.68074366,1745.79450000,27482.72473960,7912.94957600
10,463,0.092000,0.351000,14.71835826,92.01027354,0.00000000,83.18252617,0.00000000,0.00000000,94.69756566,106.72863180,101.68074366,1745.79450000,27831.88363944,7912.94957600
10,464,0.277000,0.432000,44.31505693,63.01214500,0.00000000,152.60976235,0.00000000,0.00000000,94.69756566,107.32720193,101.68074366,1745.79450000,27831.88363923,9891.18697000
10,465,0.449000,0.406000,71.83198758,35.49521435,0.00000000,167.14944858,0.00000000,0.00000000,94.69756566,107.32720193,101.68074366,1745.79450000,27831.88363903,9891.18697000
10,466,0.566000,0.317000,2.99285063,0.00000000,87.55704909,158.22255701,0.00000000,0.00000000,0.00000000,2.99285063,0.00000000,0.00000000,26086.08913882,9891.18697000
10,467,0.631000,0.233000,100.94873978,5.77989202,0.00000000,110.51618301,0.00000000,0.00000000,94.69756566,106.72863180,101.68074366,1745.79450000,26435.24803866,7912.94957600
10,468,0.647000,0.168000,72.94337341,0.00000000,30.56508085,83.85296397,0.00000000,0.00000000,63.67817400,72.94337341,68.65710075,1244.73168631,26283.34412481,7912.94957600
10,469,0.619000,0.130000,99.02895392,8.29824800,0.00000000,56.58797412,0.00000000,0.00000000,94.69756566,107.32720193,101.68074366,1745.79450000,26283.34412460,9891.18697000
10,470,0.549000,0.110000,87.83020308,18.89842872,0.00000000,36.00529768,0.00000000,0.00000000,94.69756566,106.72863180,101.68074366,1745.79450000,26632.50302444,7912.94957600
10,471,0.420000,0.101000,67.19250509,39.53612672,0.00000000,10.87547662,0.00000000,0.00000000,94.69756566,106.72863180,101.68074366,1745.79450000,26981.66192428,7912.94957600
10,472,0.231000,0.100000,36.95587780,49.91247855,0.00000000,0.00000000,0.00000000,0.00000000,76.43875998,86.86835635,82.26145264,1455.67316477,27040.69948888,7912.94957600
10,473,0.081000,0.115000,12.95855455,30.52008501,0.00000000,26.87926533,0.00000000,0.00000000,36.84682300,43.47863956,39.91750131,767.66957627,26411.73346498,7912.94957600
10,474,0.000000,0.174000,0.00000000,86.84771268,0.00000000,0.00000000,0.00000000,0.00000000,76.41984252,86.84771268,82.24128430,1455.36044608,26470.45831089,7912.94957600
10,475,0.000000,0.244000,0.00000000,106.72863180,0.00000000,15.05781587,0.00000000,0.00000000,94.69756566,106.72863180,101.68074366,1745.79450000,26819.61721073,7912.94957600
10,476,0.000000,0.302000,0.00000000,107.32720193,0.00000000,43.40848330,0.00000000,0.00000000,94.69756566,107.32720193,101.68074366,1745.79450000,26819.61721053,9891.18697000
10,477,0.000000,0.358000,0.00000000,106.72863180,0.00000000,71.95804142,0.00000000,0.00000000,94.69756566,106.72863180,101.68074366,1745.79450000,27168.77611036,7912.94957600
10,478,0.000000,0.395000,0.00000000,72.94337341,0.00000000,124.21091687,0.00000000,0.00000000,63.67817400,72.94337341,68.65710075,1244.73168631,27016.87219651,7912.94957600
10,479,0.000000,0.393000,0.00000000,106.72863180,0.00000000,89.42740891,0.00000000,0.00000000,94.69756566,106.72863180,101.68074366,1745.79450000,27366.03109634,7912.94957600
10,480,0.000000,0.376000,0.00000000,106.72863180,0.00000000,80.94228756,0.00000000,0.00000000,94.69756566,106.72863180,101.68074366,1745.79450000,27715.18999618,7912.94957600
10,481,0.000000,0.355000,0.00000000,107.32720193,0.00000000,69.86209693,0.00000000,0.00000000,94.69756566,107.32720193,101.68074366,1745.79450000,27715.18999598,9891.18697000
10,482,0.000000,0.355000,0.00000000,107.12715167,0.00000000,70.06214719,0.00000000,0.00000000,94.69756566,107.12715167,101.68074366,1745.79450000,27831.88363944,9230.03318151
10,483,0.000000,0.363000,0.00000000,73.28153160,0.00000000,107.90076555,0.00000000,0.00000000,63.67817400,73.28153160,68.65710075,1244.73168631,27482.72473960,9030.54156457
10,484,0.000000,0.379000,0.00000000,106.72863180,0.00000000,82.43966191,0.00000000,0.00000000,94.69756566,106.72863180,101.68074366,1745.79450000,27831.88363944,7912.94957600
10,485,0.000000,0.444000,0.00000000,73.54194353,0.00000000,148.06946124,0.00000000,0.00000000,63.67817400,73.54194353,68.65710075,1244.73168631,27330.82082555,9891.18697000
10,486,0.000000,0.442000,0.00000000,107.06678999,0.00000000,113.54636521,0.00000000,0.00000000,94.69756566,107.06678999,101.68074366,1745.79450000,27482.72473960,9030.54156341
10,487,0.108000,0.403000,17.27807274,89.45055906,0.00000000,111.69672950,0.00000000,0.00000000,94.69756566,106.72863180,101.68074366,1745.79450000,27831.88363944,7912.94957600
10,488,0.297000,0.531000,47.51470002,59.81250190,0.00000000,205.22275921,0.00000000,0.00000000,94.69756566,107.32720193,101.68074366,1745.79450000,27831.88363923,9891.18697000
10,489,0.462000,0.547000,73.91175559,33.41544633,0.00000000,239.60581135,0.00000000,0.00000000,94.69756566,107.32720193,101.68074366,1745.79450000,27831.88363944,9891.18696768
10,490,0.571000,0.436000,72.94337341,0.00000000,18.40643708,217.61840649,0.00000000,0.00000000,63.67817400,72.94337341,68.65710075,1244.73168631,27679.97972559,7912.94957600
10,491,0.633000,0.308000,101.26870409,5.79808590,0.00000000,147.93234804,0.00000000,0.00000000,94.69756566,107.06678999,101.68074366,1745.79450000,27831.88363944,9030.54156457
10,492,0.654000,0.203000,104.62832935,2.69887258,0.00000000,98.62345888,0.00000000,0.00000000,94.69756566,107.32720193,101.68074366,1745.79450000,27831.88363944,9891.18696884
10,493,0.627000,0.140000,19.72762069,69.87746997,80.58119048,0.00000000,0.00000000,0.00000000,78.66539600,89.60509066,84.63531998,1492.48099468,27748.69650309,8927.29819278
10,494,0.556000,0.112000,88.95007816,18.37712376,0.00000000,37.52485221,0.00000000,0.00000000,94.69756566,107.32720193,101.68074366,1745.79450000,27748.69650288,9891.18697000
10,495,0.439000,0.101000,70.23216603,2.71120738,0.00000000,47.70039596,0.00000000,0.00000000,63.67817400,72.94337341,68.65710075,1244.73168631,27596.79258903,7912.94957600
10,496,0.278000,0.109000,44.47503908,54.40460162,0.00000000,0.00000000,0.00000000,0.00000000,87.47822909,98.87964070,94.00513569,1631.72665057,27831.88363944,7912.94957600
10,497,0.083000,0.153000,13.27851886,76.36609218,0.00000000,0.00000000,0.00000000,0.00000000,78.66539600,89.64461105,84.63532017,1492.48104146,27725.64360372,9057.90978569
10,498,0.000000,0.253000,0.00000000,73.43756036,0.00000000,52.84101038,0.00000000,0.00000000,63.67817400,73.43756036,68.65710075,1244.73168631,27285.46975465,9546.20699937
10,499,0.000000,0.314000,0.00000000,106.72863180,0.00000000,49.99655085,0.00000000,0.00000000,94.69756566,106.72863180,101.68074366,1745.79450000,27634.62865448,7912.94957600
10,500,0.000000,0.353000,0.00000000,107.32720193,0.00000000,68.86384736,0.00000000,0.00000000,94.69756566,107.32720193,101.68074366,1745.79450000,27634.62865428,9891.18697000
10,501,0.000000,0.393000,0.00000000,107.32720193,0.00000000,88.82883878,0.00000000,0.00000000,94.69756566,107.32720193,101.68074366,1745.79450000,27634.62865407,9891.18697000
10,502,0.000000,0.413000,0.00000000,107.32720193,0.00000000,98.81133449,0.00000000,0.00000000,94.69756566,107.32720193,101.68074366,1745.79450000,27634.62865387,9891.18697000
10,503,0.000000,0.407000,0.00000000,73.54194353,0.00000000,129.60184417,0.00000000,0.00000000,63.67817400,73.54194353,68.65710075,1244.73168631,27133.56583997,9891.18697000
10,504,0.000000,0.369000,0.00000000,106.72863180,0.00000000,77.44841406,0.00000000,0.00000000,94.69756566,106.72863180,101.68074366,1745.79450000,27482.72473981,7912.94957600
10,505,0.000000,0.331000,0.00000000,107.32720193,0.00000000,57.88310208,0.00000000,0.00000000,94.69756566,107.32720193,101.68074366,1745.79450000,27482.72473960,9891.18697000
10,506,0.000000,0.302000,0.00000000,106.72863180,0.00000000,44.00705343,0.00000000,0.00000000,94.69756566,106.72863180,101.68074366,1745.79450000,27831.88363944,7912.94957600
10,507,0.000000,0.297000,0.00000000,73.54194353,0.00000000,74.69811777,0.00000000,0.00000000,63.67817400,73.54194353,68.65710075,1244.73168631,27330.82082555,9891.18697000
10,508,0.000000,0.300000,0.00000000,106.97068774,0.00000000,42.76674791,0.00000000,0.00000000,94.69756566,106.97068774,101.68074366,1745.79450000,27538.78325976,8712.92955117
10,509,0.000000,0.294000,0.00000000,73.54194353,0.00000000,73.20074341,0.00000000,0.00000000,63.67817400,73.54194353,68.65710075,1244.73168631,27037.72044587,9891.18697000
10,510,0.000000,0.289000,0.00000000,106.72863180,0.00000000,37.51843122,0.00000000,0.00000000,94.69756566,106.72863180,101.68074366,1745.79450000,27386.87934571,7912.94957600
10,511,0.114000,0.296000,18.23796567,89.08923626,0.00000000,58.65170025,0.00000000,0.00000000,94.69756566,107.32720193,101.68074366,1745.79450000,27386.87934550,9891.18697000
10,512,0.306000,0.503000,48.95453942,58.37266251,0.00000000,192.68710461,0.00000000,0.00000000,94.69756566,107.32720193,101.68074366,1745.79450000,27386.87934530,9891.18697000
10,513,0.461000,0.556000,73.75177344,16.14496828,0.00000000,261.36841247,0.00000000,0.00000000,78.66539600,89.89674172,84.63531998,1492.48099468,27133.56583977,9891.18697000
10,514,0.568000,0.525000,90.86986402,15.85876778,0.00000000,246.18174462,0.00000000,0.00000000,94.69756566,106.72863180,101.68074366,1745.79450000,27482.72473960,7912.94957600
10,515,0.629000,0.494000,100.62877547,6.09985633,0.00000000,240.46778772,0.00000000,0.00000000,94.69756566,106.72863180,101.68074366,1745.79450000,27831.88363944,7912.94957600
10,516,0.641000,0.483000,102.54856133,4.77864059,0.00000000,236.29863081,0.00000000,0.00000000,94.69756566,107.32720193,101.68074366,1745.79450000,27831.88363923,9891.18697000
10,517,0.609000,0.475000,43.47863956,0.00000000,53.95049281,237.08427312,0.00000000,0.00000000,36.84682300,43.47863956,39.91750131,767.66957627,27202.91761534,7912.94957600
10,518,0.523000,0.459000,83.67066705,23.17685590,0.00000000,205.92142066,0.00000000,0.00000000,94.69756566,106.84752294,101.68074366,1745.79450000,27482.72473981,8305.87748176
10,519,0.414000,0.461000,66.23261216,41.09458977,0.00000000,189.00193636,0.00000000,0.00000000,94.69756566,107.32720193,101.68074366,1745.79450000,27482.72473960,9891.18697000
10,520,0.235000,0.480000,37.59580642,69.13282538,0.00000000,170.44707167,0.00000000,0.00000000,94.69756566,106.72863180,101.68074366,1745.79450000,27831.88363944,7912.94957600
10,521,0.074000,0.505000,11.83867947,95.48852246,0.00000000,156.56949423,0.00000000,0.00000000,94.69756566,107.32720193,101.68074366,1745.79450000,27831.88363944,9891.18696884
10,522,0.000000,0.495000,0.00000000,72.94337341,0.00000000,174.12339542,0.00000000,0.00000000,63.67817400,72.94337341,68.65710075,1244.73168631,27679.97972559,7912.94957600
10,523,0.000000,0.516000,0.00000000,107.32720193,0.00000000,150.22118740,0.00000000,0.00000000,94.69756566,107.32720193,101.68074366,1745.79450000,27679.97972538,9891.18697000
10,524,0.000000,0.626000,0.00000000,107.32720193,0.00000000,205.12491381,0.00000000,0.00000000,94.69756566,107.32720193,101.68074366,1745.79450000,27679.97972518,9891.18697000
10,525,0.000000,0.692000,0.00000000,73.54194353,0.00000000,271.85240805,0.00000000,0.00000000,63.67817400,73.54194353,68.65710075,1244.73168631,27178.91691128,9891.18697000
10,526,0.000000,0.690000,0.00000000,107.32720193,0.00000000,237.06890008,0.00000000,0.00000000,94.69756566,107.32720193,101.68074366,1745.79450000,27178.91691108,9891.18697000
10,527,0.000000,0.651000,0.00000000,107.32720193,0.00000000,217.60303345,0.00000000,0.00000000,94.69756566,107.32720193,101.68074366,1745.79450000,27178.91691087,9891.18697000
10,528,0.000000,0.588000,0.00000000,73.09886592,0.00000000,220.38650797,0.00000000,0.00000000,63.67817400,73.09886592,68.65710075,1244.73168631,26936.31085440,8426.84273533
10,529,0.000000,0.498000,0.00000000,106.72863180,0.00000000,141.83551139,0.00000000,0.00000000,94.69756566,106.72863180,101.68074366,1745.79450000,27285.46975424,7912.94957600
10,530,0.000000,0.413000,0.00000000,106.72863180,0.00000000,99.40990462,0.00000000,0.00000000,94.69756566,106.72863180,101.68074366,1745.79450000,27634.62865407,7912.94957600
10,531,0.000000,0.370000,0.00000000,107.32720193,0.00000000,77.34896872,0.00000000,0.00000000,94.69756566,107.32720193,101.68074366,1745.79450000,27634.62865387,9891.18697000
10,532,0.000000,0.348000,0.00000000,107.32720193,0.00000000,66.36822344,0.00000000,0.00000000,94.69756566,107.32720193,101.68074366,1745.79450000,27634.62865366,9891.18697000
10,533,0.000000,0.312000,0.00000000,107.32720193,0.00000000,48.39973116,0.00000000,0.00000000,94.69756566,107.32720193,101.68074366,1745.79450000,27634.62865346,9891.18697000
10,534,0.000000,0.267000,0.00000000,72.94337341,0.00000000,60.32294433,0.00000000,0.00000000,63.67817400,72.94337341,68.65710075,1244.73168631,27482.72473960,7912.94957600
10,535,0.114000,0.291000,18.23796567,88.49066613,0.00000000,56.75464645,0.00000000,0.00000000,94.69756566,106.72863180,101.68074366,1745.79450000,27831.88363944,7912.94957600
10,536,0.294000,0.539000,47.03475356,60.29244837,0.00000000,208.73581103,0.00000000,0.00000000,94.69756566,107.32720193,101.68074366,1745.79450000,27831.88363923,9891.18697000
10,537,0.441000,0.649000,70.55213034,36.77507159,0.00000000,287.15691422,0.00000000,0.00000000,94.69756566,107.32720193,101.68074366,1745.79450000,27831.88363903,9891.18697000
10,538,0.542000,0.685000,86.71032799,20.61687393,0.00000000,321.28360415,0.00000000,0.00000000,94.69756566,107.32720193,101.68074366,1745.79450000,27831.88363882,9891.18697000
10,539,0.585000,0.703000,89.89674172,0.00000000,3.69281894,350.88472422,0.00000000,0.00000000,78.66539600,89.89674172,84.63531998,1492.48099468,27578.57013330,9891.18697000
10,540,0.590000,0.711000,94.38947143,12.50347006,0.00000000,342.37425245,0.00000000,0.00000000,94.69756566,106.89294149,101.68074366,1745.79450000,27831.88363944,8455.98296802
10,541,0.569000,0.725000,91.02984618,16.29735575,0.00000000,345.56811375,0.00000000,0.00000000,94.69756566,107.32720192,101.68074366,1745.79450000,27831.88364026,9891.18696419
10,542,0.493000,0.726000,78.87120240,28.45599953,0.00000000,333.90859476,0.00000000,0.00000000,94.69756566,107.32720193,101.68074366,1745.79450000,27831.88364005,9891.18697000
10,543,0.401000,0.713000,64.15284414,43.17435778,0.00000000,312.70161429,0.00000000,0.00000000,94.69756566,107.32720193,101.68074366,1745.79450000,27831.88363985,9891.18697000
10,544,0.257000,0.705000,41.11541383,66.21178810,0.00000000,285.67118569,0.00000000,0.00000000,94.69756566,107.32720193,101.68074366,1745.79450000,27831.88363964,9891.18697000
10,545,0.091000,0.707000,14.55837610,92.76882582,0.00000000,260.11239754,0.00000000,0.00000000,94.69756566,107.32720193,101.68074366,1745.79450000,27831.88363944,9891.18697000
10,546,0.000000,0.720000,0.00000000,73.34973904,0.00000000,286.02010654,0.00000000,0.00000000,63.67817400,73.34973904,68.65710075,1244.73168631,27442.93786628,9255.96294319
10,547,0.000000,0.726000,0.00000000,107.32720193,0.00000000,255.03739236,0.00000000,0.00000000,94.69756566,107.32720193,101.68074366,1745.79450000,27442.93786607,9891.18697000
10,548,0.000000,0.676000,0.00000000,107.32720193,0.00000000,230.08115309,0.00000000,0.00000000,94.69756566,107.32720193,101.68074366,1745.79450000,27442.93786587,9891.18697000
10,549,0.000000,0.616000,0.00000000,107.32720193,0.00000000,200.13366596,0.00000000,0.00000000,94.69756566,107.32720193,101.68074366,1745.79450000,27442.93786566,9891.18697000
10,550,0.000000,0.539000,0.00000000,107.32720193,0.00000000,161.70105747,0.00000000,0.00000000,94.69756566,107.32720193,101.68074366,1745.79450000,27442.93786546,9891.18697000
10,551,0.000000,0.468000,0.00000000,89.29817159,0.00000000,144.29222803,0.00000000,0.00000000,78.66539600,89.29817159,84.63531998,1492.48099468,27538.78325997,7912.94957600
10,552,0.000000,0.386000,0.00000000,107.32720193,0.00000000,85.33496529,0.00000000,0.00000000,94.69756566,107.32720193,101.68074366,1745.79450000,27538.78325976,9891.18697000
10,553,0.000000,0.280000,0.00000000,89.89674172,0.00000000,49.85819823,0.00000000,0.00000000,78.66539600,89.89674172,84.63531998,1492.48099468,27285.46975424,9891.18697000
10,554,0.000000,0.279000,0.00000000,73.54194353,0.00000000,65.71387163,0.00000000,0.00000000,63.67817400,73.54194353,68.65710075,1244.73168631,26784.40694034,9891.18697000
10,555,0.000000,0.337000,0.00000000,106.72863180,0.00000000,61.47642092,0.00000000,0.00000000,94.69756566,106.72863180,101.68074366,1745.79450000,27133.56584018,7912.94957600
10,556,0.000000,0.341000,0.00000000,106.72863180,0.00000000,63.47292006,0.00000000,0.00000000,94.69756566,106.72863180,101.68074366,1745.79450000,27482.72474001,7912.94957600
10,557,0.000000,0.345000,0.00000000,106.72863180,0.00000000,65.46941920,0.00000000,0.00000000,94.69756566,106.72863180,101.68074366,1745.79450000,27831.88363985,7912.94957600
10,558,0.000000,0.337000,0.00000000,107.32720193,0.00000000,60.87785080,0.00000000,0.00000000,94.69756566,107.32720193,101.68074366,1745.79450000,27831.88363964,9891.18697000
10,559,0.105000,0.275000,16.79812627,90.52907565,0.00000000,46.73024036,0.00000000,0.00000000,94.69756566,107.32720193,101.68074366,1745.79450000,27831.88363944,9891.18697000
10,560,0.290000,0.427000,0.00000000,73.28153160,46.39482494,139.84475182,0.00000000,0.00000000,63.67817400,73.28153160,68.65710075,1244.73168631,27482.72474001,9030.54156225
10,561,0.450000,0.538000,71.99196973,35.33523219,0.00000000,233.19390242,0.00000000,0.00000000,94.69756566,107.32720193,101.68074366,1745.79450000,27482.72473981,9891.18697000
10,562,0.558000,0.484000,89.27004247,18.05715945,0.00000000,223.51923674,0.00000000,0.00000000,94.69756566,107.32720193,101.68074366,1745.79450000,27482.72473960,9891.18697000
10,563,0.619000,0.362000,99.02895392,7.69967788,0.00000000,172.98349448,0.00000000,0.00000000,94.69756566,106.72863180,101.68074366,1745.79450000,27831.88363944,7912.94957600
10,564,0.634000,0.270000,101.42868625,5.89851568,0.00000000,128.86517641,0.00000000,0.00000000,94.69756566,107.32720193,101.68074366,1745.79450000,27831.88363923,9891.18697000
10,565,0.608000,0.254000,97.26915022,10.05805171,0.00000000,116.71964382,0.00000000,0.00000000,94.69756566,107.32720193,101.68074366,1745.79450000,27831.88363903,9891.18697000
10,566,0.540000,0.281000,86.39036368,3.41027578,0.00000000,136.84378895,0.00000000,0.00000000,78.66539600,89.80063947,84.63531998,1492.48099468,27634.62865428,9573.57495427
10,567,0.433000,0.316000,69.27227310,38.05492883,0.00000000,119.66850340,0.00000000,0.00000000,94.69756566,107.32720193,101.68074366,1745.79450000,27634.62865407,9891.18697000
10,568,0.267000,0.357000,42.71523538,30.82670816,0.00000000,147.36084027,0.00000000,0.00000000,63.67817400,73.54194353,68.65710075,1244.73168631,27133.56584018,9891.18697000
10,569,0.086000,0.396000,13.75846533,93.56873660,0.00000000,104.08467847,0.00000000,0.00000000,94.69756566,107.32720193,101.68074366,1745.79450000,27133.56583997,9891.18697000
10,570,0.000000,0.440000,0.00000000,107.32720193,0.00000000,112.28770370,0.00000000,0.00000000,94.69756566,107.32720193,101.68074366,1745.79450000,27133.56583977,9891.18697000
10,571,0.000000,0.488000,0.00000000,106.72863180,0.00000000,136.84426353,0.00000000,0.00000000,94.69756566,106.72863180,101.68074366,1745.79450000,27482.72473960,7912.94957600
10,572,0.000000,0.464000,0.00000000,106.72863180,0.00000000,124.86526868,0.00000000,0.00000000,94.69756566,106.72863180,101.68074366,1745.79450000,27831.88363944,7912.94957600
10,573,0.000000,0.414000,0.00000000,89.89674172,0.00000000,116.74091949,0.00000000,0.00000000,78.66539600,89.89674172,84.63531998,1492.48099468,27578.57013391,9891.18697000
10,574,0.000000,0.380000,0.00000000,107.32720193,0.00000000,82.34021657,0.00000000,0.00000000,94.69756566,107.32720193,101.68074366,1745.79450000,27578.57013371,9891.18697000
10,575,0.000000,0.345000,0.00000000,107.32720193,0.00000000,64.87084908,0.00000000,0.00000000,94.69756566,107.32720193,101.68074366,1745.79450000,27578.57013350,9891.18697000
10,576,0.000000,0.320000,0.00000000,106.89294149,0.00000000,52.82698988,0.00000000,0.00000000,94.69756566,106.89294149,101.68074366,1745.79450000,27831.88363944,8455.98296918
10,577,0.000000,0.286000,0.00000000,72.94337341,0.00000000,69.80631525,0.00000000,0.00000000,63.67817400,72.94337341,68.65710075,1244.73168631,27679.97972559,7912.94957600
10,578,0.000000,0.261000,0.00000000,107.32720193,0.00000000,22.94436710,0.00000000,0.00000000,94.69756566,107.32720193,101.68074366,1745.79450000,27679.97972538,9891.18697000
10,579,0.000000,0.262000,0.00000000,72.94337341,0.00000000,57.82732040,0.00000000,0.00000000,63.67817400,72.94337341,68.65710075,1244.73168631,27528.07581153,7912.94957600
10,580,0.000000,0.277000,0.00000000,89.89674172,0.00000000,48.36082387,0.00000000,0.00000000,78.66539600,89.89674172,84.63531998,1492.48099468,27274.76230600,9891.18697000
10,581,0.000000,0.304000,0.00000000,107.32720193,0.00000000,44.40673287,0.00000000,0.00000000,94.69756566,107.32720193,101.68074366,1745.79450000,27274.76230580,9891.18697000
10,582,0.000000,0.317000,0.00000000,106.97068774,0.00000000,51.25186927,0.00000000,0.00000000,94.69756566,106.97068774,101.68074366,1745.79450000,27482.72473960,8712.92955349
10,583,0.114000,0.317000,18.23796567,88.49066613,0.00000000,69.73189088,0.00000000,0.00000000,94.69756566,106.72863180,101.68074366,1745.79450000,27831.88363944,7912.94957600
10,584,0.299000,0.401000,47.83466433,59.49253759,0.00000000,140.65650140,0.00000000,0.00000000,94.69756566,107.32720193,101.68074366,1745.79450000,27831.88363923,9891.18697000
10,585,0.453000,0.325000,72.47191620,1.07002733,0.00000000,161.14552796,0.00000000,0.00000000,63.67817400,73.54194353,68.65710075,1244.73168631,27330.82082534,9891.18697000
10,586,0.551000,0.254000,88.15016739,18.91662260,0.00000000,107.86107292,0.00000000,0.00000000,94.69756566,107.06678999,101.68074366,1745.79450000,27482.72473960,9030.54156225
10,587,0.614000,0.219000,98.22904315,8.49958865,0.00000000,100.80873938,0.00000000,0.00000000,94.69756566,106.72863180,101.68074366,1745.79450000,27831.88363944,7912.94957600
10,588,0.629000,0.201000,100.62877547,6.69842645,0.00000000,93.62565544,0.00000000,0.00000000,94.69756566,107.32720193,101.68074366,1745.79450000,27831.88363923,9891.18697000
10,589,0.599000,0.220000,95.82931082,11.49789110,0.00000000,98.30956171,0.00000000,0.00000000,94.69756566,107.32720193,101.68074366,1745.79450000,27831.88363903,9891.18697000
10,590,0.518000,0.270000,82.87075627,24.45644565,0.00000000,110.30724644,0.00000000,0.00000000,94.69756566,107.32720193,101.68074366,1745.79450000,27831.88363882,9891.18697000
10,591,0.369000,0.355000,59.03341518,48.29378674,0.00000000,128.89551212,0.00000000,0.00000000,94.69756566,107.32720193,101.68074366,1745.79450000,27831.88363862,9891.18697000
10,592,0.215000,0.459000,34.39616332,39.14578022,0.00000000,189.95249634,0.00000000,0.00000000,63.67817400,73.54194353,68.65710075,1244.73168631,27330.82082473,9891.18697000
10,593,0.071000,0.550000,11.35873300,95.36989880,0.00000000,179.14873324,0.00000000,0.00000000,94.69756566,106.72863180,101.68074366,1745.79450000,27679.97972456,7912.94957600
10,594,0.000000,0.618000,0.00000000,107.29930712,0.00000000,201.15981034,0.00000000,0.00000000,94.69756566,107.29930712,101.68074366,1745.79450000,27696.25137058,9798.99633986
10,595,0.000000,0.646000,0.00000000,107.32720193,0.00000000,215.10740952,0.00000000,0.00000000,94.69756566,107.32720193,101.68074366,1745.79450000,27696.25137037,9891.18697000
10,596,0.000000,0.635000,0.00000000,89.89674172,0.00000000,227.04749709,0.00000000,0.00000000,78.66539600,89.89674172,84.63531998,1492.48099468,27442.93786484,9891.18697000
10,597,0.000000,0.620000,0.00000000,72.94337341,0.00000000,236.51399361,0.00000000,0.00000000,63.67817400,72.94337341,68.65710075,1244.73168631,27291.03395099,7912.94957600
10,598,0.000000,0.587000,0.00000000,107.32720193,0.00000000,185.65904718,0.00000000,0.00000000,94.69756566,107.32720193,101.68074366,1745.79450000,27291.03395079,9891.18697000
10,599,0.000000,0.544000,0.00000000,89.29817159,0.00000000,182.22571173,0.00000000,0.00000000,78.66539600,89.29817159,84.63531998,1492.48099468,27386.87934530,7912.94957600
10,600,0.000000,0.484000,0.00000000,89.29817159,0.00000000,152.27822460,0.00000000,0.00000000,78.66539600,89.29817159,84.63531998,1492.48099468,27482.72473981,7912.94957600
10,601,0.000000,0.437000,0.00000000,107.32720193,0.00000000,110.79032935,0.00000000,0.00000000,94.69756566,107.32720193,101.68074366,1745.79450000,27482.72473960,9891.18697000
10,602,0.000000,0.402000,0.00000000,106.72863180,0.00000000,93.91953198,0.00000000,0.00000000,94.69756566,106.72863180,101.68074366,1745.79450000,27831.88363944,7912.94957600
10,603,0.000000,0.376000,0.00000000,107.32720193,0.00000000,80.34371743,0.00000000,0.00000000,94.69756566,107.32720193,101.68074366,1745.79450000,27831.88363923,9891.18697000
10,604,0.000000,0.358000,0.00000000,107.32720193,0.00000000,71.35947129,0.00000000,0.00000000,94.69756566,107.32720193,101.68074366,1745.79450000,27831.88363903,9891.18697000
10,605,0.000000,0.344000,0.00000000,73.28153160,0.00000000,98.41739462,0.00000000,0.00000000,63.67817400,73.28153160,68.65710075,1244.73168631,27482.72473981,9030.54156109
10,606,0.000000,0.336000,0.00000000,107.32720193,0.00000000,60.37872601,0.00000000,0.00000000,94.69756566,107.32720193,101.68074366,1745.79450000,27482.72473960,9891.18697000
10,607,0.099000,0.454000,15.83823334,90.89039846,0.00000000,135.71225417,0.00000000,0.00000000,94.69756566,106.72863180,101.68074366,1745.79450000,27831.88363944,7912.94957600
10,608,0.286000,0.739000,45.75489632,61.57230561,0.00000000,307.28091090,0.00000000,0.00000000,94.69756566,107.32720193,101.68074366,1745.79450000,27831.88363923,9891.18697000
10,609,0.445000,0.758000,0.00000000,73.54194353,71.19205896,304.79464389,0.00000000,0.00000000,63.67817400,73.54194353,68.65710075,1244.73168631,27330.82082534,9891.18697000
10,610,0.555000,0.682000,88.79009601,0.50807558,0.00000000,339.89502814,0.00000000,0.00000000,78.66539600,89.29817159,84.63531998,1492.48099468,27426.66621985,7912.94957600
10,611,0.614000,0.604000,98.22904315,8.69610976,0.00000000,292.77526069,0.00000000,0.00000000,94.69756566,106.92515291,101.68074366,1745.79450000,27661.19010525,8562.43974281
10,612,0.626000,0.547000,100.14882901,7.17837292,0.00000000,265.84288476,0.00000000,0.00000000,94.69756566,107.32720193,101.68074366,1745.79450000,27661.19010504,9891.18697000
10,613,0.591000,0.507000,94.54945358,12.77774834,0.00000000,240.27851792,0.00000000,0.00000000,94.69756566,107.32720193,101.68074366,1745.79450000,27661.19010484,9891.18697000
10,614,0.513000,0.488000,82.07084550,25.25635643,0.00000000,218.31653891,0.00000000,0.00000000,94.69756566,107.32720193,101.68074366,1745.79450000,27661.19010463,9891.18697000
10,615,0.386000,0.491000,61.75311182,11.78883172,0.00000000,233.28143797,0.00000000,0.00000000,63.67817400,73.54194353,68.65710075,1244.73168631,27160.12729074,9891.18697000
10,616,0.238000,0.516000,38.07575288,51.82098883,0.00000000,205.72740050,0.00000000,0.00000000,78.66539600,89.89674172,84.63531998,1492.48099468,26906.81378521,9891.18697000
10,617,0.081000,0.547000,12.95855455,94.36864737,0.00000000,178.65261031,0.00000000,0.00000000,94.69756566,107.32720193,101.68074366,1745.79450000,26906.81378500,9891.18697000
10,618,0.000000,0.584000,0.00000000,107.32720193,0.00000000,184.16167282,0.00000000,0.00000000,94.69756566,107.32720193,101.68074366,1745.79450000,26906.81378480,9891.18697000
10,619,0.000000,0.626000,0.00000000,107.32720193,0.00000000,205.12491381,0.00000000,0.00000000,94.69756566,107.32720193,101.68074366,1745.79450000,26906.81378459,9891.18697000
10,620,0.000000,0.636000,0.00000000,107.32720193,0.00000000,210.11616167,0.00000000,0.00000000,94.69756566,107.32720193,101.68074366,1745.79450000,26906.81378439,9891.18697000
10,621,0.000000,0.606000,0.00000000,73.54194353,0.00000000,228.92767649,0.00000000,0.00000000,63.67817400,73.54194353,68.65710075,1244.73168631,26405.75097050,9891.18697000
10,622,0.000000,0.550000,0.00000000,107.32720193,0.00000000,167.19143011,0.00000000,0.00000000,94.69756566,107.32720193,101.68074366,1745.79450000,26405.75097029,9891.18697000
10,623,0.000000,0.494000,0.00000000,107.32720193,0.00000000,139.24044212,0.00000000,0.00000000,94.69756566,107.32720193,101.68074366,1745.79450000,26405.75097009,9891.18697000
10,624,0.000000,0.457000,0.00000000,107.32720193,0.00000000,120.77282506,0.00000000,0.00000000,94.69756566,107.32720193,101.68074366,1745.79450000,26405.75096988,9891.18697000
10,625,0.000000,0.417000,0.00000000,73.54194353,0.00000000,134.59309203,0.00000000,0.00000000,63.67817400,73.54194353,68.65710075,1244.73168631,25904.68815599,9891.18697000
10,626,0.000000,0.388000,0.00000000,107.32720193,0.00000000,86.33321486,0.00000000,0.00000000,94.69756566,107.32720193,101.68074366,1745.79450000,25904.68815578,9891.18697000
10,627,0.000000,0.366000,0.00000000,73.54194353,0.00000000,109.13772797,0.00000000,0.00000000,63.67817400,73.54194353,68.65710075,1244.73168631,25403.62534189,9891.18697000
10,628,0.000000,0.352000,0.00000000,107.32720193,0.00000000,68.36472258,0.00000000,0.00000000,94.69756566,107.32720193,101.68074366,1745.79450000,25403.62534168,9891.18697000
10,629,0.000000,0.328000,0.00000000,107.32720193,0.00000000,56.38572773,0.00000000,0.00000000,94.69756566,107.32720193,101.68074366,1745.79450000,25403.62534148,9891.18697000
10,630,0.000000,0.307000,0.00000000,107.32720193,0.00000000,45.90410723,0.00000000,0.00000000,94.69756566,107.32720193,101.68074366,1745.79450000,25403.62534127,9891.18697000
10,631,0.089000,0.385000,14.23841179,59.30353174,0.00000000,132.85951068,0.00000000,0.00000000,63.67817400,73.54194353,68.65710075,1244.73168631,24902.56252738,9891.18697000
10,632,0.245000,0.574000,39.19562797,68.13157396,0.00000000,218.36605293,0.00000000,0.00000000,94.69756566,107.32720193,101.68074366,1745.79450000,24902.56252718,9891.18697000
10,633,0.386000,0.557000,61.75311182,11.78883172,0.00000000,266.22367382,0.00000000,0.00000000,63.67817400,73.54194353,68.65710075,1244.73168631,24401.49971328,9891.18697000
10,634,0.492000,0.457000,78.71122024,28.61598168,0.00000000,199.48404530,0.00000000,0.00000000,94.69756566,107.32720193,101.68074366,1745.79450000,24401.49971308,9891.18697000
10,635,0.561000,0.358000,89.74998894,17.57721299,0.00000000,161.10946023,0.00000000,0.00000000,94.69756566,107.32720193,101.68074366,1745.79450000,24401.49971287,9891.18697000
10,636,0.588000,0.278000,94.06950712,13.25769481,0.00000000,125.49899557,0.00000000,0.00000000,94.69756566,107.32720193,101.68074366,1745.79450000,24401.49971267,9891.18697000
10,637,0.568000,0.238000,90.86986402,16.45733791,0.00000000,102.33436105,0.00000000,0.00000000,94.69756566,107.32720193,101.68074366,1745.79450000,24401.49971246,9891.18697000
10,638,0.497000,0.230000,0.00000000,89.89674172,79.51113102,24.90195895,0.00000000,0.00000000,78.66539600,89.89674172,84.63531998,1492.48099468,24148.18620693,9891.18697000
10,639,0.386000,0.248000,61.75311182,11.78883172,0.00000000,111.99411509,0.00000000,0.00000000,63.67817400,73.54194353,68.65710075,1244.73168631,23647.12339304,9891.18697000
10,640,0.216000,0.294000,34.55614547,72.77105645,0.00000000,73.97163049,0.00000000,0.00000000,94.69756566,107.32720193,101.68074366,1745.79450000,23647.12339283,9891.18697000
10,641,0.067000,0.358000,10.71880438,96.60839754,0.00000000,82.07827567,0.00000000,0.00000000,94.69756566,107.32720193,101.68074366,1745.79450000,23647.12339263,9891.18697000
10,642,0.000000,0.454000,0.00000000,107.32720193,0.00000000,119.27545070,0.00000000,0.00000000,94.69756566,107.32720193,101.68074366,1745.79450000,23647.12339242,9891.18697000
10,643,0.000000,0.544000,0.00000000,73.54194353,0.00000000,197.98193979,0.00000000,0.00000000,63.67817400,73.54194353,68.65710075,1244.73168631,23146.06057853,9891.18697000
10,644,0.000000,0.544000,0.00000000,107.32720193,0.00000000,164.19668140,0.00000000,0.00000000,94.69756566,107.32720193,101.68074366,1745.79450000,23146.06057832,9891.18697000
10,645,0.000000,0.532000,0.00000000,73.54194353,0.00000000,191.99244236,0.00000000,0.00000000,63.67817400,73.54194353,68.65710075,1244.73168631,22644.99776443,9891.18697000
10,646,0.000000,0.494000,0.00000000,107.32720193,0.00000000,139.24044212,0.00000000,0.00000000,94.69756566,107.32720193,101.68074366,1745.79450000,22644.99776423,9891.18697000
10,647,0.000000,0.436000,0.00000000,107.32720193,0.00000000,110.29120456,0.00000000,0.00000000,94.69756566,107.32720193,101.68074366,1745.79450000,22644.99776402,9891.18697000
10,648,0.000000,0.378000,0.00000000,107.32720193,0.00000000,81.34196700,0.00000000,0.00000000,94.69756566,107.32720193,101.68074366,1745.79450000,22644.99776382,9891.18697000
10,649,0.000000,0.345000,0.00000000,73.54194353,0.00000000,98.65610747,0.00000000,0.00000000,63.67817400,73.54194353,68.65710075,1244.73168631,22143.93494992,9891.18697000
10,650,0.000000,0.323000,0.00000000,107.32720193,0.00000000,53.89010380,0.00000000,0.00000000,94.69756566,107.32720193,101.68074366,1745.79450000,22143.93494972,9891.18697000
10,651,0.000000,0.302000,0.00000000,73.54194353,0.00000000,77.19374169,0.00000000,0.00000000,63.67817400,73.54194353,68.65710075,1244.73168631,21642.87213582,9891.18697000
10,652,0.000000,0.284000,0.00000000,107.32720193,0.00000000,34.42423716,0.00000000,0.00000000,94.69756566,107.32720193,101.68074366,1745.79450000,21642.87213562,9891.18697000
10,653,0.000000,0.267000,0.00000000,107.32720193,0.00000000,25.93911581,0.00000000,0.00000000,94.69756566,107.32720193,101.68074366,1745.79450000,21642.87213541,9891.18697000
10,654,0.000000,0.241000,0.00000000,107.32720193,0.00000000,12.96187138,0.00000000,0.00000000,94.69756566,107.32720193,101.68074366,1745.79450000,21642.87213521,9891.18697000
10,655,0.109000,0.262000,17.43805489,56.10388864,0.00000000,74.66680516,0.00000000,0.00000000,63.67817400,73.54194353,68.65710075,1244.73168631,21141.80932132,9891.18697000
10,656,0.289000,0.410000,46.23484279,61.09235914,0.00000000,143.54880292,0.00000000,0.00000000,94.69756566,107.32720193,101.68074366,1745.79450000,21141.80932111,9891.18697000
10,657,0.441000,0.358000,70.55213034,36.77507159,0.00000000,141.91160163,0.00000000,0.00000000,94.69756566,107.32720193,101.68074366,1745.79450000,21141.80932091,9891.18697000
10,658,0.546000,0.273000,87.35025661,19.97694531,0.00000000,116.28412113,0.00000000,0.00000000,94.69756566,107.32720193,101.68074366,1745.79450000,21141.80932070,9891.18697000
10,659,0.608000,0.200000,97.26915022,10.05805171,0.00000000,89.76690540,0.00000000,0.00000000,94.69756566,107.32720193,101.68074366,1745.79450000,21141.80932050,9891.18697000
10,660,0.625000,0.144000,99.98884685,7.33835507,0.00000000,64.53561404,0.00000000,0.00000000,94.69756566,107.32720193,101.68074366,1745.79450000,21141.80932029,9891.18697000
10,661,0.604000,0.120000,96.62922160,10.69798033,0.00000000,49.19699394,0.00000000,0.00000000,94.69756566,107.32720193,101.68074366,1745.79450000,21141.80932009,9891.18697000
10,662,0.516000,0.123000,82.55079196,24.77640996,0.00000000,36.61593866,0.00000000,0.00000000,94.69756566,107.32720193,101.68074366,1745.79450000,21141.80931988,9891.18697000
10,663,0.395000,0.140000,63.19295121,44.13425071,0.00000000,25.74321926,0.00000000,0.00000000,94.69756566,107.32720193,101.68074366,1745.79450000,21141.80931968,9891.18697000
10,664,0.245000,0.159000,39.19562797,68.13157396,0.00000000,11.22926694,0.00000000,0.00000000,94.69756566,107.32720193,101.68074366,1745.79450000,21141.80931947,9891.18697000
10,665,0.082000,0.187000,13.11853671,93.33633489,0.00000000,0.00000000,0.00000000,0.00000000,93.89521461,106.45487160,100.82768299,1733.11709433,21129.13191359,9891.18697000
10,666,0.000000,0.283000,0.00000000,107.32720193,0.00000000,33.92511238,0.00000000,0.00000000,94.69756566,107.32720193,101.68074366,1745.79450000,21129.13191339,9891.18697000
10,667,0.000000,0.364000,0.00000000,73.54194353,0.00000000,108.13947840,0.00000000,0.00000000,63.67817400,73.54194353,68.65710075,1244.73168631,20628.06909949,9891.18697000
10,668,0.000000,0.401000,0.00000000,107.32720193,0.00000000,92.82183707,0.00000000,0.00000000,94.69756566,107.32720193,101.68074366,1745.79450000,20628.06909929,9891.18697000
10,669,0.000000,0.407000,0.00000000,107.32720193,0.00000000,95.81658578,0.00000000,0.00000000,94.69756566,107.32720193,101.68074366,1745.79450000,20628.06909908,9891.18697000
10,670,0.000000,0.344000,0.00000000,107.32720193,0.00000000,64.37172429,0.00000000,0.00000000,94.69756566,107.32720193,101.68074366,1745.79450000,20628.06909888,9891.18697000
10,671,0.000000,0.305000,0.00000000,107.32720193,0.00000000,44.90585766,0.00000000,0.00000000,94.69756566,107.32720193,101.68074366,1745.79450000,20628.06909867,9891.18697000
10,672,0.000000,0.269000,0.00000000,107.32720193,0.00000000,26.93736538,0.00000000,0.00000000,94.69756566,107.32720193,101.68074366,1745.79450000,20628.06909847,9891.18697000
10,673,0.000000,0.227000,0.00000000,107.32720193,0.00000000,5.97412439,0.00000000,0.00000000,94.69756566,107.32720193,101.68074366,1745.79450000,20628.06909826,9891.18697000
10,674,0.000000,0.196000,0.00000000,97.82845796,0.00000000,0.00000000,0.00000000,0.00000000,85.96082118,97.82845796,92.39182564,1607.75111549,20490.02571355,9891.18697000
10,675,0.000000,0.193000,0.00000000,58.26858481,0.00000000,38.06249879,0.00000000,0.00000000,49.73928100,58.26858481,53.75120360,1002.98064984,19747.21186318,9891.18697000
10,676,0.000000,0.211000,0.00000000,105.31532975,0.00000000,0.00000000,0.00000000,0.00000000,92.84708804,105.31532975,99.71331346,1716.55635587,19717.97371885,9891.18697000
10,677,0.000000,0.227000,0.00000000,73.54194353,0.00000000,39.75938278,0.00000000,0.00000000,63.67817400,73.54194353,68.65710075,1244.73168631,19216.91090496,9891.18697000
10,678,0.000000,0.225000,0.00000000,107.32720193,0.00000000,4.97587482,0.00000000,0.00000000,94.69756566,107.32720193,101.68074366,1745.79450000,19216.91090475,9891.18697000
10,679,0.105000,0.194000,16.79812627,90.52907565,0.00000000,6.30113274,0.00000000,0.00000000,94.69756566,107.32720193,101.68074366,1745.79450000,19216.91090455,9891.18697000
10,680,0.272000,0.345000,43.51514615,63.81205578,0.00000000,108.38599523,0.00000000,0.00000000,94.69756566,107.32720193,101.68074366,1745.79450000,19216.91090434,9891.18697000
10,681,0.404000,0.407000,0.00000000,73.54194353,64.63279061,129.60184417,0.00000000,0.00000000,63.67817400,73.54194353,68.65710075,1244.73168631,18715.84809045,9891.18697000
10,682,0.488000,0.413000,78.07129162,29.25591030,0.00000000,176.88262612,0.00000000,0.00000000,94.69756566,107.32720193,101.68074366,1745.79450000,18715.84809025,9891.18697000
10,683,0.521000,0.445000,83.35070274,23.97649919,0.00000000,198.13403037,0.00000000,0.00000000,94.69756566,107.32720193,101.68074366,1745.79450000,18715.84809004,9891.18697000
10,684,0.519000,0.486000,83.03073843,24.29646350,0.00000000,218.27818227,0.00000000,0.00000000,94.69756566,107.32720193,101.68074366,1745.79450000,18715.84808984,9891.18697000
10,685,0.488000,0.547000,78.07129162,29.25591030,0.00000000,243.76534738,0.00000000,0.00000000,94.69756566,107.32720193,101.68074366,1745.79450000,18715.84808963,9891.18697000
10,686,0.408000,0.594000,65.27271923,42.05448270,0.00000000,254.42563990,0.00000000,0.00000000,94.69756566,107.32720193,101.68074366,1745.79450000,18715.84808943,9891.18697000
10,687,0.324000,0.601000,51.83421821,21.70772532,0.00000000,278.26627077,0.00000000,0.00000000,63.67817400,73.54194353,68.65710075,1244.73168631,18214.78527553,9891.18697000
10,688,0.209000,0.597000,33.43627039,73.89093154,0.00000000,224.08656542,0.00000000,0.00000000,94.69756566,107.32720193,101.68074366,1745.79450000,18214.78527533,9891.18697000
10,689,0.073000,0.538000,11.67869731,61.86324622,0.00000000,206.66588839,0.00000000,0.00000000,63.67817400,73.54194353,68.65710075,1244.73168631,17713.72246143,9891.18697000
10,690,0.000000,0.468000,0.00000000,107.32720193,0.00000000,126.26319770,0.00000000,0.00000000,94.69756566,107.32720193,101.68074366,1745.79450000,17713.72246123,9891.18697000
10,691,0.000000,0.446000,0.00000000,107.32720193,0.00000000,115.28245242,0.00000000,0.00000000,94.69756566,107.32720193,101.68074366,1745.79450000,17713.72246102,9891.18697000
10,692,0.000000,0.441000,0.00000000,107.32720193,0.00000000,112.78682849,0.00000000,0.00000000,94.69756566,107.32720193,101.68074366,1745.79450000,17713.72246082,9891.18697000
10,693,0.000000,0.424000,0.00000000,107.32720193,0.00000000,104.30170714,0.00000000,0.00000000,94.69756566,107.32720193,101.68074366,1745.79450000,17713.72246061,9891.18697000
10,694,0.000000,0.376000,0.00000000,107.32720193,0.00000000,80.34371743,0.00000000,0.00000000,94.69756566,107.32720193,101.68074366,1745.79450000,17713.72246041,9891.18697000
10,695,0.000000,0.316000,0.00000000,73.54194353,0.00000000,84.18148869,0.00000000,0.00000000,63.67817400,73.54194353,68.65710075,1244.73168631,17212.65964651,9891.18697000
10,696,0.000000,0.270000,0.00000000,73.54194353,0.00000000,61.22174856,0.00000000,0.00000000,63.67817400,73.54194353,68.65710075,1244.73168631,16711.59683262,9891.18697000
10,697,0.000000,0.249000,0.00000000,107.32720193,0.00000000,16.95486967,0.00000000,0.00000000,94.69756566,107.32720193,101.68074366,1745.79450000,16711.59683242,9891.18697000
10,698,0.000000,0.233000,0.00000000,107.32720193,0.00000000,8.96887310,0.00000000,0.00000000,94.69756566,107.32720193,101.68074366,1745.79450000,16711.59683221,9891.18697000
10,699,0.000000,0.225000,0.00000000,107.32720193,0.00000000,4.97587482,0.00000000,0.00000000,94.69756566,107.32720193,101.68074366,1745.79450000,16711.59683201,9891.18697000
10,700,0.000000,0.224000,0.00000000,107.32720193,0.00000000,4.47675003,0.00000000,0.00000000,94.69756566,107.32720193,101.68074366,1745.79450000,16711.59683180,9891.18697000
10,701,0.000000,0.230000,0.00000000,73.54194353,0.00000000,41.25675714,0.00000000,0.00000000,63.67817400,73.54194353,68.65710075,1244.73168631,16210.53401791,9891.18697000
10,702,0.000000,0.267000,0.00000000,58.26858481,0.00000000,74.99773292,0.00000000,0.00000000,49.73928100,58.26858481,53.75120360,1002.98064984,15467.72016754,9891.18697000
10,703,0.098000,0.246000,15.67825119,91.64895074,0.00000000,31.13574650,0.00000000,0.00000000,94.69756566,107.32720193,101.68074366,1745.79450000,15467.72016733,9891.18697000
10,704,0.274000,0.441000,43.83511046,63.49209147,0.00000000,156.62193895,0.00000000,0.00000000,94.69756566,107.32720193,101.68074366,1745.79450000,15467.72016713,9891.18697000
10,705,0.434000,0.526000,69.43225526,37.89494667,0.00000000,224.64469051,0.00000000,0.00000000,94.69756566,107.32720193,101.68074366,1745.79450000,15467.72016692,9891.18697000
10,706,0.541000,0.470000,86.55034584,20.77685609,0.00000000,213.81179311,0.00000000,0.00000000,94.69756566,107.32720193,101.68074366,1745.79450000,15467.72016672,9891.18697000
10,707,0.601000,0.395000,96.14927513,11.17792679,0.00000000,185.97636349,0.00000000,0.00000000,94.69756566,107.32720193,101.68074366,1745.79450000,15467.72016651,9891.18697000
10,708,0.615000,0.341000,89.89674172,0.00000000,8.49228359,170.20155186,0.00000000,0.00000000,78.66539600,89.89674172,84.63531998,1492.48099468,15214.40666098,9891.18697000
10,709,0.580000,0.312000,92.78964988,14.53755205,0.00000000,141.18938104,0.00000000,0.00000000,94.69756566,107.32720193,101.68074366,1745.79450000,15214.40666078,9891.18697000
10,710,0.481000,0.311000,76.95141654,30.37578539,0.00000000,124.85202291,0.00000000,0.00000000,94.69756566,107.32720193,101.68074366,1745.79450000,15214.40666057,9891.18697000
10,711,0.352000,0.328000,56.31371855,51.01348338,0.00000000,112.69944627,0.00000000,0.00000000,94.69756566,107.32720193,101.68074366,1745.79450000,15214.40666037,9891.18697000
10,712,0.213000,0.362000,34.07619901,73.25100292,0.00000000,107.43216944,0.00000000,0.00000000,94.69756566,107.32720193,101.68074366,1745.79450000,15214.40666016,9891.18697000
10,713,0.068000,0.369000,10.87878654,96.44841539,0.00000000,87.72863047,0.00000000,0.00000000,94.69756566,107.32720193,101.68074366,1745.79450000,15214.40665996,9891.18697000
10,714,0.000000,0.395000,0.00000000,89.89674172,0.00000000,107.25754857,0.00000000,0.00000000,78.66539600,89.89674172,84.63531998,1492.48099468,14961.09315443,9891.18697000
10,715,0.000000,0.442000,0.00000000,107.32720193,0.00000000,113.28595327,0.00000000,0.00000000,94.69756566,107.32720193,101.68074366,1745.79450000,14961.09315422,9891.18697000
10,716,0.000000,0.447000,0.00000000,107.32720193,0.00000000,115.78157720,0.00000000,0.00000000,94.69756566,107.32720193,101.68074366,1745.79450000,14961.09315402,9891.18697000
10,717,0.000000,0.462000,0.00000000,107.32720193,0.00000000,123.26844899,0.00000000,0.00000000,94.69756566,107.32720193,101.68074366,1745.79450000,14961.09315381,9891.18697000
10,718,0.000000,0.475000,0.00000000,107.32720193,0.00000000,129.75707120,0.00000000,0.00000000,94.69756566,107.32720193,101.68074366,1745.79450000,14961.09315361,9891.18697000
10,719,0.000000,0.458000,0.00000000,107.32720193,0.00000000,121.27194984,0.00000000,0.00000000,94.69756566,107.32720193,101.68074366,1745.79450000,14961.09315340,9891.18697000
10,720,0.000000,0.422000,0.00000000,107.32720193,0.00000000,103.30345756,0.00000000,0.00000000,94.69756566,107.32720193,101.68074366,1745.79450000,14961.09315320,9891.18697000
10,721,0.000000,0.388000,0.00000000,107.32720193,0.00000000,86.33321486,0.00000000,0.00000000,94.69756566,107.32720193,101.68074366,1745.79450000,14961.09315299,9891.18697000
10,722,0.000000,0.341000,0.00000000,107.32720193,0.00000000,62.87434994,0.00000000,0.00000000,94.69756566,107.32720193,101.68074366,1745.79450000,14961.09315279,9891.18697000
10,723,0.000000,0.296000,0.00000000,107.32720193,0.00000000,40.41373459,0.00000000,0.00000000,94.69756566,107.32720193,101.68074366,1745.79450000,14961.09315258,9891.18697000
10,724,0.000000,0.274000,0.00000000,107.32720193,0.00000000,29.43298931,0.00000000,0.00000000,94.69756566,107.32720193,101.68074366,1745.79450000,14961.09315238,9891.18697000
10,725,0.000000,0.272000,0.00000000,73.54194353,0.00000000,62.21999813,0.00000000,0.00000000,63.67817400,73.54194353,68.65710075,1244.73168631,14460.03033849,9891.18697000
10,726,0.000000,0.278000,0.00000000,107.32720193,0.00000000,31.42948845,0.00000000,0.00000000,94.69756566,107.32720193,101.68074366,1745.79450000,14460.03033828,9891.18697000
10,727,0.106000,0.294000,16.95810843,90.36909350,0.00000000,56.37359344,0.00000000,0.00000000,94.69756566,107.32720193,101.68074366,1745.79450000,14460.03033808,9891.18697000
10,728,0.291000,0.519000,46.55480710,60.77239483,0.00000000,198.27336886,0.00000000,0.00000000,94.69756566,107.32720193,101.68074366,1745.79450000,14460.03033787,9891.18697000
10,729,0.449000,0.526000,71.83198758,32.91749081,0.00000000,229.62214638,0.00000000,0.00000000,92.32662988,104.74947839,99.15996168,1708.33294900,14422.56878666,9891.18697000
10,730,0.557000,0.418000,89.11006032,18.21714161,0.00000000,190.41701874,0.00000000,0.00000000,94.69756566,107.32720193,101.68074366,1745.79450000,14422.56878646,9891.18697000
10,731,0.618000,0.302000,98.86897177,8.45823016,0.00000000,142.27745507,0.00000000,0.00000000,94.69756566,107.32720193,101.68074366,1745.79450000,14422.56878625,9891.18697000
10,732,0.634000,0.207000,89.89674197,0.00000000,11.53194427,103.31883060,0.00000000,0.00000000,78.66539600,89.89674197,84.63532017,1492.48104146,14169.25532750,9891.18697000
10,733,0.604000,0.144000,96.62922160,10.69798033,0.00000000,61.17598879,0.00000000,0.00000000,94.69756566,107.32720193,101.68074366,1745.79450000,14169.25532730,9891.18697000
10,734,0.533000,0.114000,85.27048860,22.05671333,0.00000000,34.84351222,0.00000000,0.00000000,94.69756566,107.32720193,101.68074366,1745.79450000,14169.25532709,9891.18697000
10,735,0.418000,0.118000,66.87254078,40.45466115,0.00000000,18.44206354,0.00000000,0.00000000,94.69756566,107.32720193,101.68074366,1745.79450000,14169.25532689,9891.18697000
10,736,0.262000,0.150000,41.91532460,65.41187732,0.00000000,9.45684050,0.00000000,0.00000000,94.69756566,107.32720193,101.68074366,1745.79450000,14169.25532668,9891.18697000
10,737,0.082000,0.220000,13.11853671,94.20866522,0.00000000,15.59878760,0.00000000,0.00000000,94.69756566,107.32720193,101.68074366,1745.79450000,14169.25532648,9891.18697000
10,738,0.000000,0.376000,0.00000000,107.32720193,0.00000000,80.34371743,0.00000000,0.00000000,94.69756566,107.32720193,101.68074366,1745.79450000,14169.25532627,9891.18697000
10,739,0.000000,0.467000,0.00000000,89.89674172,0.00000000,143.19453312,0.00000000,0.00000000,78.66539600,89.89674172,84.63531998,1492.48099468,13915.94182074,9891.18697000
10,740,0.000000,0.471000,0.00000000,107.32720193,0.00000000,127.76057206,0.00000000,0.00000000,94.69756566,107.32720193,101.68074366,1745.79450000,13915.94182054,9891.18697000
10,741,0.000000,0.424000,0.00000000,107.32720193,0.00000000,104.30170714,0.00000000,0.00000000,94.69756566,107.32720193,101.68074366,1745.79450000,13915.94182033,9891.18697000
10,742,0.000000,0.395000,0.00000000,107.32720193,0.00000000,89.82708836,0.00000000,0.00000000,94.69756566,107.32720193,101.68074366,1745.79450000,13915.94182013,9891.18697000
10,743,0.000000,0.367000,0.00000000,107.32720193,0.00000000,75.85159436,0.00000000,0.00000000,94.69756566,107.32720193,101.68074366,1745.79450000,13915.94181992,9891.18697000
10,744,0.000000,0.333000,0.00000000,107.32720193,0.00000000,58.88135165,0.00000000,0.00000000,94.69756566,107.32720193,101.68074366,1745.79450000,13915.94181972,9891.18697000
11,1,0.000000,0.653000,0.00000000,106.72863180,0.00000000,219.19985315,0.00000000,0.00000000,94.69756566,106.72863180,101.68074366,1745.79450000,14265.10071956,7912.94957600
11,2,0.000000,0.591000,0.00000000,106.72863180,0.00000000,188.25411644,0.00000000,0.00000000,94.69756566,106.72863180,101.68074366,1745.79450000,14614.25961939,7912.94957600
11,3,0.000000,0.553000,0.00000000,2.39428050,0.00000000,273.62172589,0.00000000,0.00000000,0.00000000,2.39428050,0.00000000,0.00000000,13217.62401923,7912.94957600
11,4,0.000000,0.503000,0.00000000,2.39428050,0.00000000,248.66548662,0.00000000,0.00000000,0.00000000,2.39428050,0.00000000,0.00000000,11820.98841906,7912.94957600
11,5,0.000000,0.449000,0.00000000,2.39428050,0.00000000,221.71274820,0.00000000,0.00000000,0.00000000,2.39428050,0.00000000,0.00000000,10424.35281890,7912.94957600
11,6,0.004000,0.438000,0.63992862,106.08870318,0.00000000,112.52795288,0.00000000,0.00000000,94.69756566,106.72863180,101.68074366,1745.79450000,10773.51171874,7912.94957600
11,7,0.148000,0.580000,2.39428050,0.00000000,21.28307843,289.49237560,0.00000000,0.00000000,0.00000000,2.39428050,0.00000000,0.00000000,9376.87611857,7912.94957600
11,8,0.367000,0.618000,2.39428050,0.00000000,56.31917037,308.45911745,0.00000000,0.00000000,0.00000000,2.39428050,0.00000000,0.00000000,7980.24051841,7912.94957600
11,9,0.548000,0.563000,87.67022092,19.05841088,0.00000000,261.94884337,0.00000000,0.00000000,94.69756566,106.72863180,101.68074366,1745.79450000,8329.39941824,7912.94957600
11,10,0.670000,0.498000,106.72863180,0.00000000,0.45941203,248.56414319,0.00000000,0.00000000,94.69756566,106.72863180,101.68074366,1745.79450000,8678.55831808,7912.94957600
11,11,0.740000,0.431000,106.72863180,0.00000000,11.65816287,215.12278256,0.00000000,0.00000000,94.69756566,106.72863180,101.68074366,1745.79450000,9027.71721792,7912.94957600
11,12,0.758000,0.372000,106.72863180,0.00000000,14.53784166,185.67442021,0.00000000,0.00000000,94.69756566,106.72863180,101.68074366,1745.79450000,9376.87611775,7912.94957600
11,13,0.734000,0.348000,106.72863180,0.00000000,10.69826994,173.69542536,0.00000000,0.00000000,94.69756566,106.72863180,101.68074366,1745.79450000,9726.03501759,7912.94957600
11,14,0.665000,0.357000,106.38813305,0.34049875,0.00000000,177.84704968,0.00000000,0.00000000,94.69756566,106.72863180,101.68074366,1745.79450000,10075.19391742,7912.94957600
11,15,0.551000,0.407000,88.15016739,1.14800420,0.00000000,201.99578350,0.00000000,0.00000000,78.66539600,89.29817159,84.63531998,1492.48099468,10171.03931194,7912.94957600
11,16,0.385000,0.495000,61.59312966,45.13550214,0.00000000,201.93126669,0.00000000,0.00000000,94.69756566,106.72863180,101.68074366,1745.79450000,10520.19821177,7912.94957600
11,17,0.180000,0.627000,28.79678789,14.68185167,0.00000000,298.26938885,0.00000000,0.00000000,36.84682300,43.47863956,39.91750131,767.66957627,9891.23218788,7912.94957600
11,18,0.002000,0.770000,0.31996431,106.40866749,0.00000000,277.91741736,0.00000000,0.00000000,94.69756566,106.72863180,101.68074366,1745.79450000,10240.39108771,7912.94957600
11,19,0.000000,0.835000,0.00000000,57.67001469,0.00000000,359.09918122,0.00000000,0.00000000,49.73928100,57.67001469,53.75120360,1002.98064984,9846.73613738,7912.94957600
11,20,0.000000,0.901000,0.00000000,106.72863180,0.00000000,342.98279995,0.00000000,0.00000000,94.69756566,106.72863180,101.68074366,1745.79450000,10195.89503722,7912.94957600
11,21,0.000000,0.935000,0.00000000,106.72863180,0.00000000,359.95304266,0.00000000,0.00000000,94.69756566,106.72863180,101.68074366,1745.79450000,10545.05393706,7912.94957600
11,22,0.000000,0.931000,0.00000000,72.94337341,0.00000000,391.74180191,0.00000000,0.00000000,63.67817400,72.94337341,68.65710075,1244.73168631,10393.15002320,7912.94957600
11,23,0.000000,0.907000,0.00000000,106.72863180,0.00000000,345.97754867,0.00000000,0.00000000,94.69756566,106.72863180,101.68074366,1745.79450000,10742.30892304,7912.94957600
11,24,0.000000,0.871000,0.00000000,106.72863180,0.00000000,328.00905639,0.00000000,0.00000000,94.69756566,106.72863180,101.68074366,1745.79450000,11091.46782288,7912.94957600
11,25,0.000000,0.818000,0.00000000,106.72863180,0.00000000,301.55544276,0.00000000,0.00000000,94.69756566,106.72863180,101.68074366,1745.79450000,11440.62672271,7912.94957600
11,26,0.000000,0.741000,0.00000000,106.72863180,0.00000000,263.12283427,0.00000000,0.00000000,94.69756566,106.72863180,101.68074366,1745.79450000,11789.78562255,7912.94957600
11,27,0.000000,0.636000,0.00000000,106.72863180,0.00000000,210.71473179,0.00000000,0.00000000,94.69756566,106.72863180,101.68074366,1745.79450000,12138.94452238,7912.94957600
11,28,0.000000,0.528000,0.00000000,106.72863180,0.00000000,156.80925495,0.00000000,0.00000000,94.69756566,106.72863180,101.68074366,1745.79450000,12488.10342222,7912.94957600
11,29,0.000000,0.476000,0.00000000,106.72863180,0.00000000,130.85476611,0.00000000,0.00000000,94.69756566,106.72863180,101.68074366,1745.79450000,12837.26232206,7912.94957600
11,30,0.011000,0.458000,1.75980370,104.96882810,0.00000000,123.63032367,0.00000000,0.00000000,94.69756566,106.72863180,101.68074366,1745.79450000,13186.42122189,7912.94957600
11,31,0.196000,0.720000,31.35650237,75.37212943,0.00000000,283.99771615,0.00000000,0.00000000,94.69756566,106.72863180,101.68074366,1745.79450000,13535.58012173,7912.94957600
11,32,0.406000,0.823000,64.95275492,41.77587688,0.00000000,369.00382160,0.00000000,0.00000000,94.69756566,106.72863180,101.68074366,1745.79450000,13884.73902156,7912.94957600
11,33,0.573000,0.796000,89.29817159,0.00000000,2.37160320,397.30332928,0.00000000,0.00000000,78.66539600,89.29817159,84.63531998,1492.48099468,13980.58441608,7912.94957600
11,34,0.680000,0.748000,106.72863180,0.00000000,2.05923358,373.34533957,0.00000000,0.00000000,94.69756566,106.72863180,101.68074366,1745.79450000,14329.74331591,7912.94957600
11,35,0.740000,0.698000,106.72863180,0.00000000,11.65816287,348.38910029,0.00000000,0.00000000,94.69756566,106.72863180,101.68074366,1745.79450000,14678.90221575,7912.94957600
11,36,0.756000,0.667000,106.72863180,0.00000000,14.21787735,332.91623194,0.00000000,0.00000000,94.69756566,106.72863180,101.68074366,1745.79450000,15028.06111558,7912.94957600
11,37,0.728000,0.672000,106.72863180,0.00000000,9.73837701,335.41185587,0.00000000,0.00000000,94.69756566,106.72863180,101.68074366,1745.79450000,15377.22001542,7912.94957600
11,38,0.657000,0.708000,72.94337341,0.00000000,32.16490240,353.38034815,0.00000000,0.00000000,63.67817400,72.94337341,68.65710075,1244.73168631,15225.31610157,7912.94957600
11,39,0.539000,0.762000,86.23038153,20.49825027,0.00000000,359.83483629,0.00000000,0.00000000,94.69756566,106.72863180,101.68074366,1745.79450000,15574.47500140,7912.94957600
11,40,0.373000,0.823000,2.39428050,0.00000000,57.27906330,410.77969848,0.00000000,0.00000000,0.00000000,2.39428050,0.00000000,0.00000000,14177.83940124,7912.94957600
11,41,0.168000,0.884000,26.87700203,79.85162977,0.00000000,361.37468063,0.00000000,0.00000000,94.69756566,106.72863180,101.68074366,1745.79450000,14526.99830107,7912.94957600
11,42,0.001000,0.926000,0.15998215,106.56864965,0.00000000,355.62090175,0.00000000,0.00000000,94.69756566,106.72863180,101.68074366,1745.79450000,14876.15720091,7912.94957600
11,43,0.000000,0.954000,0.00000000,106.72863180,0.00000000,369.43641359,0.00000000,0.00000000,94.69756566,106.72863180,101.68074366,1745.79450000,15225.31610075,7912.94957600
11,44,0.000000,0.962000,0.00000000,106.72863180,0.00000000,373.42941187,0.00000000,0.00000000,94.69756566,106.72863180,101.68074366,1745.79450000,15574.47500058,7912.94957600
11,45,0.000000,0.956000,0.00000000,72.94337341,0.00000000,404.21992155,0.00000000,0.00000000,63.67817400,72.94337341,68.65710075,1244.73168631,15422.57108673,7912.94957600
11,46,0.000000,0.938000,0.00000000,106.72863180,0.00000000,361.45041702,0.00000000,0.00000000,94.69756566,106.72863180,101.68074366,1745.79450000,15771.72998657,7912.94957600
11,47,0.000000,0.909000,0.00000000,106.72863180,0.00000000,346.97579824,0.00000000,0.00000000,94.69756566,106.72863180,101.68074366,1745.79450000,16120.88888640,7912.94957600
11,48,0.000000,0.859000,0.00000000,43.47863956,0.00000000,385.26955120,0.00000000,0.00000000,36.84682300,43.47863956,39.91750131,767.66957627,15491.92286251,7912.94957600
11,49,0.000000,0.799000,0.00000000,106.72863180,0.00000000,292.07207183,0.00000000,0.00000000,94.69756566,106.72863180,101.68074366,1745.79450000,15841.08176234,7912.94957600
11,50,0.000000,0.722000,0.00000000,106.72863180,0.00000000,253.63946335,0.00000000,0.00000000,94.69756566,106.72863180,101.68074366,1745.79450000,16190.24066218,7912.94957600
11,51,0.000000,0.635000,0.00000000,106.72863180,0.00000000,210.21560701,0.00000000,0.00000000,94.69756566,106.72863180,101.68074366,1745.79450000,16539.39956202,7912.94957600
11,52,0.000000,0.525000,0.00000000,106.72863180,0.00000000,155.31188060,0.00000000,0.00000000,94.69756566,106.72863180,101.68074366,1745.79450000,16888.55846185,7912.94957600
11,53,0.000000,0.498000,0.00000000,72.94337341,0.00000000,175.62076978,0.00000000,0.00000000,63.67817400,72.94337341,68.65710075,1244.73168631,16736.65454800,7912.94957600
11,54,0.009000,0.484000,1.43983939,105.28879241,0.00000000,136.28760379,0.00000000,0.00000000,94.69756566,106.72863180,101.68074366,1745.79450000,17085.81344783,7912.94957600
11,55,0.184000,0.626000,29.43671651,77.29191529,0.00000000,235.16020045,0.00000000,0.00000000,94.69756566,106.72863180,101.68074366,1745.79450000,17434.97234767,7912.94957600
11,56,0.401000,0.724000,64.15284414,42.57578766,0.00000000,318.79055706,0.00000000,0.00000000,94.69756566,106.72863180,101.68074366,1745.79450000,17784.13124751,7912.94957600
11,57,0.568000,0.701000,89.29817159,0.00000000,1.57169243,349.88647465,0.00000000,0.00000000,78.66539600,89.29817159,84.63531998,1492.48099468,17879.97664202,7912.94957600
11,58,0.683000,0.658000,106.72863180,0.00000000,2.53918004,328.42410887,0.00000000,0.00000000,94.69756566,106.72863180,101.68074366,1745.79450000,18229.13554185,7912.94957600
11,59,0.745000,0.618000,106.72863180,0.00000000,12.45807365,308.45911745,0.00000000,0.00000000,94.69756566,106.72863180,101.68074366,1745.79450000,18578.29444169,7912.94957600
11,60,0.762000,0.593000,106.72863180,0.00000000,15.17777028,295.98099781,0.00000000,0.00000000,94.69756566,106.72863180,101.68074366,1745.79450000,18927.45334153,7912.94957600
11,61,0.736000,0.592000,106.72863180,0.00000000,11.01823425,295.48187303,0.00000000,0.00000000,94.69756566,106.72863180,101.68074366,1745.79450000,19276.61224136,7912.94957600
11,62,0.667000,0.613000,2.39428050,0.00000000,104.31381686,305.96349352,0.00000000,0.00000000,0.00000000,2.39428050,0.00000000,0.00000000,17879.97664120,7912.94957600
11,63,0.552000,0.661000,43.47863956,0.00000000,44.83150998,329.92148323,0.00000000,0.00000000,36.84682300,43.47863956,39.91750131,767.66957627,17251.01061730,7912.94957600
11,64,0.384000,0.723000,61.43314751,45.29548429,0.00000000,315.57173564,0.00000000,0.00000000,94.69756566,106.72863180,101.68074366,1745.79450000,17600.16951714,7912.94957600
11,65,0.180000,0.785000,28.79678789,77.93184391,0.00000000,313.88111273,0.00000000,0.00000000,94.69756566,106.72863180,101.68074366,1745.79450000,17949.32841698,7912.94957600
11,66,0.002000,0.831000,0.31996431,106.40866749,0.00000000,308.36402928,0.00000000,0.00000000,94.69756566,106.72863180,101.68074366,1745.79450000,18298.48731681,7912.94957600
11,67,0.000000,0.845000,0.00000000,106.72863180,0.00000000,315.03181197,0.00000000,0.00000000,94.69756566,106.72863180,101.68074366,1745.79450000,18647.64621665,7912.94957600
11,68,0.000000,0.863000,0.00000000,72.94337341,0.00000000,357.80131650,0.00000000,0.00000000,63.67817400,72.94337341,68.65710075,1244.73168631,18495.74230279,7912.94957600
11,69,0.000000,0.888000,0.00000000,106.72863180,0.00000000,336.49417774,0.00000000,0.00000000,94.69756566,106.72863180,101.68074366,1745.79450000,18844.90120263,7912.94957600
11,70,0.000000,0.898000,0.00000000,106.72863180,0.00000000,341.48542560,0.00000000,0.00000000,94.69756566,106.72863180,101.68074366,1745.79450000,19194.06010247,7912.94957600
11,71,0.000000,0.872000,0.00000000,57.67001469,0.00000000,377.56679829,0.00000000,0.00000000,49.73928100,57.67001469,53.75120360,1002.98064984,18800.40515214,7912.94957600
11,72,0.000000,0.843000,0.00000000,106.72863180,0.00000000,314.03356239,0.00000000,0.00000000,94.69756566,106.72863180,101.68074366,1745.79450000,19149.56405197,7912.94957600
11,73,0.000000,0.806000,0.00000000,106.72863180,0.00000000,295.56594533,0.00000000,0.00000000,94.69756566,106.72863180,101.68074366,1745.79450000,19498.72295181,7912.94957600
11,74,0.000000,0.751000,0.00000000,89.29817159,0.00000000,285.54454234,0.00000000,0.00000000,78.66539600,89.29817159,84.63531998,1492.48099468,19594.56834632,7912.94957600
11,75,0.000000,0.682000,0.00000000,106.72863180,0.00000000,233.67447193,0.00000000,0.00000000,94.69756566,106.72863180,101.68074366,1745.79450000,19943.72724616,7912.94957600
11,76,0.000000,0.594000,0.00000000,106.72863180,0.00000000,189.75149080,0.00000000,0.00000000,94.69756566,106.72863180,101.68074366,1745.79450000,20292.88614599,7912.94957600
11,77,0.000000,0.491000,0.00000000,106.72863180,0.00000000,138.34163789,0.00000000,0.00000000,94.69756566,106.72863180,101.68074366,1745.79450000,20642.04504583,7912.94957600
11,78,0.011000,0.421000,1.75980370,104.96882810,0.00000000,105.16270661,0.00000000,0.00000000,94.69756566,106.72863180,101.68074366,1745.79450000,20991.20394567,7912.94957600
11,79,0.199000,0.638000,31.83644884,41.10692457,0.00000000,277.33468859,0.00000000,0.00000000,63.67817400,72.94337341,68.65710075,1244.73168631,20839.30003181,7912.94957600
11,80,0.410000,0.756000,65.59268354,41.13594826,0.00000000,336.20238959,0.00000000,0.00000000,94.69756566,106.72863180,101.68074366,1745.79450000,21188.45893165,7912.94957600
11,81,0.575000,0.725000,91.98973911,14.73889270,0.00000000,347.12657681,0.00000000,0.00000000,94.69756566,106.72863180,101.68074366,1745.79450000,21537.61783149,7912.94957600
11,82,0.687000,0.679000,106.72863180,0.00000000,3.17910866,338.90572937,0.00000000,0.00000000,94.69756566,106.72863180,101.68074366,1745.79450000,21886.77673132,7912.94957600
11,83,0.749000,0.642000,0.00000000,72.94337341,119.82663407,247.49473890,0.00000000,0.00000000,63.67817400,72.94337341,68.65710075,1244.73168631,21734.87281747,7912.94957600
11,84,0.766000,0.618000,2.39428050,0.00000000,120.15205020,308.45911745,0.00000000,0.00000000,0.00000000,2.39428050,0.00000000,0.00000000,20338.23721730,7912.94957600
11,85,0.740000,0.610000,106.72863180,0.00000000,11.65816287,304.46611917,0.00000000,0.00000000,94.69756566,106.72863180,101.68074366,1745.79450000,20687.39611714,7912.94957600
11,86,0.671000,0.625000,72.94337341,0.00000000,34.40465257,311.95299095,0.00000000,0.00000000,63.67817400,72.94337341,68.65710075,1244.73168631,20535.49220329,7912.94957600
11,87,0.556000,0.670000,88.95007816,17.77855364,0.00000000,316.63505266,0.00000000,0.00000000,94.69756566,106.72863180,101.68074366,1745.79450000,20884.65110312,7912.94957600
11,88,0.392000,0.728000,62.71300475,44.01562705,0.00000000,319.34721681,0.00000000,0.00000000,94.69756566,106.72863180,101.68074366,1745.79450000,21233.81000296,7912.94957600
11,89,0.187000,0.791000,29.91666298,76.81196882,0.00000000,317.99573653,0.00000000,0.00000000,94.69756566,106.72863180,101.68074366,1745.79450000,21582.96890280,7912.94957600
11,90,0.002000,0.829000,0.31996431,106.40866749,0.00000000,307.36577971,0.00000000,0.00000000,94.69756566,106.72863180,101.68074366,1745.79450000,21932.12780263,7912.94957600
11,91,0.000000,0.855000,0.00000000,106.72863180,0.00000000,320.02305982,0.00000000,0.00000000,94.69756566,106.72863180,101.68074366,1745.79450000,22281.28670247,7912.94957600
11,92,0.000000,0.895000,0.00000000,72.94337341,0.00000000,373.77330963,0.00000000,0.00000000,63.67817400,72.94337341,68.65710075,1244.73168631,22129.38278862,7912.94957600
11,93,0.000000,0.914000,0.00000000,89.29817159,0.00000000,366.90188238,0.00000000,0.00000000,78.66539600,89.29817159,84.63531998,1492.48099468,22225.22818313,7912.94957600
11,94,0.000000,0.898000,0.00000000,106.72863180,0.00000000,341.48542560,0.00000000,0.00000000,94.69756566,106.72863180,101.68074366,1745.79450000,22574.38708296,7912.94957600
11,95,0.000000,0.863000,0.00000000,106.72863180,0.00000000,324.01605810,0.00000000,0.00000000,94.69756566,106.72863180,101.68074366,1745.79450000,22923.54598280,7912.94957600
11,96,0.000000,0.825000,0.00000000,89.29817159,0.00000000,322.47977646,0.00000000,0.00000000,78.66539600,89.29817159,84.63531998,1492.48099468,23019.39137731,7912.94957600
11,97,0.000000,0.779000,0.00000000,89.29817159,0.00000000,299.52003633,0.00000000,0.00000000,78.66539600,89.29817159,84.63531998,1492.48099468,23115.23677182,7912.94957600
11,98,0.000000,0.704000,0.00000000,89.29817159,0.00000000,262.08567742,0.00000000,0.00000000,78.66539600,89.29817159,84.63531998,1492.48099468,23211.08216633,7912.94957600
11,99,0.000000,0.612000,0.00000000,106.72863180,0.00000000,198.73573694,0.00000000,0.00000000,94.69756566,106.72863180,101.68074366,1745.79450000,23560.24106617,7912.94957600
11,100,0.000000,0.535000,0.00000000,106.72863180,0.00000000,160.30312845,0.00000000,0.00000000,94.69756566,106.72863180,101.68074366,1745.79450000,23909.39996601,7912.94957600
11,101,0.000000,0.466000,0.00000000,57.67001469,0.00000000,174.92213537,0.00000000,0.00000000,49.73928100,57.67001469,53.75120360,1002.98064984,23515.74501568,7912.94957600
11,102,0.013000,0.407000,2.07976801,104.64886379,0.00000000,98.49492392,0.00000000,0.00000000,94.69756566,106.72863180,101.68074366,1745.79450000,23864.90391551,7912.94957600
11,103,0.203000,0.629000,32.47637746,74.25225434,0.00000000,239.69723575,0.00000000,0.00000000,94.69756566,106.72863180,101.68074366,1745.79450000,24214.06281535,7912.94957600
11,104,0.416000,0.737000,66.55257647,40.17605533,0.00000000,327.67891159,0.00000000,0.00000000,94.69756566,106.72863180,101.68074366,1745.79450000,24563.22171519,7912.94957600
11,105,0.579000,0.693000,0.00000000,89.29817159,92.62966773,256.59530478,0.00000000,0.00000000,78.66539600,89.29817159,84.63531998,1492.48099468,24659.06710970,7912.94957600
11,106,0.686000,0.619000,106.72863180,0.00000000,3.01912651,308.95824224,0.00000000,0.00000000,94.69756566,106.72863180,101.68074366,1745.79450000,25008.22600953,7912.94957600
11,107,0.746000,0.542000,72.94337341,0.00000000,46.40331420,270.52563375,0.00000000,0.00000000,63.67817400,72.94337341,68.65710075,1244.73168631,24856.32209568,7912.94957600
11,108,0.763000,0.488000,106.72863180,0.00000000,15.33775244,243.57289533,0.00000000,0.00000000,94.69756566,106.72863180,101.68074366,1745.79450000,25205.48099552,7912.94957600
11,109,0.738000,0.454000,106.72863180,0.00000000,11.33819856,226.60265263,0.00000000,0.00000000,94.69756566,106.72863180,101.68074366,1745.79450000,25554.63989535,7912.94957600
11,110,0.667000,0.447000,89.29817159,0.00000000,17.40992577,223.10877913,0.00000000,0.00000000,78.66539600,89.29817159,84.63531998,1492.48099468,25650.48528986,7912.94957600
11,111,0.548000,0.491000,72.94337341,0.00000000,14.72684751,245.07026969,0.00000000,0.00000000,63.67817400,72.94337341,68.65710075,1244.73168631,25498.58137601,7912.94957600
11,112,0.379000,0.584000,60.63323673,46.09539507,0.00000000,245.39347968,0.00000000,0.00000000,94.69756566,106.72863180,101.68074366,1745.79450000,25847.74027585,7912.94957600
11,113,0.175000,0.711000,27.99687712,78.73175468,0.00000000,276.14596782,0.00000000,0.00000000,94.69756566,106.72863180,101.68074366,1745.79450000,26196.89917568,7912.94957600
11,114,0.002000,0.808000,0.31996431,106.40866749,0.00000000,296.88415921,0.00000000,0.00000000,94.69756566,106.72863180,101.68074366,1745.79450000,26546.05807552,7912.94957600
11,115,0.000000,0.873000,0.00000000,72.94337341,0.00000000,362.79256435,0.00000000,0.00000000,63.67817400,72.94337341,68.65710075,1244.73168631,26394.15416167,7912.94957600
11,116,0.000000,0.927000,0.00000000,72.94337341,0.00000000,389.74530277,0.00000000,0.00000000,63.67817400,72.94337341,68.65710075,1244.73168631,26242.25024781,7912.94957600
11,117,0.000000,0.944000,0.00000000,106.72863180,0.00000000,364.44516573,0.00000000,0.00000000,94.69756566,106.72863180,101.68074366,1745.79450000,26591.40914765,7912.94957600
11,118,0.000000,0.934000,0.00000000,106.72863180,0.00000000,359.45391788,0.00000000,0.00000000,94.69756566,106.72863180,101.68074366,1745.79450000,26940.56804749,7912.94957600
11,119,0.000000,0.913000,0.00000000,107.32720193,0.00000000,348.37372726,0.00000000,0.00000000,94.69756566,107.32720193,101.68074366,1745.79450000,26940.56804728,9891.18697000
11,120,0.000000,0.877000,0.00000000,107.32720193,0.00000000,330.40523498,0.00000000,0.00000000,94.69756566,107.32720193,101.68074366,1745.79450000,26940.56804708,9891.18697000
11,121,0.000000,0.817000,0.00000000,107.32720193,0.00000000,300.45774785,0.00000000,0.00000000,94.69756566,107.32720193,101.68074366,1745.79450000,26940.56804687,9891.18697000
11,122,0.000000,0.740000,0.00000000,107.16065161,0.00000000,262.19168967,0.00000000,0.00000000,94.69756566,107.16065161,101.68074366,1745.79450000,27037.72044628,9340.74844527
11,123,0.000000,0.652000,0.00000000,89.89674172,0.00000000,235.53261844,0.00000000,0.00000000,78.66539600,89.89674172,84.63531998,1492.48099468,26784.40694075,9891.18697000
11,124,0.000000,0.557000,0.00000000,107.32720193,0.00000000,170.68530361,0.00000000,0.00000000,94.69756566,107.32720193,101.68074366,1745.79450000,26784.40694055,9891.18697000
11,125,0.000000,0.476000,0.00000000,107.32720193,0.00000000,130.25619598,0.00000000,0.00000000,94.69756566,107.32720193,101.68074366,1745.79450000,26784.40694034,9891.18697000
11,126,0.011000,0.378000,1.75980370,104.96882810,0.00000000,83.70034083,0.00000000,0.00000000,94.69756566,106.72863180,101.68074366,1745.79450000,27133.56584018,7912.94957600
11,127,0.196000,0.595000,31.35650237,75.97069955,0.00000000,221.00854783,0.00000000,0.00000000,94.69756566,107.32720193,101.68074366,1745.79450000,27133.56583997,9891.18697000
11,128,0.397000,0.705000,63.51291552,43.81428640,0.00000000,308.06868739,0.00000000,0.00000000,94.69756566,107.32720193,101.68074366,1745.79450000,27133.56583977,9891.18697000
11,129,0.563000,0.663000,90.06995325,16.65867856,0.00000000,314.26105425,0.00000000,0.00000000,94.69756566,106.72863180,101.68074366,1745.79450000,27482.72473960,7912.94957600
11,130,0.680000,0.582000,106.72863180,0.00000000,2.05923358,290.49062517,0.00000000,0.00000000,94.69756566,106.72863180,101.68074366,1745.79450000,27831.88363944,7912.94957600
11,131,0.742000,0.504000,73.54194353,0.00000000,45.16481545,251.55889190,0.00000000,0.00000000,63.67817400,73.54194353,68.65710075,1244.73168631,27330.82082555,9891.18697000
11,132,0.758000,0.447000,107.06678999,0.00000000,14.19968347,223.10877913,0.00000000,0.00000000,94.69756566,107.06678999,101.68074366,1745.79450000,27482.72473981,9030.54156225
11,133,0.733000,0.405000,107.32720193,0.00000000,9.93971766,202.14553814,0.00000000,0.00000000,94.69756566,107.32720193,101.68074366,1745.79450000,27482.72473960,9891.18697000
11,134,0.664000,0.403000,106.22815090,0.50048090,0.00000000,200.64680766,0.00000000,0.00000000,94.69756566,106.72863180,101.68074366,1745.79450000,27831.88363944,7912.94957600
11,135,0.537000,0.450000,85.91041722,21.41678471,0.00000000,203.18936878,0.00000000,0.00000000,94.69756566,107.32720193,101.68074366,1745.79450000,27831.88363923,9891.18697000
11,136,0.361000,0.558000,57.75355794,15.78838559,0.00000000,262.72324473,0.00000000,0.00000000,63.67817400,73.54194353,68.65710075,1244.73168631,27330.82082534,9891.18697000
11,137,0.136000,0.708000,21.75757308,85.56962885,0.00000000,267.81071930,0.00000000,0.00000000,94.69756566,107.32720193,101.68074366,1745.79450000,27330.82082514,9891.18697000
11,138,0.001000,0.817000,0.15998215,72.78339125,0.00000000,335.00155852,0.00000000,0.00000000,63.67817400,72.94337341,68.65710075,1244.73168631,27178.91691128,7912.94957600
11,139,0.000000,0.866000,0.00000000,107.32720193,0.00000000,324.91486234,0.00000000,0.00000000,94.69756566,107.32720193,101.68074366,1745.79450000,27178.91691108,9891.18697000
11,140,0.000000,0.896000,0.00000000,73.54194353,0.00000000,373.67386429,0.00000000,0.00000000,63.67817400,73.54194353,68.65710075,1244.73168631,26677.85409719,9891.18697000
11,141,0.000000,0.933000,0.00000000,106.72863180,0.00000000,358.95479309,0.00000000,0.00000000,94.69756566,106.72863180,101.68074366,1745.79450000,27027.01299702,7912.94957600
11,142,0.000000,0.932000,0.00000000,106.72863180,0.00000000,358.45566831,0.00000000,0.00000000,94.69756566,106.72863180,101.68074366,1745.79450000,27376.17189686,7912.94957600
11,143,0.000000,0.909000,0.00000000,106.72863180,0.00000000,346.97579824,0.00000000,0.00000000,94.69756566,106.72863180,101.68074366,1745.79450000,27725.33079669,7912.94957600
11,144,0.000000,0.871000,0.00000000,107.14453624,0.00000000,327.59315195,0.00000000,0.00000000,94.69756566,107.14453624,101.68074366,1745.79450000,27831.88363944,9287.48814308
11,145,0.000000,0.821000,0.00000000,73.54194353,0.00000000,336.23950538,0.00000000,0.00000000,63.67817400,73.54194353,68.65710075,1244.73168631,27330.82082555,9891.18697000
11,146,0.000000,0.757000,0.00000000,72.94337341,0.00000000,304.89408923,0.00000000,0.00000000,63.67817400,72.94337341,68.65710075,1244.73168631,27178.91691169,7912.94957600
11,147,0.000000,0.668000,0.00000000,89.29817159,0.00000000,244.11718514,0.00000000,0.00000000,78.66539600,89.29817159,84.63531998,1492.48099468,27274.76230621,7912.94957600
11,148,0.000000,0.556000,0.00000000,106.72863180,0.00000000,170.78474895,0.00000000,0.00000000,94.69756566,106.72863180,101.68074366,1745.79450000,27623.92120604,7912.94957600
11,149,0.000000,0.422000,0.00000000,58.26858481,0.00000000,152.36207468,0.00000000,0.00000000,49.73928100,58.26858481,53.75120360,1002.98064984,26881.10735567,9891.18697000
11,150,0.007000,0.322000,1.11987508,105.60875672,0.00000000,55.10942422,0.00000000,0.00000000,94.69756566,106.72863180,101.68074366,1745.79450000,27230.26625551,7912.94957600
11,151,0.162000,0.558000,25.91710910,81.41009282,0.00000000,197.10153750,0.00000000,0.00000000,94.69756566,107.32720193,101.68074366,1745.79450000,27230.26625530,9891.18697000
11,152,0.369000,0.650000,59.03341518,47.69521662,0.00000000,276.73589397,0.00000000,0.00000000,94.69756566,106.72863180,101.68074366,1745.79450000,27579.42515514,7912.94957600
11,153,0.543000,0.608000,86.87031015,20.45689178,0.00000000,283.01097782,0.00000000,0.00000000,94.69756566,107.32720193,101.68074366,1745.79450000,27579.42515493,9891.18697000
11,154,0.666000,0.550000,106.54811521,0.77908672,0.00000000,273.73954532,0.00000000,0.00000000,94.69756566,107.32720193,101.68074366,1745.79450000,27579.42515473,9891.18697000
11,155,0.730000,0.501000,73.54194353,0.00000000,43.24502959,250.06151755,0.00000000,0.00000000,63.67817400,73.54194353,68.65710075,1244.73168631,27078.36234084,9891.18697000
11,156,0.748000,0.476000,107.32720193,0.00000000,12.33944999,237.58339791,0.00000000,0.00000000,94.69756566,107.32720193,101.68074366,1745.79450000,27078.36234063,9891.18697000
11,157,0.723000,0.490000,106.72863180,0.00000000,8.93846624,244.57114491,0.00000000,0.00000000,94.69756566,106.72863180,101.68074366,1745.79450000,27427.52124047,7912.94957600
11,158,0.657000,0.541000,105.10827581,2.21892611,0.00000000,267.80758285,0.00000000,0.00000000,94.69756566,107.32720193,101.68074366,1745.79450000,27427.52124026,9891.18697000
11,159,0.542000,0.615000,86.71032799,17.82030820,0.00000000,289.14143489,0.00000000,0.00000000,92.12534345,104.53063619,98.94595368,1705.15255826,27386.87929831,9891.18697000
11,160,0.374000,0.692000,59.83332596,46.89530584,0.00000000,298.49904574,0.00000000,0.00000000,94.69756566,106.72863180,101.68074366,1745.79450000,27736.03819815,7912.94957600
11,161,0.166000,0.765000,26.55703772,62.74113412,0.00000000,319.08932680,0.00000000,0.00000000,78.66539600,89.29817185,84.63532017,1492.48104146,27831.88363944,7912.94957600
11,162,0.002000,0.810000,0.31996431,72.96156729,0.00000000,331.32950898,0.00000000,0.00000000,63.67817400,73.28153160,68.65710075,1244.73168631,27482.72473960,9030.54156457
11,163,0.000000,0.823000,0.00000000,106.72863180,0.00000000,304.05106668,0.00000000,0.00000000,94.69756566,106.72863180,101.68074366,1745.79450000,27831.88363944,7912.94957600
11,164,0.000000,0.827000,0.00000000,73.54194353,0.00000000,339.23425409,0.00000000,0.00000000,63.67817400,73.54194353,68.65710075,1244.73168631,27330.82082555,9891.18697000
11,165,0.000000,0.820000,0.00000000,107.32720193,0.00000000,301.95512220,0.00000000,0.00000000,94.69756566,107.32720193,101.68074366,1745.79450000,27330.82082534,9891.18697000
11,166,0.000000,0.813000,0.00000000,106.72863180,0.00000000,299.05981883,0.00000000,0.00000000,94.69756566,106.72863180,101.68074366,1745.79450000,27679.97972518,7912.94957600
11,167,0.000000,0.744000,0.00000000,107.32720193,0.00000000,264.02163850,0.00000000,0.00000000,94.69756566,107.32720193,101.68074366,1745.79450000,27679.97972497,9891.18697000
11,168,0.000000,0.653000,0.00000000,93.15554673,0.00000000,232.77293822,0.00000000,0.00000000,82.21332811,93.15554673,88.40748617,1548.53951463,27831.88363944,7912.94957600
11,169,0.000000,0.552000,0.00000000,73.54194353,0.00000000,201.97493807,0.00000000,0.00000000,63.67817400,73.54194353,68.65710075,1244.73168631,27330.82082555,9891.18697000
11,170,0.000000,0.435000,0.00000000,106.72863180,0.00000000,110.39064990,0.00000000,0.00000000,94.69756566,106.72863180,101.68074366,1745.79450000,27679.97972538,7912.94957600
11,171,0.000000,0.354000,0.00000000,107.32720193,0.00000000,69.36297215,0.00000000,0.00000000,94.69756566,107.32720193,101.68074366,1745.79450000,27679.97972518,9891.18697000
11,172,0.000000,0.302000,0.00000000,72.94337341,0.00000000,77.79231182,0.00000000,0.00000000,63.67817400,72.94337341,68.65710075,1244.73168631,27528.07581132,7912.94957600
11,173,0.000000,0.279000,0.00000000,107.32720193,0.00000000,31.92861323,0.00000000,0.00000000,94.69756566,107.32720193,101.68074366,1745.79450000,27528.07581112,9891.18697000
11,174,0.006000,0.266000,0.95989293,72.58205060,0.00000000,60.18514234,0.00000000,0.00000000,63.67817400,73.54194353,68.65710075,1244.73168631,27027.01299723,9891.18697000
11,175,0.157000,0.407000,25.11719833,82.21000360,0.00000000,120.93378411,0.00000000,0.00000000,94.69756566,107.32720193,101.68074366,1745.79450000,27027.01299702,9891.18697000
11,176,0.370000,0.440000,59.19339734,47.53523446,0.00000000,172.07967117,0.00000000,0.00000000,94.69756566,106.72863180,101.68074366,1745.79450000,27376.17189686,7912.94957600
11,177,0.545000,0.378000,72.94337341,0.00000000,14.24690105,188.66916893,0.00000000,0.00000000,63.67817400,72.94337341,68.65710075,1244.73168631,27224.26798300,7912.94957600
11,178,0.667000,0.328000,106.70809736,0.61910456,0.00000000,163.09382509,0.00000000,0.00000000,94.69756566,107.32720193,101.68074366,1745.79450000,27224.26798280,9891.18697000
11,179,0.733000,0.294000,107.32720193,0.00000000,9.93971766,146.74268694,0.00000000,0.00000000,94.69756566,107.32720193,101.68074366,1745.79450000,27224.26798259,9891.18697000
11,180,0.753000,0.276000,107.32720193,0.00000000,13.13936076,137.75844080,0.00000000,0.00000000,94.69756566,107.32720193,101.68074366,1745.79450000,27224.26798239,9891.18697000
11,181,0.729000,0.277000,106.88412431,0.00000000,9.74286666,138.25756559,0.00000000,0.00000000,94.69756566,106.88412431,101.68074366,1745.79450000,27482.72473960,8426.84273533
11,182,0.661000,0.309000,105.74820443,0.98042737,0.00000000,153.24913136,0.00000000,0.00000000,94.69756566,106.72863180,101.68074366,1745.79450000,27831.88363944,7912.94957600
11,183,0.547000,0.371000,87.51023877,19.81696316,0.00000000,165.35833227,0.00000000,0.00000000,94.69756566,107.32720193,101.68074366,1745.79450000,27831.88363923,9891.18697000
11,184,0.383000,0.457000,61.27316535,46.05403657,0.00000000,182.04599041,0.00000000,0.00000000,94.69756566,107.32720193,101.68074366,1745.79450000,27831.88363903,9891.18697000
11,185,0.174000,0.569000,27.83689496,45.10647844,0.00000000,238.89552452,0.00000000,0.00000000,63.67817400,72.94337341,68.65710075,1244.73168631,27679.97972518,7912.94957600
11,186,0.002000,0.684000,0.31996431,106.74682568,0.00000000,234.65452762,0.00000000,0.00000000,94.69756566,107.06678999,101.68074366,1745.79450000,27831.88363944,9030.54156225
11,187,0.000000,0.732000,0.00000000,58.26858481,0.00000000,307.09075819,0.00000000,0.00000000,49.73928100,58.26858481,53.75120360,1002.98064984,27089.06978907,9891.18697000
11,188,0.000000,0.753000,0.00000000,106.81666101,0.00000000,269.02430248,0.00000000,0.00000000,94.69756566,106.81666101,101.68074366,1745.79450000,27386.87934509,8203.88070243
11,189,0.000000,0.754000,0.00000000,89.29817159,0.00000000,287.04191669,0.00000000,0.00000000,78.66539600,89.29817159,84.63531998,1492.48099468,27482.72473960,7912.94957600
11,190,0.000000,0.718000,0.00000000,106.72863180,0.00000000,251.64296420,0.00000000,0.00000000,94.69756566,106.72863180,101.68074366,1745.79450000,27831.88363944,7912.94957600
11,191,0.000000,0.682000,0.00000000,73.28153160,0.00000000,267.12157213,0.00000000,0.00000000,63.67817400,73.28153160,68.65710075,1244.73168631,27482.72473960,9030.54156457
11,192,0.000000,0.607000,0.00000000,106.72863180,0.00000000,196.24011301,0.00000000,0.00000000,94.69756566,106.72863180,101.68074366,1745.79450000,27831.88363944,7912.94957600
11,193,0.000000,0.525000,0.00000000,73.44584129,0.00000000,188.59467111,0.00000000,0.00000000,63.67817400,73.44584129,68.65710075,1244.73168631,27386.87934530,9573.57496008
11,194,0.000000,0.457000,0.00000000,107.32720193,0.00000000,120.77282506,0.00000000,0.00000000,94.69756566,107.32720193,101.68074366,1745.79450000,27386.87934509,9891.18697000
11,195,0.000000,0.404000,0.00000000,89.29817159,0.00000000,112.34824176,0.00000000,0.00000000,78.66539600,89.29817159,84.63531998,1492.48099468,27482.72473960,7912.94957600
11,196,0.000000,0.380000,0.00000000,106.72863180,0.00000000,82.93878670,0.00000000,0.00000000,94.69756566,106.72863180,101.68074366,1745.79450000,27831.88363944,7912.94957600
11,197,0.000000,0.345000,0.00000000,107.32720193,0.00000000,64.87084908,0.00000000,0.00000000,94.69756566,107.32720193,101.68074366,1745.79450000,27831.88363944,9891.18696884
11,198,0.011000,0.355000,1.75980370,1.23304692,0.00000000,175.95625194,0.00000000,0.00000000,0.00000000,2.99285063,0.00000000,0.00000000,26086.08913923,9891.18697000
11,199,0.190000,0.552000,30.39660944,76.33202236,0.00000000,199.18485925,0.00000000,0.00000000,94.69756566,106.72863180,101.68074366,1745.79450000,26435.24803907,7912.94957600
11,200,0.408000,0.624000,65.27271923,7.67065418,0.00000000,303.78321198,0.00000000,0.00000000,63.67817400,72.94337341,68.65710075,1244.73168631,26283.34412522,7912.94957600
11,201,0.571000,0.583000,91.34981049,15.37882132,0.00000000,275.61092864,0.00000000,0.00000000,94.69756566,106.72863180,101.68074366,1745.79450000,26632.50302505,7912.94957600
11,202,0.680000,0.545000,107.32720193,0.00000000,1.46066345,272.02300811,0.00000000,0.00000000,94.69756566,107.32720193,101.68074366,1745.79450000,26632.50302485,9891.18697000
11,203,0.740000,0.520000,106.72863180,0.00000000,11.65816287,259.54488847,0.00000000,0.00000000,94.69756566,106.72863180,101.68074366,1745.79450000,26981.66192469,7912.94957600
11,204,0.756000,0.513000,106.72863180,0.00000000,14.21787735,256.05101497,0.00000000,0.00000000,94.69756566,106.72863180,101.68074366,1745.79450000,27330.82082452,7912.94957600
11,205,0.727000,0.523000,106.72863180,0.00000000,9.57839486,261.04226283,0.00000000,0.00000000,94.69756566,106.72863180,101.68074366,1745.79450000,27679.97972436,7912.94957600
11,206,0.655000,0.559000,93.75411692,0.00000000,11.03419458,279.01075511,0.00000000,0.00000000,82.21332817,93.75411692,88.40748624,1548.53951566,27482.72473981,9891.18697000
11,207,0.535000,0.624000,85.59045291,21.73674902,0.00000000,289.71711715,0.00000000,0.00000000,94.69756566,107.32720193,101.68074366,1745.79450000,27482.72473960,9891.18697000
11,208,0.370000,0.704000,59.19339734,47.53523446,0.00000000,303.84861454,0.00000000,0.00000000,94.69756566,106.72863180,101.68074366,1745.79450000,27831.88363944,7912.94957600
11,209,0.167000,0.780000,26.71701988,46.82492365,0.00000000,342.49240905,0.00000000,0.00000000,63.67817400,73.54194353,68.65710075,1244.73168631,27330.82082555,9891.18697000
11,210,0.002000,0.826000,0.31996431,89.48067516,0.00000000,322.79639768,0.00000000,0.00000000,78.66539600,89.80063947,84.63531998,1492.48099468,27133.56583997,9573.57495892
11,211,0.000000,0.845000,0.00000000,106.72863180,0.00000000,315.03181197,0.00000000,0.00000000,94.69756566,106.72863180,101.68074366,1745.79450000,27482.72473981,7912.94957600
11,212,0.000000,0.864000,0.00000000,107.32720193,0.00000000,323.91661277,0.00000000,0.00000000,94.69756566,107.32720193,101.68074366,1745.79450000,27482.72473960,9891.18697000
11,213,0.000000,0.875000,0.00000000,106.72863180,0.00000000,330.00555553,0.00000000,0.00000000,94.69756566,106.72863180,101.68074366,1745.79450000,27831.88363944,7912.94957600
11,214,0.000000,0.856000,0.00000000,73.54194353,0.00000000,353.70887287,0.00000000,0.00000000,63.67817400,73.54194353,68.65710075,1244.73168631,27330.82082555,9891.18697000
11,215,0.000000,0.813000,0.00000000,73.54194353,0.00000000,332.24650710,0.00000000,0.00000000,63.67817400,73.54194353,68.65710075,1244.73168631,26829.75801165,9891.18697000
11,216,0.000000,0.763000,0.00000000,107.32720193,0.00000000,273.50500943,0.00000000,0.00000000,94.69756566,107.32720193,101.68074366,1745.79450000,26829.75801145,9891.18697000
11,217,0.000000,0.703000,0.00000000,107.32720193,0.00000000,243.55752230,0.00000000,0.00000000,94.69756566,107.32720193,101.68074366,1745.79450000,26829.75801124,9891.18697000
11,218,0.000000,0.619000,0.00000000,106.72863180,0.00000000,202.22961044,0.00000000,0.00000000,94.69756566,106.72863180,101.68074366,1745.79450000,27178.91691108,7912.94957600
11,219,0.000000,0.523000,0.00000000,73.35927785,0.00000000,187.68298498,0.00000000,0.00000000,63.67817400,73.35927785,68.65710075,1244.73168631,26784.40694116,9287.48813727
11,220,0.000000,0.434000,0.00000000,107.32720193,0.00000000,109.29295499,0.00000000,0.00000000,94.69756566,107.32720193,101.68074366,1745.79450000,26784.40694096,9891.18697000
11,221,0.000000,0.398000,0.00000000,107.32720193,0.00000000,91.32446271,0.00000000,0.00000000,94.69756566,107.32720193,101.68074366,1745.79450000,26784.40694075,9891.18697000
11,222,0.011000,0.371000,1.75980370,105.56739822,0.00000000,79.60789721,0.00000000,0.00000000,94.69756566,107.32720193,101.68074366,1745.79450000,26784.40694055,9891.18697000
11,223,0.193000,0.704000,30.87655591,76.45064602,0.00000000,274.93320299,0.00000000,0.00000000,94.69756566,107.32720193,101.68074366,1745.79450000,26784.40694034,9891.18697000
11,224,0.399000,0.779000,63.83287983,43.49432209,0.00000000,345.32388583,0.00000000,0.00000000,94.69756566,107.32720193,101.68074366,1745.79450000,26784.40694014,9891.18697000
11,225,0.567000,0.734000,90.70988187,16.01874994,0.00000000,350.33884264,0.00000000,0.00000000,94.69756566,106.72863180,101.68074366,1745.79450000,27133.56583997,7912.94957600
11,226,0.676000,0.688000,106.72863180,0.00000000,1.41930496,343.39785244,0.00000000,0.00000000,94.69756566,106.72863180,101.68074366,1745.79450000,27482.72473981,7912.94957600
11,227,0.738000,0.663000,107.32720193,0.00000000,10.73962844,330.91973280,0.00000000,0.00000000,94.69756566,107.32720193,101.68074366,1745.79450000,27482.72473960,9891.18697000
11,228,0.754000,0.662000,106.72863180,0.00000000,13.89791304,330.42060802,0.00000000,0.00000000,94.69756566,106.72863180,101.68074366,1745.79450000,27831.88363944,7912.94957600
11,229,0.728000,0.670000,72.94337341,0.00000000,43.52363541,334.41360630,0.00000000,0.00000000,63.67817400,72.94337341,68.65710075,1244.73168631,27679.97972559,7912.94957600
11,230,0.658000,0.693000,105.26825797,2.05894396,0.00000000,343.83453241,0.00000000,0.00000000,94.69756566,107.32720193,101.68074366,1745.79450000,27679.97972538,9891.18697000
11,231,0.542000,0.729000,86.71032799,20.61687393,0.00000000,343.24509471,0.00000000,0.00000000,94.69756566,107.32720193,101.68074366,1745.79450000,27679.97972518,9891.18697000
11,232,0.384000,0.768000,61.43314751,28.46359421,0.00000000,354.86424107,0.00000000,0.00000000,78.66539600,89.89674172,84.63531998,1492.48099468,27426.66621965,9891.18697000
11,233,0.181000,0.803000,28.95677005,75.63270327,0.00000000,325.16449950,0.00000000,0.00000000,92.17946059,104.58947332,99.00349110,1706.00762667,27386.87934612,9891.18697000
11,234,0.003000,0.820000,0.47994646,106.84725546,0.00000000,302.43506867,0.00000000,0.00000000,94.69756566,107.32720193,101.68074366,1745.79450000,27386.87934591,9891.18697000
11,235,0.000000,0.812000,0.00000000,89.89674172,0.00000000,315.39258413,0.00000000,0.00000000,78.66539600,89.89674172,84.63531998,1492.48099468,27133.56584038,9891.18697000
11,236,0.000000,0.821000,0.00000000,107.32720193,0.00000000,302.45424699,0.00000000,0.00000000,94.69756566,107.32720193,101.68074366,1745.79450000,27133.56584018,9891.18697000
11,237,0.000000,0.815000,0.00000000,107.32720193,0.00000000,299.45949827,0.00000000,0.00000000,94.69756566,107.32720193,101.68074366,1745.79450000,27133.56583997,9891.18697000
11,238,0.000000,0.770000,0.00000000,106.72863180,0.00000000,277.59745305,0.00000000,0.00000000,94.69756566,106.72863180,101.68074366,1745.79450000,27482.72473981,7912.94957600
11,239,0.000000,0.669000,0.00000000,106.72863180,0.00000000,227.18584971,0.00000000,0.00000000,94.69756566,106.72863180,101.68074366,1745.79450000,27831.88363964,7912.94957600
11,240,0.000000,0.596000,0.00000000,107.32720193,0.00000000,190.15117025,0.00000000,0.00000000,94.69756566,107.32720193,101.68074366,1745.79450000,27831.88363944,9891.18697000
11,241,0.000000,0.510000,0.00000000,73.54194353,0.00000000,181.01169708,0.00000000,0.00000000,63.67817400,73.54194353,68.65710075,1244.73168631,27330.82082555,9891.18697000
11,242,0.000000,0.434000,0.00000000,106.80637806,0.00000000,109.81377886,0.00000000,0.00000000,94.69756566,106.80637806,101.68074366,1745.79450000,27634.62865346,8169.89615915
11,243,0.000000,0.391000,0.00000000,72.94337341,0.00000000,122.21441773,0.00000000,0.00000000,63.67817400,72.94337341,68.65710075,1244.73168631,27482.72473960,7912.94957600
11,244,0.000000,0.379000,0.00000000,106.72863180,0.00000000,82.43966191,0.00000000,0.00000000,94.69756566,106.72863180,101.68074366,1745.79450000,27831.88363944,7912.94957600
11,245,0.000000,0.383000,0.00000000,107.32720193,0.00000000,83.83759093,0.00000000,0.00000000,94.69756566,107.32720193,101.68074366,1745.79450000,27831.88363923,9891.18697000
11,246,0.012000,0.350000,1.91978586,105.40741607,0.00000000,69.28625887,0.00000000,0.00000000,94.69756566,107.32720193,101.68074366,1745.79450000,27831.88363944,9891.18696768
11,247,0.197000,0.618000,31.51648453,75.81071740,0.00000000,232.64840006,0.00000000,0.00000000,94.69756566,107.32720193,101.68074366,1745.79450000,27831.88363923,9891.18697000
11,248,0.407000,0.702000,65.11273707,7.83063634,0.00000000,342.55496310,0.00000000,0.00000000,63.67817400,72.94337341,68.65710075,1244.73168631,27679.97972538,7912.94957600
11,249,0.570000,0.630000,91.18982833,15.87696166,0.00000000,298.57165322,0.00000000,0.00000000,94.69756566,107.06678999,101.68074366,1745.79450000,27831.88363944,9030.54156341
11,250,0.679000,0.516000,107.32720193,0.00000000,1.30068130,257.54838933,0.00000000,0.00000000,94.69756566,107.32720193,101.68074366,1745.79450000,27831.88363923,9891.18697000
11,251,0.743000,0.406000,89.89674197,0.00000000,28.96999917,202.64466292,0.00000000,0.00000000,78.66539600,89.89674197,84.63532017,1492.48104146,27578.57018049,9891.18697000
11,252,0.758000,0.337000,100.73209196,0.00000000,20.53438151,168.20505272,0.00000000,0.00000000,88.63152253,100.73209196,95.23131876,1649.94905932,27482.72473960,9891.18697000
11,253,0.734000,0.328000,106.72863180,0.00000000,10.69826994,163.71292965,0.00000000,0.00000000,94.69756566,106.72863180,101.68074366,1745.79450000,27831.88363944,7912.94957600
11,254,0.666000,0.369000,72.94337341,0.00000000,33.60474180,184.17704586,0.00000000,0.00000000,63.67817400,72.94337341,68.65710075,1244.73168631,27679.97972559,7912.94957600
11,255,0.552000,0.444000,88.31014954,19.01705238,0.00000000,202.59435239,0.00000000,0.00000000,94.69756566,107.32720193,101.68074366,1745.79450000,27679.97972538,9891.18697000
11,256,0.390000,0.527000,62.39304044,44.93416149,0.00000000,218.10460048,0.00000000,0.00000000,94.69756566,107.32720193,101.68074366,1745.79450000,27679.97972518,9891.18697000
11,257,0.187000,0.599000,29.91666298,77.15012701,0.00000000,221.82561952,0.00000000,0.00000000,94.69756566,107.06678999,101.68074366,1745.79450000,27831.88363944,9030.54156225
11,258,0.003000,0.644000,0.47994646,73.06199707,0.00000000,248.37436481,0.00000000,0.00000000,63.67817400,73.54194353,68.65710075,1244.73168631,27330.82082555,9891.18697000
11,259,0.000000,0.631000,0.00000000,106.72863180,0.00000000,208.21910786,0.00000000,0.00000000,94.69756566,106.72863180,101.68074366,1745.79450000,27679.97972538,7912.94957600
11,260,0.000000,0.625000,0.00000000,107.06678999,0.00000000,204.88620096,0.00000000,0.00000000,94.69756566,107.06678999,101.68074366,1745.79450000,27831.88363944,9030.54156341
11,261,0.000000,0.621000,0.00000000,73.54194353,0.00000000,236.41454828,0.00000000,0.00000000,63.67817400,73.54194353,68.65710075,1244.73168631,27330.82082555,9891.18697000
11,262,0.000000,0.574000,0.00000000,106.72863180,0.00000000,179.76899509,0.00000000,0.00000000,94.69756566,106.72863180,101.68074366,1745.79450000,27679.97972538,7912.94957600
11,263,0.000000,0.476000,0.00000000,107.06678999,0.00000000,130.51660792,0.00000000,0.00000000,94.69756566,107.06678999,101.68074366,1745.79450000,27831.88363964,9030.54156225
11,264,0.000000,0.345000,0.00000000,107.32720193,0.00000000,64.87084908,0.00000000,0.00000000,94.69756566,107.32720193,101.68074366,1745.79450000,27831.88363944,9891.18697000
11,265,0.000000,0.256000,0.00000000,72.94337341,0.00000000,54.83257168,0.00000000,0.00000000,63.67817400,72.94337341,68.65710075,1244.73168631,27679.97972559,7912.94957600
11,266,0.000000,0.211000,0.00000000,105.31532975,0.00000000,0.00000000,0.00000000,0.00000000,92.84708804,105.31532975,99.71331346,1716.55635587,27650.74158126,9891.18697000
11,267,0.000000,0.185000,0.00000000,89.29817159,0.00000000,3.03991373,0.00000000,0.00000000,78.66539600,89.29817159,84.63531998,1492.48099468,27746.58697577,7912.94957600
11,268,0.000000,0.167000,0.00000000,83.35383918,0.00000000,0.00000000,0.00000000,0.00000000,73.21812395,83.35383918,78.82785926,1402.43382875,27752.38520436,7912.94957600
11,269,0.000000,0.154000,0.00000000,76.86521697,0.00000000,0.00000000,0.00000000,0.00000000,67.27207517,76.86521697,72.48864133,1304.14153943,27659.89114363,7912.94957600
11,270,0.011000,0.142000,1.75980370,70.87571954,0.00000000,0.00000000,0.00000000,0.00000000,63.39722140,72.63552325,68.35665716,1239.85893947,27503.11448293,7912.94957600
11,271,0.193000,0.206000,0.00000000,30.37356422,30.87655591,72.44614159,0.00000000,0.00000000,25.00174700,30.37356422,27.15938231,539.40882693,26645.88770969,7912.94957600
11,272,0.403000,0.215000,64.47280845,42.25582335,0.00000000,65.05600554,0.00000000,0.00000000,94.69756566,106.72863180,101.68074366,1745.79450000,26995.04660952,7912.94957600
11,273,0.565000,0.175000,90.38991756,16.33871425,0.00000000,71.00812322,0.00000000,0.00000000,94.69756566,106.72863180,101.68074366,1745.79450000,27344.20550936,7912.94957600
11,274,0.676000,0.144000,73.54194353,0.00000000,34.60599322,71.87396912,0.00000000,0.00000000,63.67817400,73.54194353,68.65710075,1244.73168631,26843.14269547,9891.18697000
11,275,0.736000,0.130000,106.82932369,0.00000000,10.91754237,64.88622212,0.00000000,0.00000000,94.69756566,106.82932369,101.68074366,1745.79450000,27133.56583977,8245.73006062
11,276,0.749000,0.130000,106.72863180,0.00000000,13.09800227,64.88622212,0.00000000,0.00000000,94.69756566,106.72863180,101.68074366,1745.79450000,27482.72473960,7912.94957600
11,277,0.723000,0.132000,106.72863180,0.00000000,8.93846624,65.88447169,0.00000000,0.00000000,94.69756566,106.72863180,101.68074366,1745.79450000,27831.88363944,7912.94957600
11,278,0.657000,0.139000,105.10827581,2.21892611,0.00000000,67.15941907,0.00000000,0.00000000,94.69756566,107.32720193,101.68074366,1745.79450000,27831.88363923,9891.18697000
11,279,0.546000,0.167000,87.35025661,19.97694531,0.00000000,63.37689387,0.00000000,0.00000000,94.69756566,107.32720193,101.68074366,1745.79450000,27831.88363903,9891.18697000
11,280,0.384000,0.227000,61.43314751,45.89405442,0.00000000,67.40727189,0.00000000,0.00000000,94.69756566,107.32720193,101.68074366,1745.79450000,27831.88363882,9891.18697000
11,281,0.181000,0.345000,28.95677005,44.58517349,0.00000000,127.61287752,0.00000000,0.00000000,63.67817400,73.54194353,68.65710075,1244.73168631,27330.82082493,9891.18697000
11,282,0.003000,0.546000,0.47994646,106.24868534,0.00000000,166.27344756,0.00000000,0.00000000,94.69756566,106.72863180,101.68074366,1745.79450000,27679.97972477,7912.94957600
11,283,0.000000,0.674000,0.00000000,107.06678999,0.00000000,229.34331545,0.00000000,0.00000000,94.69756566,107.06678999,101.68074366,1745.79450000,27831.88363944,9030.54155993
11,284,0.000000,0.726000,0.00000000,72.94337341,0.00000000,289.42122088,0.00000000,0.00000000,63.67817400,72.94337341,68.65710075,1244.73168631,27679.97972559,7912.94957600
11,285,0.000000,0.732000,0.00000000,107.32720193,0.00000000,258.03214108,0.00000000,0.00000000,94.69756566,107.32720193,101.68074366,1745.79450000,27679.97972538,9891.18697000
11,286,0.000000,0.718000,0.00000000,73.14001081,0.00000000,285.23158520,0.00000000,0.00000000,63.67817400,73.14001081,68.65710075,1244.73168631,27413.37296424,8562.82406491
11,287,0.000000,0.690000,0.00000000,43.47863956,0.00000000,300.91746245,0.00000000,0.00000000,36.84682300,43.47863956,39.91750131,767.66957627,26784.40694034,7912.94957600
11,288,0.000000,0.661000,0.00000000,107.32720193,0.00000000,222.59428130,0.00000000,0.00000000,94.69756566,107.32720193,101.68074366,1745.79450000,26784.40694014,9891.18697000
11,289,0.000000,0.635000,0.00000000,106.72863180,0.00000000,210.21560701,0.00000000,0.00000000,94.69756566,106.72863180,101.68074366,1745.79450000,27133.56583997,7912.94957600
11,290,0.000000,0.577000,0.00000000,106.72863180,0.00000000,181.26636945,0.00000000,0.00000000,94.69756566,106.72863180,101.68074366,1745.79450000,27482.72473981,7912.94957600
11,291,0.000000,0.516000,0.00000000,106.72863180,0.00000000,150.81975753,0.00000000,0.00000000,94.69756566,106.72863180,101.68074366,1745.79450000,27831.88363964,7912.94957600
11,292,0.000000,0.487000,0.00000000,107.32720193,0.00000000,135.74656862,0.00000000,0.00000000,94.69756566,107.32720193,101.68074366,1745.79450000,27831.88363944,9891.18697000
11,293,0.000000,0.449000,0.00000000,107.32720194,0.00000000,116.77982676,0.00000000,0.00000000,94.69756567,107.32720194,101.68074367,1745.79450020,27831.88363944,9891.18697000
11,294,0.010000,0.407000,1.59982155,105.72738038,0.00000000,97.41640733,0.00000000,0.00000000,94.69756566,107.32720193,101.68074366,1745.79450000,27831.88363923,9891.18697000
11,295,0.188000,0.503000,30.07664513,43.46529840,0.00000000,207.59446872,0.00000000,0.00000000,63.67817400,73.54194353,68.65710075,1244.73168631,27330.82082534,9891.18697000
11,296,0.401000,0.532000,64.15284414,42.91394585,0.00000000,222.62044005,0.00000000,0.00000000,94.69756566,107.06678999,101.68074366,1745.79450000,27482.72473960,9030.54156225
11,297,0.567000,0.501000,90.70988187,16.01874994,0.00000000,234.04276761,0.00000000,0.00000000,94.69756566,106.72863180,101.68074366,1745.79450000,27831.88363944,7912.94957600
11,298,0.677000,0.453000,107.32720193,0.00000000,0.98071699,226.10352784,0.00000000,0.00000000,94.69756566,107.32720193,101.68074366,1745.79450000,27831.88363944,9891.18696884
11,299,0.739000,0.404000,72.94337341,0.00000000,45.28343911,201.64641335,0.00000000,0.00000000,63.67817400,72.94337341,68.65710075,1244.73168631,27679.97972559,7912.94957600
11,300,0.756000,0.379000,107.32720193,0.00000000,13.61930723,189.16829371,0.00000000,0.00000000,94.69756566,107.32720193,101.68074366,1745.79450000,27679.97972538,9891.18697000
11,301,0.732000,0.386000,107.32720193,0.00000000,9.77973551,192.66216721,0.00000000,0.00000000,94.69756566,107.32720193,101.68074366,1745.79450000,27679.97972518,9891.18697000
11,302,0.664000,0.433000,106.22815090,0.83863909,0.00000000,215.28239304,0.00000000,0.00000000,94.69756566,107.06678999,101.68074366,1745.79450000,27831.88363944,9030.54156225
11,303,0.550000,0.515000,87.99018523,19.33701669,0.00000000,237.71224785,0.00000000,0.00000000,94.69756566,107.32720193,101.68074366,1745.79450000,27831.88363944,9891.18696884
11,304,0.386000,0.610000,57.67001469,0.00000000,4.08309713,304.46611917,0.00000000,0.00000000,49.73928100,57.67001469,53.75120360,1002.98064984,27438.22868911,7912.94957600
11,305,0.183000,0.707000,29.27673436,78.05046757,0.00000000,274.83075580,0.00000000,0.00000000,94.69756566,107.32720193,101.68074366,1745.79450000,27438.22868891,9891.18697000
11,306,0.003000,0.785000,0.47994646,106.24868534,0.00000000,285.56427130,0.00000000,0.00000000,94.69756566,106.72863180,101.68074366,1745.79450000,27787.38758874,7912.94957600
11,307,0.000000,0.806000,0.00000000,57.67001469,0.00000000,344.62456244,0.00000000,0.00000000,49.73928100,57.67001469,53.75120360,1002.98064984,27393.73263841,7912.94957600
11,308,0.000000,0.840000,0.00000000,89.29817159,0.00000000,329.96664825,0.00000000,0.00000000,78.66539600,89.29817159,84.63531998,1492.48099468,27489.57803293,7912.94957600
11,309,0.000000,0.845000,0.00000000,107.24284842,0.00000000,314.51759535,0.00000000,0.00000000,94.69756566,107.24284842,101.68074366,1745.79450000,27538.78325915,9612.40381743
11,310,0.000000,0.816000,0.00000000,72.94337341,0.00000000,334.34245158,0.00000000,0.00000000,63.67817400,72.94337341,68.65710075,1244.73168631,27386.87934530,7912.94957600
11,311,0.000000,0.754000,0.00000000,106.72863180,0.00000000,269.61145648,0.00000000,0.00000000,94.69756566,106.72863180,101.68074366,1745.79450000,27736.03824513,7912.94957600
11,312,0.000000,0.677000,0.00000000,89.89674172,0.00000000,248.01073808,0.00000000,0.00000000,78.66539600,89.89674172,84.63531998,1492.48099468,27482.72473960,9891.18697000
11,313,0.000000,0.615000,0.00000000,106.72863180,0.00000000,200.23311130,0.00000000,0.00000000,94.69756566,106.72863180,101.68074366,1745.79450000,27831.88363944,7912.94957600
11,314,0.000000,0.570000,0.00000000,89.89674172,0.00000000,194.60438603,0.00000000,0.00000000,78.66539600,89.89674172,84.63531998,1492.48099468,27578.57013391,9891.18697000
11,315,0.000000,0.508000,0.00000000,106.89294149,0.00000000,146.66244956,0.00000000,0.00000000,94.69756566,106.89294149,101.68074366,1745.79450000,27831.88363944,8455.98297150
11,316,0.000000,0.464000,0.00000000,107.32720193,0.00000000,124.26669856,0.00000000,0.00000000,94.69756566,107.32720193,101.68074366,1745.79450000,27831.88363923,9891.18697000
11,317,0.000000,0.474000,0.00000000,107.32720193,0.00000000,129.25794641,0.00000000,0.00000000,94.69756566,107.32720193,101.68074366,1745.79450000,27831.88363903,9891.18697000
11,318,0.012000,0.442000,1.91978586,105.40741607,0.00000000,115.20573914,0.00000000,0.00000000,94.69756566,107.32720192,101.68074366,1745.79450000,27831.88363944,9891.18696652
11,319,0.192000,0.633000,30.71657375,42.22679966,0.00000000,273.71918958,0.00000000,0.00000000,63.67817400,72.94337341,68.65710075,1244.73168631,27679.97972559,7912.94957600
11,320,0.414000,0.682000,66.23261216,41.09458977,0.00000000,299.30851396,0.00000000,0.00000000,94.69756566,107.32720193,101.68074366,1745.79450000,27679.97972538,9891.18697000
11,321,0.577000,0.644000,92.30970342,15.01749851,0.00000000,306.41886337,0.00000000,0.00000000,94.69756566,107.32720193,101.68074366,1745.79450000,27679.97972518,9891.18697000
11,322,0.686000,0.607000,107.32720193,0.00000000,2.42055638,302.96874481,0.00000000,0.00000000,94.69756566,107.32720193,101.68074366,1745.79450000,27679.97972497,9891.18697000
11,323,0.746000,0.575000,107.32720193,0.00000000,12.01948568,286.99675168,0.00000000,0.00000000,94.69756566,107.32720193,101.68074366,1745.79450000,27679.97972477,9891.18697000
11,324,0.760000,0.568000,107.32720193,0.00000000,14.25923585,283.50287818,0.00000000,0.00000000,94.69756566,107.32720193,101.68074366,1745.79450000,27679.97972456,9891.18697000
11,325,0.731000,0.595000,107.32720193,0.00000000,9.61975335,296.97924739,0.00000000,0.00000000,94.69756566,107.32720193,101.68074366,1745.79450000,27679.97972436,9891.18697000
11,326,0.657000,0.642000,105.10827581,1.95851418,0.00000000,318.47959813,0.00000000,0.00000000,94.69756566,107.06678999,101.68074366,1745.79450000,27831.88363944,9030.54155761
11,327,0.530000,0.688000,0.00000000,89.89674172,84.79054213,253.50111072,0.00000000,0.00000000,78.66539600,89.89674172,84.63531998,1492.48099468,27578.57013391,9891.18697000
11,328,0.351000,0.733000,56.15373639,51.17346553,0.00000000,314.68500225,0.00000000,0.00000000,94.69756566,107.32720193,101.68074366,1745.79450000,27578.57013371,9891.18697000
11,329,0.142000,0.778000,22.71746601,84.60973592,0.00000000,303.70934722,0.00000000,0.00000000,94.69756566,107.32720193,101.68074366,1745.79450000,27578.57013350,9891.18697000
11,330,0.001000,0.799000,0.15998215,106.82098854,0.00000000,291.97971509,0.00000000,0.00000000,94.69756566,106.98097070,101.68074366,1745.79450000,27780.53429665,8746.91408980
11,331,0.000000,0.802000,0.00000000,58.26858481,0.00000000,342.02949318,0.00000000,0.00000000,49.73928100,58.26858481,53.75120360,1002.98064984,27037.72044628,9891.18697000
11,332,0.000000,0.786000,0.00000000,107.32720193,0.00000000,284.98487949,0.00000000,0.00000000,94.69756566,107.32720193,101.68074366,1745.79450000,27037.72044608,9891.18697000
11,333,0.000000,0.793000,0.00000000,107.32720193,0.00000000,288.47875299,0.00000000,0.00000000,94.69756566,107.32720193,101.68074366,1745.79450000,27037.72044587,9891.18697000
11,334,0.000000,0.741000,0.00000000,89.29817159,0.00000000,280.55329448,0.00000000,0.00000000,78.66539600,89.29817159,84.63531998,1492.48099468,27133.56584038,7912.94957600
11,335,0.000000,0.652000,0.00000000,106.72863180,0.00000000,218.70072836,0.00000000,0.00000000,94.69756566,106.72863180,101.68074366,1745.79450000,27482.72474022,7912.94957600
11,336,0.000000,0.563000,0.00000000,107.32720193,0.00000000,173.68005232,0.00000000,0.00000000,94.69756566,107.32720193,101.68074366,1745.79450000,27482.72474001,9891.18697000
11,337,0.000000,0.442000,0.00000000,107.32720193,0.00000000,113.28595327,0.00000000,0.00000000,94.69756566,107.32720193,101.68074366,1745.79450000,27482.72473981,9891.18697000
11,338,0.000000,0.367000,0.00000000,107.32720193,0.00000000,75.85159436,0.00000000,0.00000000,94.69756566,107.32720193,101.68074366,1745.79450000,27482.72473960,9891.18697000
11,339,0.000000,0.332000,0.00000000,106.72863180,0.00000000,58.98079699,0.00000000,0.00000000,94.69756566,106.72863180,101.68074366,1745.79450000,27831.88363944,7912.94957600
11,340,0.000000,0.311000,0.00000000,30.37356422,0.00000000,124.85424407,0.00000000,0.00000000,25.00174700,30.37356422,27.15938231,539.40882693,26974.65686620,7912.94957600
11,341,0.000000,0.299000,0.00000000,89.29817159,0.00000000,59.94013928,0.00000000,0.00000000,78.66539600,89.29817159,84.63531998,1492.48099468,27070.50226071,7912.94957600
11,342,0.005000,0.304000,0.79991077,106.52729115,0.00000000,45.20664365,0.00000000,0.00000000,94.69756566,107.32720193,101.68074366,1745.79450000,27070.50226051,9891.18697000
11,343,0.165000,0.531000,26.39705557,80.93014636,0.00000000,184.10511476,0.00000000,0.00000000,94.69756566,107.32720193,101.68074366,1745.79450000,27070.50226030,9891.18697000
11,344,0.382000,0.590000,61.11318320,46.21401873,0.00000000,248.26960473,0.00000000,0.00000000,94.69756566,107.32720193,101.68074366,1745.79450000,27070.50226010,9891.18697000
11,345,0.558000,0.535000,89.27004247,17.45858933,0.00000000,249.57317092,0.00000000,0.00000000,94.69756566,106.72863180,101.68074366,1745.79450000,27419.66115993,7912.94957600
11,346,0.672000,0.459000,107.32720193,0.00000000,0.18080621,229.09827655,0.00000000,0.00000000,94.69756566,107.32720193,101.68074366,1745.79450000,27419.66115973,9891.18697000
11,347,0.728000,0.398000,30.97213435,0.00000000,85.49487447,198.65166464,0.00000000,0.00000000,25.00174700,30.97213435,27.15938231,539.40882693,26213.27548645,9891.18697000
11,348,0.730000,0.364000,107.32720193,0.00000000,9.45977120,181.68142193,0.00000000,0.00000000,94.69756566,107.32720193,101.68074366,1745.79450000,26213.27548624,9891.18697000
11,349,0.693000,0.352000,106.85056766,0.00000000,4.01706573,175.69192450,0.00000000,0.00000000,94.69756566,106.85056766,101.68074366,1745.79450000,26491.30656005,8315.94009174
11,350,0.610000,0.372000,97.58911453,9.73808740,0.00000000,175.93633282,0.00000000,0.00000000,94.69756566,107.32720193,101.68074366,1745.79450000,26491.30655985,9891.18697000
11,351,0.493000,0.430000,78.87120240,28.45599953,0.00000000,186.16765825,0.00000000,0.00000000,94.69756566,107.32720193,101.68074366,1745.79450000,26491.30655964,9891.18697000
11,352,0.348000,0.523000,55.67378993,51.05484187,0.00000000,209.98742096,0.00000000,0.00000000,94.69756566,106.72863180,101.68074366,1745.79450000,26840.46545948,7912.94957600
11,353,0.167000,0.648000,26.71701988,80.01161192,0.00000000,243.42124910,0.00000000,0.00000000,94.69756566,106.72863180,101.68074366,1745.79450000,27189.62435931,7912.94957600
11,354,0.003000,0.755000,0.47994646,106.84725546,0.00000000,269.99195761,0.00000000,0.00000000,94.69756566,107.32720193,101.68074366,1745.79450000,27189.62435911,9891.18697000
11,355,0.000000,0.813000,0.00000000,106.72863180,0.00000000,299.05981883,0.00000000,0.00000000,94.69756566,106.72863180,101.68074366,1745.79450000,27538.78325894,7912.94957600
11,356,0.000000,0.827000,0.00000000,72.94337341,0.00000000,339.83282422,0.00000000,0.00000000,63.67817400,72.94337341,68.65710075,1244.73168631,27386.87934509,7912.94957600
11,357,0.000000,0.830000,0.00000000,89.29817159,0.00000000,324.97540039,0.00000000,0.00000000,78.66539600,89.29817159,84.63531998,1492.48099468,27482.72473960,7912.94957600
11,358,0.000000,0.872000,0.00000000,106.72863180,0.00000000,328.50818117,0.00000000,0.00000000,94.69756566,106.72863180,101.68074366,1745.79450000,27831.88363944,7912.94957600
11,359,0.000000,0.856000,0.00000000,58.26858481,0.00000000,368.98223159,0.00000000,0.00000000,49.73928100,58.26858481,53.75120360,1002.98064984,27089.06978907,9891.18697000
11,360,0.000000,0.833000,0.00000000,107.32720193,0.00000000,308.44374441,0.00000000,0.00000000,94.69756566,107.32720193,101.68074366,1745.79450000,27089.06978887,9891.18697000
11,361,0.000000,0.784000,0.00000000,106.72863180,0.00000000,284.58520005,0.00000000,0.00000000,94.69756566,106.72863180,101.68074366,1745.79450000,27438.22868870,7912.94957600
11,362,0.000000,0.736000,0.00000000,43.47863956,0.00000000,323.87720258,0.00000000,0.00000000,36.84682300,43.47863956,39.91750131,767.66957627,26809.26266481,7912.94957600
11,363,0.000000,0.682000,0.00000000,107.32720193,0.00000000,233.07590180,0.00000000,0.00000000,94.69756566,107.32720193,101.68074366,1745.79450000,26809.26266460,9891.18697000
11,364,0.000000,0.577000,0.00000000,107.32720193,0.00000000,180.66779932,0.00000000,0.00000000,94.69756566,107.32720193,101.68074366,1745.79450000,26809.26266440,9891.18697000
11,365,0.000000,0.475000,0.00000000,107.32720193,0.00000000,129.75707120,0.00000000,0.00000000,94.69756566,107.32720193,101.68074366,1745.79450000,26809.26266419,9891.18697000
11,366,0.015000,0.382000,2.39973232,104.92746960,0.00000000,85.73819847,0.00000000,0.00000000,94.69756566,107.32720193,101.68074366,1745.79450000,26809.26266399,9891.18697000
11,367,0.207000,0.602000,33.11630608,73.61232572,0.00000000,226.86079516,0.00000000,0.00000000,94.69756566,106.72863180,101.68074366,1745.79450000,27158.42156382,7912.94957600
11,368,0.413000,0.639000,66.07263000,41.25457192,0.00000000,277.68616602,0.00000000,0.00000000,94.69756566,107.32720193,101.68074366,1745.79450000,27158.42156362,9891.18697000
11,369,0.576000,0.519000,92.14972126,15.17748067,0.00000000,243.86828302,0.00000000,0.00000000,94.69756566,107.32720193,101.68074366,1745.79450000,27158.42156341,9891.18697000
11,370,0.685000,0.400000,107.32720193,0.00000000,2.26057423,199.64991421,0.00000000,0.00000000,94.69756566,107.32720193,101.68074366,1745.79450000,27158.42156321,9891.18697000
11,371,0.744000,0.320000,106.77124247,0.00000000,12.25548083,159.71993137,0.00000000,0.00000000,94.69756566,106.77124247,101.68074366,1745.79450000,27482.72473960,8053.77520455
11,372,0.761000,0.289000,106.72863180,0.00000000,15.01778813,144.24706302,0.00000000,0.00000000,94.69756566,106.72863180,101.68074366,1745.79450000,27831.88363944,7912.94957600
11,373,0.735000,0.296000,0.00000000,89.46248128,117.58688390,58.27845524,0.00000000,0.00000000,78.66539600,89.46248128,84.63531998,1492.48099468,27831.88363944,8455.98297267
11,374,0.667000,0.342000,106.70809736,0.61910456,0.00000000,170.08157208,0.00000000,0.00000000,94.69756566,107.32720193,101.68074366,1745.79450000,27831.88363923,9891.18697000
11,375,0.552000,0.422000,58.26858481,0.00000000,30.04156473,210.63065949,0.00000000,0.00000000,49.73928100,58.26858481,53.75120360,1002.98064984,27089.06978887,9891.18697000
11,376,0.384000,0.523000,61.43314751,45.29548429,0.00000000,215.74677853,0.00000000,0.00000000,94.69756566,106.72863180,101.68074366,1745.79450000,27438.22868870,7912.94957600
11,377,0.179000,0.651000,28.63680574,29.63177907,0.00000000,295.29845630,0.00000000,0.00000000,49.73928100,58.26858481,53.75120360,1002.98064984,26695.41483833,9891.18697000
11,378,0.003000,0.769000,0.47994646,106.24868534,0.00000000,277.57827473,0.00000000,0.00000000,94.69756566,106.72863180,101.68074366,1745.79450000,27044.57373817,7912.94957600
11,379,0.000000,0.796000,0.00000000,106.72863180,0.00000000,290.57469747,0.00000000,0.00000000,94.69756566,106.72863180,101.68074366,1745.79450000,27393.73263800,7912.94957600
11,380,0.000000,0.839000,0.00000000,72.94337341,0.00000000,345.82232164,0.00000000,0.00000000,63.67817400,72.94337341,68.65710075,1244.73168631,27241.82872415,7912.94957600
11,381,0.000000,0.868000,0.00000000,73.54194353,0.00000000,359.69837030,0.00000000,0.00000000,63.67817400,73.54194353,68.65710075,1244.73168631,26740.76591026,9891.18697000
11,382,0.000000,0.876000,0.00000000,106.81812679,0.00000000,330.41518533,0.00000000,0.00000000,94.69756566,106.81812679,101.68074366,1745.79450000,27037.72044608,8208.72500953
11,383,0.000000,0.849000,0.00000000,107.32720193,0.00000000,316.42974098,0.00000000,0.00000000,94.69756566,107.32720193,101.68074366,1745.79450000,27037.72044587,9891.18697000
11,384,0.000000,0.820000,0.00000000,107.32720193,0.00000000,301.95512220,0.00000000,0.00000000,94.69756566,107.32720193,101.68074366,1745.79450000,27037.72044567,9891.18697000
11,385,0.000000,0.772000,0.00000000,107.32720193,0.00000000,277.99713250,0.00000000,0.00000000,94.69756566,107.32720193,101.68074366,1745.79450000,27037.72044546,9891.18697000
11,386,0.000000,0.718000,0.00000000,89.89674172,0.00000000,268.47485429,0.00000000,0.00000000,78.66539600,89.89674172,84.63531998,1492.48099468,26784.40693993,9891.18697000
11,387,0.000000,0.658000,0.00000000,106.72863180,0.00000000,221.69547707,0.00000000,0.00000000,94.69756566,106.72863180,101.68074366,1745.79450000,27133.56583977,7912.94957600
11,388,0.000000,0.574000,0.00000000,106.72863180,0.00000000,179.76899509,0.00000000,0.00000000,94.69756566,106.72863180,101.68074366,1745.79450000,27482.72473960,7912.94957600
11,389,0.000000,0.492000,0.00000000,106.72863180,0.00000000,138.84076268,0.00000000,0.00000000,94.69756566,106.72863180,101.68074366,1745.79450000,27831.88363944,7912.94957600
11,390,0.014000,0.435000,2.23975017,105.08745176,0.00000000,112.03182995,0.00000000,0.00000000,94.69756566,107.32720193,101.68074366,1745.79450000,27831.88363923,9891.18697000
11,391,0.200000,0.627000,0.00000000,89.46248128,31.99643099,223.48875924,0.00000000,0.00000000,78.66539600,89.46248128,84.63531998,1492.48099468,27831.88363944,8455.98297150
11,392,0.407000,0.666000,65.11273707,42.21446485,0.00000000,290.20264230,0.00000000,0.00000000,94.69756566,107.32720193,101.68074366,1745.79450000,27831.88363923,9891.18697000
11,393,0.569000,0.601000,91.02984618,16.29735575,0.00000000,283.67664035,0.00000000,0.00000000,94.69756566,107.32720193,101.68074366,1745.79450000,27831.88363903,9891.18697000
11,394,0.676000,0.505000,107.32720193,0.00000000,0.82073483,252.05801669,0.00000000,0.00000000,94.69756566,107.32720193,101.68074366,1745.79450000,27831.88363882,9891.18697000
11,395,0.737000,0.407000,107.32720192,0.00000000,10.57964629,203.14378771,0.00000000,0.00000000,94.69756566,107.32720192,101.68074366,1745.79450000,27831.88363944,9891.18696535
11,396,0.753000,0.333000,107.32720193,0.00000000,13.13936076,166.20855358,0.00000000,0.00000000,94.69756566,107.32720193,101.68074366,1745.79450000,27831.88363923,9891.18697000
11,397,0.728000,0.289000,107.32720193,0.00000000,9.13980689,144.24706302,0.00000000,0.00000000,94.69756566,107.32720193,101.68074366,1745.79450000,27831.88363903,9891.18697000
11,398,0.656000,0.291000,104.94829366,2.37890827,0.00000000,142.86640432,0.00000000,0.00000000,94.69756566,107.32720193,101.68074366,1745.79450000,27831.88363882,9891.18697000
11,399,0.529000,0.346000,72.94337341,0.00000000,11.68718657,172.69717579,0.00000000,0.00000000,63.67817400,72.94337341,68.65710075,1244.73168631,27679.97972497,7912.94957600
11,400,0.366000,0.466000,58.55346872,48.77373321,0.00000000,183.81841684,0.00000000,0.00000000,94.69756566,107.32720193,101.68074366,1745.79450000,27679.97972477,9891.18697000
11,401,0.140000,0.633000,22.39750170,84.66928829,0.00000000,231.27670094,0.00000000,0.00000000,94.69756566,107.06678999,101.68074366,1745.79450000,27831.88363944,9030.54155993
11,402,0.002000,0.773000,0.31996431,107.00723762,0.00000000,278.81622159,0.00000000,0.00000000,94.69756566,107.32720193,101.68074366,1745.79450000,27831.88363923,9891.18697000
11,403,0.000000,0.833000,0.00000000,107.32720193,0.00000000,308.44374441,0.00000000,0.00000000,94.69756566,107.32720193,101.68074366,1745.79450000,27831.88363903,9891.18697000
11,404,0.000000,0.888000,0.00000000,73.54194353,0.00000000,369.68086601,0.00000000,0.00000000,63.67817400,73.54194353,68.65710075,1244.73168631,27330.82082514,9891.18697000
11,405,0.000000,0.914000,0.00000000,72.94337341,0.00000000,383.25668056,0.00000000,0.00000000,63.67817400,72.94337341,68.65710075,1244.73168631,27178.91691128,7912.94957600
11,406,0.000000,0.897000,0.00000000,106.72863180,0.00000000,340.98630081,0.00000000,0.00000000,94.69756566,106.72863180,101.68074366,1745.79450000,27528.07581112,7912.94957600
11,407,0.000000,0.862000,0.00000000,57.67001469,0.00000000,372.57555043,0.00000000,0.00000000,49.73928100,57.67001469,53.75120360,1002.98064984,27134.42086079,7912.94957600
11,408,0.000000,0.827000,0.00000000,107.32720193,0.00000000,305.44899570,0.00000000,0.00000000,94.69756566,107.32720193,101.68074366,1745.79450000,27134.42086059,9891.18697000
11,409,0.000000,0.789000,0.00000000,106.72863180,0.00000000,287.08082398,0.00000000,0.00000000,94.69756566,106.72863180,101.68074366,1745.79450000,27483.57976042,7912.94957600
11,410,0.000000,0.736000,0.00000000,106.73009758,0.00000000,260.62574456,0.00000000,0.00000000,94.69756566,106.73009758,101.68074366,1745.79450000,27831.88363944,7917.79388659
11,411,0.000000,0.676000,0.00000000,73.28153160,0.00000000,264.12682341,0.00000000,0.00000000,63.67817400,73.28153160,68.65710075,1244.73168631,27482.72473981,9030.54156341
11,412,0.000000,0.618000,0.00000000,107.32720193,0.00000000,201.13191553,0.00000000,0.00000000,94.69756566,107.32720193,101.68074366,1745.79450000,27482.72473960,9891.18697000
11,413,0.000000,0.559000,0.00000000,106.72863180,0.00000000,172.28212331,0.00000000,0.00000000,94.69756566,106.72863180,101.68074366,1745.79450000,27831.88363944,7912.94957600
11,414,0.008000,0.540000,1.27985724,72.26208629,0.00000000,197.26529789,0.00000000,0.00000000,63.67817400,73.54194353,68.65710075,1244.73168631,27330.82082555,9891.18697000
11,415,0.155000,0.707000,24.79723402,64.50093757,0.00000000,288.38028579,0.00000000,0.00000000,78.66539600,89.29817159,84.63531998,1492.48099468,27426.66622006,7912.94957600
11,416,0.338000,0.746000,0.00000000,43.47863956,54.07396838,328.86845044,0.00000000,0.00000000,36.84682300,43.47863956,39.91750131,767.66957627,26797.70019616,7912.94957600
11,417,0.494000,0.697000,79.03118455,10.86555716,0.00000000,337.02441835,0.00000000,0.00000000,78.66539600,89.89674172,84.63531998,1492.48099468,26544.38669063,9891.18697000
11,418,0.564000,0.633000,90.22993540,17.09726653,0.00000000,298.84872271,0.00000000,0.00000000,94.69756566,107.32720193,101.68074366,1745.79450000,26544.38669043,9891.18697000
11,419,0.569000,0.583000,91.02984618,15.69878563,0.00000000,275.29096433,0.00000000,0.00000000,94.69756566,106.72863180,101.68074366,1745.79450000,26893.54559026,7912.94957600
11,420,0.566000,0.553000,90.54989971,16.77730222,0.00000000,259.23870418,0.00000000,0.00000000,94.69756566,107.32720193,101.68074366,1745.79450000,26893.54559006,9891.18697000
11,421,0.603000,0.546000,96.46923944,10.85796248,0.00000000,261.66417041,0.00000000,0.00000000,94.69756566,107.32720193,101.68074366,1745.79450000,26893.54558985,9891.18697000
11,422,0.608000,0.566000,97.26915022,10.05805171,0.00000000,272.44657690,0.00000000,0.00000000,94.69756566,107.32720193,101.68074366,1745.79450000,26893.54558965,9891.18697000
11,423,0.475000,0.594000,75.99152361,31.33567832,0.00000000,265.14444428,0.00000000,0.00000000,94.69756566,107.32720193,101.68074366,1745.79450000,26893.54558944,9891.18697000
11,424,0.250000,0.618000,39.99553874,67.33166318,0.00000000,241.12745427,0.00000000,0.00000000,94.69756566,107.32720193,101.68074366,1745.79450000,26893.54558924,9891.18697000
11,425,0.081000,0.645000,12.95855455,94.36864737,0.00000000,227.56683929,0.00000000,0.00000000,94.69756566,107.32720193,101.68074366,1745.79450000,26893.54558903,9891.18697000
11,426,0.000000,0.665000,0.00000000,107.32720193,0.00000000,224.59078045,0.00000000,0.00000000,94.69756566,107.32720193,101.68074366,1745.79450000,26893.54558883,9891.18697000
11,427,0.000000,0.690000,0.00000000,106.72863180,0.00000000,237.66747021,0.00000000,0.00000000,94.69756566,106.72863180,101.68074366,1745.79450000,27242.70448867,7912.94957600
11,428,0.000000,0.718000,0.00000000,107.32720193,0.00000000,251.04439408,0.00000000,0.00000000,94.69756566,107.32720193,101.68074366,1745.79450000,27242.70448846,9891.18697000
11,429,0.000000,0.750000,0.00000000,107.32720193,0.00000000,267.01638722,0.00000000,0.00000000,94.69756566,107.32720193,101.68074366,1745.79450000,27242.70448826,9891.18697000
11,430,0.000000,0.770000,0.00000000,106.91573038,0.00000000,277.41035447,0.00000000,0.00000000,94.69756566,106.91573038,101.68074366,1745.79450000,27482.72473981,8531.29885805
11,431,0.000000,0.741000,0.00000000,107.32720193,0.00000000,262.52426415,0.00000000,0.00000000,94.69756566,107.32720193,101.68074366,1745.79450000,27482.72473960,9891.18697000
11,432,0.000000,0.683000,0.00000000,106.72863180,0.00000000,234.17359671,0.00000000,0.00000000,94.69756566,106.72863180,101.68074366,1745.79450000,27831.88363944,7912.94957600
11,433,0.000000,0.606000,0.00000000,73.54194353,0.00000000,228.92767649,0.00000000,0.00000000,63.67817400,73.54194353,68.65710075,1244.73168631,27330.82082555,9891.18697000
11,434,0.000000,0.522000,0.00000000,106.72863180,0.00000000,153.81450624,0.00000000,0.00000000,94.69756566,106.72863180,101.68074366,1745.79450000,27679.97972538,7912.94957600
11,435,0.000000,0.391000,0.00000000,107.32720193,0.00000000,87.83058921,0.00000000,0.00000000,94.69756566,107.32720193,101.68074366,1745.79450000,27679.97972518,9891.18697000
11,436,0.000000,0.289000,0.00000000,93.15554671,0.00000000,51.09151630,0.00000000,0.00000000,82.21332809,93.15554671,88.40748615,1548.53951443,27831.88363944,7912.94957600
11,437,0.000000,0.232000,0.00000000,72.94337341,0.00000000,42.85357683,0.00000000,0.00000000,63.67817400,72.94337341,68.65710075,1244.73168631,27679.97972559,7912.94957600
11,438,0.003000,0.204000,0.47994646,101.82145625,0.00000000,0.00000000,0.00000000,0.00000000,90.11753835,102.30140271,96.81125271,1673.42858936,27634.62865387,9738.12839139
11,439,0.113000,0.417000,18.07798351,89.24921841,0.00000000,118.88581715,0.00000000,0.00000000,94.69756566,107.32720193,101.68074366,1745.79450000,27634.62865366,9891.18697000
11,440,0.281000,0.525000,44.95498555,28.58695799,0.00000000,233.45355441,0.00000000,0.00000000,63.67817400,73.54194353,68.65710075,1244.73168631,27133.56583977,9891.18697000
11,441,0.453000,0.506000,72.47191620,34.25671560,0.00000000,218.30042587,0.00000000,0.00000000,94.69756566,106.72863180,101.68074366,1745.79450000,27482.72473960,7912.94957600
11,442,0.576000,0.466000,92.14972126,14.57891054,0.00000000,218.01323951,0.00000000,0.00000000,94.69756566,106.72863180,101.68074366,1745.79450000,27831.88363944,7912.94957600
11,443,0.654000,0.423000,73.54194353,0.00000000,31.08638581,211.12978428,0.00000000,0.00000000,63.67817400,73.54194353,68.65710075,1244.73168631,27330.82082555,9891.18697000
11,444,0.713000,0.402000,89.29817159,0.00000000,24.76910490,200.64816378,0.00000000,0.00000000,78.66539600,89.29817159,84.63531998,1492.48099468,27426.66622006,7912.94957600
11,445,0.700000,0.388000,107.32720193,0.00000000,4.66030655,193.66041678,0.00000000,0.00000000,94.69756566,107.32720193,101.68074366,1745.79450000,27426.66621985,9891.18697000
11,446,0.647000,0.383000,103.50845426,3.22017754,0.00000000,187.94461532,0.00000000,0.00000000,94.69756566,106.72863180,101.68074366,1745.79450000,27775.82511969,7912.94957600
11,447,0.519000,0.400000,83.03073843,24.29646350,0.00000000,175.35345071,0.00000000,0.00000000,94.69756566,107.32720193,101.68074366,1745.79450000,27775.82511948,9891.18697000
11,448,0.339000,0.432000,54.23395053,35.66279118,0.00000000,179.95911616,0.00000000,0.00000000,78.66539600,89.89674172,84.63531998,1492.48099468,27522.51161395,9891.18697000
11,449,0.138000,0.482000,22.07753739,51.34994790,0.00000000,189.22819872,0.00000000,0.00000000,63.67817400,73.42748529,68.65710075,1244.73168631,27088.21476948,9512.90952285
11,450,0.002000,0.561000,0.31996431,106.40866749,0.00000000,173.60033719,0.00000000,0.00000000,94.69756566,106.72863180,101.68074366,1745.79450000,27437.37366932,7912.94957600
11,451,0.000000,0.628000,0.00000000,107.32720193,0.00000000,206.12316338,0.00000000,0.00000000,94.69756566,107.32720193,101.68074366,1745.79450000,27437.37366911,9891.18697000
11,452,0.000000,0.685000,0.00000000,107.32720193,0.00000000,234.57327616,0.00000000,0.00000000,94.69756566,107.32720193,101.68074366,1745.79450000,27437.37366891,9891.18697000
11,453,0.000000,0.733000,0.00000000,72.94337341,0.00000000,292.91509438,0.00000000,0.00000000,63.67817400,72.94337341,68.65710075,1244.73168631,27285.46975506,7912.94957600
11,454,0.000000,0.774000,0.00000000,107.32720193,0.00000000,278.99538207,0.00000000,0.00000000,94.69756566,107.32720193,101.68074366,1745.79450000,27285.46975485,9891.18697000
11,455,0.000000,0.780000,0.00000000,107.32720193,0.00000000,281.99013078,0.00000000,0.00000000,94.69756566,107.32720193,101.68074366,1745.79450000,27285.46975465,9891.18697000
11,456,0.000000,0.752000,0.00000000,107.32720193,0.00000000,268.01463679,0.00000000,0.00000000,94.69756566,107.32720193,101.68074366,1745.79450000,27285.46975444,9891.18697000
11,457,0.000000,0.703000,0.00000000,106.72863180,0.00000000,244.15609242,0.00000000,0.00000000,94.69756566,106.72863180,101.68074366,1745.79450000,27634.62865428,7912.94957600
11,458,0.000000,0.658000,0.00000000,107.32720193,0.00000000,221.09690695,0.00000000,0.00000000,94.69756566,107.32720193,101.68074366,1745.79450000,27634.62865407,9891.18697000
11,459,0.000000,0.625000,0.00000000,107.32720193,0.00000000,204.62578903,0.00000000,0.00000000,94.69756566,107.32720193,101.68074366,1745.79450000,27634.62865387,9891.18697000
11,460,0.000000,0.580000,0.00000000,107.32720193,0.00000000,182.16517368,0.00000000,0.00000000,94.69756566,107.32720193,101.68074366,1745.79450000,27634.62865366,9891.18697000
11,461,0.000000,0.551000,0.00000000,73.54194353,0.00000000,201.47581329,0.00000000,0.00000000,63.67817400,73.54194353,68.65710075,1244.73168631,27133.56583977,9891.18697000
11,462,0.002000,0.513000,0.31996431,106.40866749,0.00000000,149.64234748,0.00000000,0.00000000,94.69756566,106.72863180,101.68074366,1745.79450000,27482.72473960,7912.94957600
11,463,0.122000,0.623000,19.51782291,87.21080889,0.00000000,223.74393249,0.00000000,0.00000000,94.69756566,106.72863180,101.68074366,1745.79450000,27831.88363944,7912.94957600
11,464,0.325000,0.647000,51.99420036,6.19810397,0.00000000,316.73563226,0.00000000,0.00000000,49.73928100,58.19230434,53.75120360,1002.98064984,27133.56584038,9639.08469628
11,465,0.522000,0.590000,83.51068489,23.21794691,0.00000000,271.26567655,0.00000000,0.00000000,94.69756566,106.72863180,101.68074366,1745.79450000,27482.72474022,7912.94957600
11,466,0.647000,0.523000,103.50845426,3.81874766,0.00000000,257.22351516,0.00000000,0.00000000,94.69756566,107.32720193,101.68074366,1745.79450000,27482.72474001,9891.18697000
11,467,0.720000,0.470000,106.72863180,0.00000000,8.45851977,234.58864920,0.00000000,0.00000000,94.69756566,106.72863180,101.68074366,1745.79450000,27831.88363985,7912.94957600
11,468,0.746000,0.442000,107.32720193,0.00000000,12.01948568,220.61315520,0.00000000,0.00000000,94.69756566,107.32720193,101.68074366,1745.79450000,27831.88363964,9891.18697000
11,469,0.726000,0.422000,107.32720193,0.00000000,8.81984258,210.63065949,0.00000000,0.00000000,94.69756566,107.32720193,101.68074366,1745.79450000,27831.88363944,9891.18697000
11,470,0.659000,0.428000,105.42824012,1.89896180,0.00000000,211.72644640,0.00000000,0.00000000,94.69756566,107.32720193,101.68074366,1745.79450000,27831.88363944,9891.18696884
11,471,0.543000,0.468000,86.87031015,20.45689178,0.00000000,213.13350784,0.00000000,0.00000000,94.69756566,107.32720193,101.68074366,1745.79450000,27831.88363923,9891.18697000
11,472,0.381000,0.532000,60.95320104,46.37400088,0.00000000,219.16038501,0.00000000,0.00000000,94.69756566,107.32720193,101.68074366,1745.79450000,27831.88363903,9891.18697000
11,473,0.170000,0.621000,27.19696634,80.13023558,0.00000000,229.82625623,0.00000000,0.00000000,94.69756566,107.32720192,101.68074366,1745.79450000,27831.88363944,9891.18696652
11,474,0.002000,0.717000,0.31996431,57.35005038,0.00000000,300.52242084,0.00000000,0.00000000,49.73928100,57.67001469,53.75120360,1002.98064984,27438.22868911,7912.94957600
11,475,0.000000,0.740000,0.00000000,107.32720193,0.00000000,262.02513936,0.00000000,0.00000000,94.69756566,107.32720193,101.68074366,1745.79450000,27438.22868891,9891.18697000
11,476,0.000000,0.783000,0.00000000,107.32720193,0.00000000,283.48750514,0.00000000,0.00000000,94.69756566,107.32720193,101.68074366,1745.79450000,27438.22868870,9891.18697000
11,477,0.000000,0.825000,0.00000000,73.54194353,0.00000000,338.23600452,0.00000000,0.00000000,63.67817400,73.54194353,68.65710075,1244.73168631,26937.16587481,9891.18697000
11,478,0.000000,0.836000,0.00000000,107.32720193,0.00000000,309.94111877,0.00000000,0.00000000,94.69756566,107.32720193,101.68074366,1745.79450000,26937.16587460,9891.18697000
11,479,0.000000,0.829000,0.00000000,107.32720193,0.00000000,306.44724527,0.00000000,0.00000000,94.69756566,107.32720193,101.68074366,1745.79450000,26937.16587440,9891.18697000
11,480,0.000000,0.800000,0.00000000,106.72863180,0.00000000,292.57119662,0.00000000,0.00000000,94.69756566,106.72863180,101.68074366,1745.79450000,27286.32477423,7912.94957600
11,481,0.000000,0.745000,0.00000000,106.72863180,0.00000000,265.11933341,0.00000000,0.00000000,94.69756566,106.72863180,101.68074366,1745.79450000,27635.48367407,7912.94957600
11,482,0.000000,0.675000,0.00000000,57.67001469,0.00000000,279.23921554,0.00000000,0.00000000,49.73928100,57.67001469,53.75120360,1002.98064984,27241.82872374,7912.94957600
11,483,0.000000,0.610000,0.00000000,106.72863180,0.00000000,197.73748737,0.00000000,0.00000000,94.69756566,106.72863180,101.68074366,1745.79450000,27590.98762358,7912.94957600
11,484,0.000000,0.541000,0.00000000,89.64807852,0.00000000,180.37843045,0.00000000,0.00000000,78.66539600,89.64807852,84.63531998,1492.48099468,27482.72474022,9069.37041379
11,485,0.000000,0.426000,0.00000000,107.32720193,0.00000000,105.29995671,0.00000000,0.00000000,94.69756566,107.32720193,101.68074366,1745.79450000,27482.72474001,9891.18697000
11,486,0.004000,0.348000,0.63992862,106.68727331,0.00000000,67.00815206,0.00000000,0.00000000,94.69756566,107.32720193,101.68074366,1745.79450000,27482.72473981,9891.18697000
11,487,0.125000,0.530000,19.99776937,87.32943256,0.00000000,177.20670377,0.00000000,0.00000000,94.69756566,107.32720193,101.68074366,1745.79450000,27482.72473960,9891.18697000
11,488,0.331000,0.544000,52.95409329,53.77453851,0.00000000,217.74934482,0.00000000,0.00000000,94.69756566,106.72863180,101.68074366,1745.79450000,27831.88363944,7912.94957600
11,489,0.515000,0.481000,73.54194353,0.00000000,8.84886627,240.07902184,0.00000000,0.00000000,63.67817400,73.54194353,68.65710075,1244.73168631,27330.82082555,9891.18697000
11,490,0.647000,0.430000,103.50845426,3.22017754,0.00000000,211.40348024,0.00000000,0.00000000,94.69756566,106.72863180,101.68074366,1745.79450000,27679.97972538,7912.94957600
11,491,0.721000,0.392000,0.00000000,89.80063947,115.34713373,105.85627646,0.00000000,0.00000000,78.66539600,89.80063947,84.63531998,1492.48099468,27482.72473960,9573.57496008
11,492,0.745000,0.373000,106.72863180,0.00000000,12.45807365,186.17354500,0.00000000,0.00000000,94.69756566,106.72863180,101.68074366,1745.79450000,27831.88363944,7912.94957600
11,493,0.723000,0.379000,89.46248128,0.00000000,26.20461676,189.16829371,0.00000000,0.00000000,78.66539600,89.46248128,84.63531998,1492.48099468,27831.88363964,8455.98297150
11,494,0.655000,0.407000,104.78831150,2.53889042,0.00000000,200.60489728,0.00000000,0.00000000,94.69756566,107.32720193,101.68074366,1745.79450000,27831.88363944,9891.18697000
11,495,0.542000,0.457000,86.71032799,20.61687393,0.00000000,207.48315305,0.00000000,0.00000000,94.69756566,107.32720193,101.68074366,1745.79450000,27831.88363923,9891.18697000
11,496,0.380000,0.522000,60.79321889,12.74872465,0.00000000,247.79441340,0.00000000,0.00000000,63.67817400,73.54194353,68.65710075,1244.73168631,27330.82082534,9891.18697000
11,497,0.181000,0.600000,28.95677005,78.11001994,0.00000000,221.36485137,0.00000000,0.00000000,94.69756566,107.06678999,101.68074366,1745.79450000,27482.72473960,9030.54156225
11,498,0.004000,0.674000,0.63992862,106.08870318,0.00000000,230.32140226,0.00000000,0.00000000,94.69756566,106.72863180,101.68074366,1745.79450000,27831.88363944,7912.94957600
11,499,0.000000,0.684000,0.00000000,72.94337341,0.00000000,268.45797989,0.00000000,0.00000000,63.67817400,72.94337341,68.65710075,1244.73168631,27679.97972559,7912.94957600
11,500,0.000000,0.689000,0.00000000,89.89674172,0.00000000,254.00023551,0.00000000,0.00000000,78.66539600,89.89674172,84.63531998,1492.48099468,27426.66622006,9891.18697000
11,501,0.000000,0.694000,0.00000000,106.72863180,0.00000000,239.66396935,0.00000000,0.00000000,94.69756566,106.72863180,101.68074366,1745.79450000,27775.82511989,7912.94957600
11,502,0.000000,0.676000,0.00000000,107.32720193,0.00000000,230.08115309,0.00000000,0.00000000,94.69756566,107.32720193,101.68074366,1745.79450000,27775.82511969,9891.18697000
11,503,0.000000,0.639000,0.00000000,107.32720193,0.00000000,211.61353602,0.00000000,0.00000000,94.69756566,107.32720193,101.68074366,1745.79450000,27775.82511948,9891.18697000
11,504,0.000000,0.575000,0.00000000,107.32720193,0.00000000,179.66954975,0.00000000,0.00000000,94.69756566,107.32720193,101.68074366,1745.79450000,27775.82511928,9891.18697000
11,505,0.000000,0.513000,0.00000000,107.23109968,0.00000000,148.81991530,0.00000000,0.00000000,94.69756566,107.23109968,101.68074366,1745.79450000,27831.88363944,9573.57495659
11,506,0.000000,0.440000,0.00000000,58.26858481,0.00000000,161.34632082,0.00000000,0.00000000,49.73928100,58.26858481,53.75120360,1002.98064984,27089.06978907,9891.18697000
11,507,0.000000,0.393000,0.00000000,106.72863180,0.00000000,89.42740891,0.00000000,0.00000000,94.69756566,106.72863180,101.68074366,1745.79450000,27438.22868891,7912.94957600
11,508,0.000000,0.388000,0.00000000,107.32720193,0.00000000,86.33321486,0.00000000,0.00000000,94.69756566,107.32720193,101.68074366,1745.79450000,27438.22868870,9891.18697000
11,509,0.000000,0.384000,0.00000000,89.89674172,0.00000000,101.76717592,0.00000000,0.00000000,78.66539600,89.89674172,84.63531998,1492.48099468,27184.91518317,9891.18697000
11,510,0.011000,0.376000,1.75980370,105.56739822,0.00000000,82.10352114,0.00000000,0.00000000,94.69756566,107.32720193,101.68074366,1745.79450000,27184.91518297,9891.18697000
11,511,0.179000,0.494000,28.63680574,78.17985527,0.00000000,168.38778877,0.00000000,0.00000000,94.69756566,106.81666101,101.68074366,1745.79450000,27482.72473960,8203.88069894
11,512,0.394000,0.464000,63.03296906,43.69566274,0.00000000,187.89823774,0.00000000,0.00000000,94.69756566,106.72863180,101.68074366,1745.79450000,27831.88363944,7912.94957600
11,513,0.577000,0.397000,30.37356422,0.00000000,61.93613919,198.15253985,0.00000000,0.00000000,25.00174700,30.37356422,27.15938231,539.40882693,26974.65686620,7912.94957600
11,514,0.683000,0.343000,107.32720193,0.00000000,1.94060992,171.19980143,0.00000000,0.00000000,94.69756566,107.32720193,101.68074366,1745.79450000,26974.65686600,9891.18697000
11,515,0.744000,0.317000,89.29817159,0.00000000,29.72855170,158.22255701,0.00000000,0.00000000,78.66539600,89.29817159,84.63531998,1492.48099468,27070.50226051,7912.94957600
11,516,0.761000,0.314000,107.32720193,0.00000000,14.41921800,156.72518265,0.00000000,0.00000000,94.69756566,107.32720193,101.68074366,1745.79450000,27070.50226030,9891.18697000
11,517,0.736000,0.342000,0.00000000,89.89674172,117.74686605,80.80393493,0.00000000,0.00000000,78.66539600,89.89674172,84.63531998,1492.48099468,26817.18875477,9891.18697000
11,518,0.669000,0.397000,106.78483033,0.00000000,0.24323135,198.15253985,0.00000000,0.00000000,94.69756566,106.78483033,101.68074366,1745.79450000,27133.56583977,8098.68223799
11,519,0.556000,0.468000,88.95007816,17.77855364,0.00000000,215.81184598,0.00000000,0.00000000,94.69756566,106.72863180,101.68074366,1745.79450000,27482.72473960,7912.94957600
11,520,0.390000,0.547000,62.39304044,44.33559136,0.00000000,228.68566632,0.00000000,0.00000000,94.69756566,106.72863180,101.68074366,1745.79450000,27831.88363944,7912.94957600
11,521,0.187000,0.615000,29.91666298,59.98007874,0.00000000,246.98166436,0.00000000,0.00000000,78.66539600,89.89674172,84.63531998,1492.48099468,27578.57013391,9891.18697000
11,522,0.004000,0.668000,0.63992862,106.25301287,0.00000000,227.16234386,0.00000000,0.00000000,94.69756566,106.89294149,101.68074366,1745.79450000,27831.88363944,8455.98297150
11,523,0.000000,0.680000,0.00000000,107.32720193,0.00000000,232.07765223,0.00000000,0.00000000,94.69756566,107.32720193,101.68074366,1745.79450000,27831.88363944,9891.18696884
11,524,0.000000,0.690000,0.00000000,89.46248128,0.00000000,254.93362073,0.00000000,0.00000000,78.66539600,89.46248128,84.63531998,1492.48099468,27831.88363944,8455.98297267
11,525,0.000000,0.663000,0.00000000,73.54194353,0.00000000,257.37778927,0.00000000,0.00000000,63.67817400,73.54194353,68.65710075,1244.73168631,27330.82082555,9891.18697000
11,526,0.000000,0.609000,0.00000000,107.32720193,0.00000000,196.63979246,0.00000000,0.00000000,94.69756566,107.32720193,101.68074366,1745.79450000,27330.82082534,9891.18697000
11,527,0.000000,0.538000,0.00000000,106.72863180,0.00000000,161.80050281,0.00000000,0.00000000,94.69756566,106.72863180,101.68074366,1745.79450000,27679.97972518,7912.94957600
11,528,0.000000,0.469000,0.00000000,107.32720193,0.00000000,126.76232248,0.00000000,0.00000000,94.69756566,107.32720193,101.68074366,1745.79450000,27679.97972497,9891.18697000
11,529,0.000000,0.374000,0.00000000,89.89674172,0.00000000,96.77592807,0.00000000,0.00000000,78.66539600,89.89674172,84.63531998,1492.48099468,27426.66621944,9891.18697000
11,530,0.000000,0.274000,0.00000000,106.72863180,0.00000000,30.03155943,0.00000000,0.00000000,94.69756566,106.72863180,101.68074366,1745.79450000,27775.82511928,7912.94957600
11,531,0.000000,0.220000,0.00000000,107.23109968,0.00000000,2.57635314,0.00000000,0.00000000,94.69756566,107.23109968,101.68074366,1745.79450000,27831.88363944,9573.57495659
11,532,0.000000,0.172000,0.00000000,2.39428050,0.00000000,83.45518261,0.00000000,0.00000000,0.00000000,2.39428050,0.00000000,0.00000000,26435.24803928,7912.94957600
11,533,0.000000,0.146000,0.00000000,43.47863956,0.00000000,29.39357912,0.00000000,0.00000000,36.84682300,43.47863956,39.91750131,767.66957627,25806.28201538,7912.94957600
11,534,0.010000,0.139000,1.59982155,1.38938894,0.00000000,67.98895625,0.00000000,0.00000000,0.00000000,2.98921049,0.00000000,0.00000000,24062.61088435,9879.15654977
11,535,0.177000,0.187000,28.31684143,78.41179037,0.00000000,14.92454452,0.00000000,0.00000000,94.69756566,106.72863180,101.68074366,1745.79450000,24411.76978418,7912.94957600
11,536,0.404000,0.209000,64.63279061,42.09584119,0.00000000,62.22123898,0.00000000,0.00000000,94.69756566,106.72863180,101.68074366,1745.79450000,24760.92868402,7912.94957600
11,537,0.556000,0.190000,88.95007816,17.77855364,0.00000000,77.05515561,0.00000000,0.00000000,94.69756566,106.72863180,101.68074366,1745.79450000,25110.08758385,7912.94957600
11,538,0.673000,0.176000,106.72863180,0.00000000,0.93935849,87.84596225,0.00000000,0.00000000,94.69756566,106.72863180,101.68074366,1745.79450000,25459.24648369,7912.94957600
11,539,0.740000,0.162000,89.29817159,0.00000000,29.08862308,80.85821525,0.00000000,0.00000000,78.66539600,89.29817159,84.63531998,1492.48099468,25555.09187820,7912.94957600
11,540,0.757000,0.157000,72.94337341,0.00000000,48.16311790,78.36259133,0.00000000,0.00000000,63.67817400,72.94337341,68.65710075,1244.73168631,25403.18796435,7912.94957600
11,541,0.732000,0.177000,72.94337341,0.00000000,44.16356403,88.34508704,0.00000000,0.00000000,63.67817400,72.94337341,68.65710075,1244.73168631,25251.28405050,7912.94957600
11,542,0.664000,0.226000,106.22815090,0.50048090,0.00000000,112.30172062,0.00000000,0.00000000,94.69756566,106.72863180,101.68074366,1745.79450000,25600.44295033,7912.94957600
11,543,0.551000,0.301000,88.15016739,18.57846441,0.00000000,131.65809603,0.00000000,0.00000000,94.69756566,106.72863180,101.68074366,1745.79450000,25949.60185017,7912.94957600
11,544,0.387000,0.395000,61.91309397,44.81553783,0.00000000,152.33875245,0.00000000,0.00000000,94.69756566,106.72863180,101.68074366,1745.79450000,26298.76075001,7912.94957600
11,545,0.186000,0.503000,29.75668082,59.54149077,0.00000000,191.51827635,0.00000000,0.00000000,78.66539600,89.29817159,84.63531998,1492.48099468,26394.60614452,7912.94957600
11,546,0.004000,0.610000,0.63992862,106.08870318,0.00000000,198.37741599,0.00000000,0.00000000,94.69756566,106.72863180,101.68074366,1745.79450000,26743.76504435,7912.94957600
11,547,0.000000,0.656000,0.00000000,106.72863180,0.00000000,220.69722750,0.00000000,0.00000000,94.69756566,106.72863180,101.68074366,1745.79450000,27092.92394419,7912.94957600
11,548,0.000000,0.654000,0.00000000,72.94337341,0.00000000,253.48423632,0.00000000,0.00000000,63.67817400,72.94337341,68.65710075,1244.73168631,26941.02003034,7912.94957600
11,549,0.000000,0.633000,0.00000000,106.72863180,0.00000000,209.21735743,0.00000000,0.00000000,94.69756566,106.72863180,101.68074366,1745.79450000,27290.17893017,7912.94957600
11,550,0.000000,0.587000,0.00000000,72.94337341,0.00000000,220.04287569,0.00000000,0.00000000,63.67817400,72.94337341,68.65710075,1244.73168631,27138.27501632,7912.94957600
11,551,0.000000,0.534000,0.00000000,89.29817159,0.00000000,177.23446388,0.00000000,0.00000000,78.66539600,89.29817159,84.63531998,1492.48099468,27234.12041083,7912.94957600
11,552,0.000000,0.465000,0.00000000,89.29817159,0.00000000,142.79485368,0.00000000,0.00000000,78.66539600,89.29817159,84.63531998,1492.48099468,27329.96580534,7912.94957600
11,553,0.000000,0.374000,0.00000000,106.72863180,0.00000000,79.94403798,0.00000000,0.00000000,94.69756566,106.72863180,101.68074366,1745.79450000,27679.12470518,7912.94957600
11,554,0.000000,0.312000,0.00000000,107.32720193,0.00000000,48.39973116,0.00000000,0.00000000,94.69756566,107.32720193,101.68074366,1745.79450000,27679.12470497,9891.18697000
11,555,0.000000,0.285000,0.00000000,58.26858481,0.00000000,83.98197906,0.00000000,0.00000000,49.73928100,58.26858481,53.75120360,1002.98064984,26936.31085460,9891.18697000
11,556,0.000000,0.278000,0.00000000,107.32720193,0.00000000,31.42948845,0.00000000,0.00000000,94.69756566,107.32720193,101.68074366,1745.79450000,26936.31085440,9891.18697000
11,557,0.000000,0.279000,0.00000000,107.32720193,0.00000000,31.92861323,0.00000000,0.00000000,94.69756566,107.32720193,101.68074366,1745.79450000,26936.31085419,9891.18697000
11,558,0.010000,0.289000,1.59982155,71.34355186,0.00000000,72.90351116,0.00000000,0.00000000,63.67817400,72.94337341,68.65710075,1244.73168631,26784.40694034,7912.94957600
11,559,0.178000,0.398000,28.47682358,78.85037834,0.00000000,119.80128630,0.00000000,0.00000000,94.69756566,107.32720193,101.68074366,1745.79450000,26784.40694014,9891.18697000
11,560,0.395000,0.399000,63.19295121,43.53568059,0.00000000,155.61510883,0.00000000,0.00000000,94.69756566,106.72863180,101.68074366,1745.79450000,27133.56583997,7912.94957600
11,561,0.557000,0.338000,89.11006032,18.21714161,0.00000000,150.48703590,0.00000000,0.00000000,94.69756566,107.32720193,101.68074366,1745.79450000,27133.56583977,9891.18697000
11,562,0.668000,0.270000,106.72863180,0.00000000,0.13944772,134.76369209,0.00000000,0.00000000,94.69756566,106.72863180,101.68074366,1745.79450000,27482.72473960,7912.94957600
11,563,0.723000,0.210000,106.72863180,0.00000000,8.93846624,104.81620496,0.00000000,0.00000000,94.69756566,106.72863180,101.68074366,1745.79450000,27831.88363944,7912.94957600
11,564,0.741000,0.172000,107.32720193,0.00000000,11.21957490,85.84946311,0.00000000,0.00000000,94.69756566,107.32720193,101.68074366,1745.79450000,27831.88363923,9891.18697000
11,565,0.711000,0.169000,107.32720193,0.00000000,6.42011026,84.35208875,0.00000000,0.00000000,94.69756566,107.32720193,101.68074366,1745.79450000,27831.88363944,9891.18696768
11,566,0.642000,0.196000,2.99285063,0.00000000,99.71569286,97.82845796,0.00000000,0.00000000,0.00000000,2.99285063,0.00000000,0.00000000,26086.08913923,9891.18697000
11,567,0.530000,0.266000,73.44584128,0.00000000,11.34470085,132.76719295,0.00000000,0.00000000,63.67817400,73.44584128,68.65710075,1244.73168631,25641.08484673,9573.57495079
11,568,0.374000,0.403000,59.83332596,46.89530584,0.00000000,154.25198272,0.00000000,0.00000000,94.69756566,106.72863180,101.68074366,1745.79450000,25990.24374657,7912.94957600
11,569,0.166000,0.590000,26.55703772,80.77016420,0.00000000,213.71345926,0.00000000,0.00000000,94.69756566,107.32720193,101.68074366,1745.79450000,25990.24374636,9891.18697000
11,570,0.004000,0.739000,0.63992862,106.68727331,0.00000000,262.16594319,0.00000000,0.00000000,94.69756566,107.32720193,101.68074366,1745.79450000,25990.24374616,9891.18697000
11,571,0.000000,0.777000,0.00000000,107.32720193,0.00000000,280.49275642,0.00000000,0.00000000,94.69756566,107.32720193,101.68074366,1745.79450000,25990.24374595,9891.18697000
11,572,0.000000,0.769000,0.00000000,106.72863180,0.00000000,277.09832827,0.00000000,0.00000000,94.69756566,106.72863180,101.68074366,1745.79450000,26339.40264579,7912.94957600
11,573,0.000000,0.744000,0.00000000,106.72863180,0.00000000,264.62020863,0.00000000,0.00000000,94.69756566,106.72863180,101.68074366,1745.79450000,26688.56154563,7912.94957600
11,574,0.000000,0.711000,0.00000000,89.29817159,0.00000000,265.57955092,0.00000000,0.00000000,78.66539600,89.29817159,84.63531998,1492.48099468,26784.40694014,7912.94957600
11,575,0.000000,0.655000,0.00000000,107.32720193,0.00000000,219.59953259,0.00000000,0.00000000,94.69756566,107.32720193,101.68074366,1745.79450000,26784.40693993,9891.18697000
11,576,0.000000,0.583000,0.00000000,106.72863180,0.00000000,184.26111816,0.00000000,0.00000000,94.69756566,106.72863180,101.68074366,1745.79450000,27133.56583977,7912.94957600
11,577,0.000000,0.513000,0.00000000,106.72863180,0.00000000,149.32238317,0.00000000,0.00000000,94.69756566,106.72863180,101.68074366,1745.79450000,27482.72473960,7912.94957600
11,578,0.000000,0.443000,0.00000000,106.72863180,0.00000000,114.38364819,0.00000000,0.00000000,94.69756566,106.72863180,101.68074366,1745.79450000,27831.88363944,7912.94957600
11,579,0.000000,0.379000,0.00000000,58.19230434,0.00000000,130.97598937,0.00000000,0.00000000,49.73928100,58.19230434,53.75120360,1002.98064984,27133.56583977,9639.08469976
11,580,0.000000,0.297000,0.00000000,106.72863180,0.00000000,41.51142950,0.00000000,0.00000000,94.69756566,106.72863180,101.68074366,1745.79450000,27482.72473960,7912.94957600
11,581,0.000000,0.236000,0.00000000,106.72863180,0.00000000,11.06481758,0.00000000,0.00000000,94.69756566,106.72863180,101.68074366,1745.79450000,27831.88363944,7912.94957600
11,582,0.004000,0.236000,0.63992862,72.90201491,0.00000000,44.89143447,0.00000000,0.00000000,63.67817400,73.54194353,68.65710075,1244.73168631,27330.82082555,9891.18697000
11,583,0.142000,0.376000,22.71746601,84.60973592,0.00000000,103.06118344,0.00000000,0.00000000,94.69756566,107.32720193,101.68074366,1745.79450000,27330.82082534,9891.18697000
11,584,0.348000,0.429000,55.67378993,34.22295179,0.00000000,179.90158120,0.00000000,0.00000000,78.66539600,89.89674172,84.63531998,1492.48099468,27077.50731981,9891.18697000
11,585,0.535000,0.406000,85.59045291,21.73674902,0.00000000,180.90791390,0.00000000,0.00000000,94.69756566,107.32720193,101.68074366,1745.79450000,27077.50731961,9891.18697000
11,586,0.647000,0.390000,103.50845426,3.81874766,0.00000000,190.83991869,0.00000000,0.00000000,94.69756566,107.32720193,101.68074366,1745.79450000,27077.50731940,9891.18697000
11,587,0.705000,0.391000,2.39428050,0.00000000,110.39313875,195.15779114,0.00000000,0.00000000,0.00000000,2.39428050,0.00000000,0.00000000,25680.87171924,7912.94957600
11,588,0.719000,0.415000,106.72863180,0.00000000,8.29853762,207.13678599,0.00000000,0.00000000,94.69756566,106.72863180,101.68074366,1745.79450000,26030.03061907,7912.94957600
11,589,0.684000,0.454000,107.32720193,0.00000000,2.10059207,226.60265263,0.00000000,0.00000000,94.69756566,107.32720193,101.68074366,1745.79450000,26030.03061887,9891.18697000
11,590,0.612000,0.501000,97.90907884,8.81955296,0.00000000,241.24196458,0.00000000,0.00000000,94.69756566,106.72863180,101.68074366,1745.79450000,26379.18951870,7912.94957600
11,591,0.507000,0.547000,81.11095257,26.21624936,0.00000000,246.80500832,0.00000000,0.00000000,94.69756566,107.32720193,101.68074366,1745.79450000,26379.18951850,9891.18697000
11,592,0.363000,0.585000,58.07352225,31.22464934,0.00000000,260.76335019,0.00000000,0.00000000,78.66539600,89.29817159,84.63531998,1492.48099468,26475.03491301,7912.94957600
11,593,0.172000,0.613000,27.51693065,45.42644275,0.00000000,260.53705077,0.00000000,0.00000000,63.67817400,72.94337341,68.65710075,1244.73168631,26323.13099916,7912.94957600
11,594,0.004000,0.633000,0.63992862,106.08870318,0.00000000,209.85728605,0.00000000,0.00000000,94.69756566,106.72863180,101.68074366,1745.79450000,26672.28989899,7912.94957600
11,595,0.000000,0.613000,0.00000000,106.79830502,0.00000000,199.16518851,0.00000000,0.00000000,94.69756566,106.79830502,101.68074366,1745.79450000,26980.80690592,8143.21525823
11,596,0.000000,0.613000,0.00000000,107.32720193,0.00000000,198.63629160,0.00000000,0.00000000,94.69756566,107.32720193,101.68074366,1745.79450000,26980.80690571,9891.18697000
11,597,0.000000,0.601000,0.00000000,106.72863180,0.00000000,193.24536430,0.00000000,0.00000000,94.69756566,106.72863180,101.68074366,1745.79450000,27329.96580555,7912.94957600
11,598,0.000000,0.567000,0.00000000,106.72863180,0.00000000,176.27512159,0.00000000,0.00000000,94.69756566,106.72863180,101.68074366,1745.79450000,27679.12470538,7912.94957600
11,599,0.000000,0.516000,0.00000000,73.54194353,0.00000000,184.00644580,0.00000000,0.00000000,63.67817400,73.54194353,68.65710075,1244.73168631,27178.06189149,9891.18697000
11,600,0.000000,0.453000,0.00000000,107.32720193,0.00000000,118.77632592,0.00000000,0.00000000,94.69756566,107.32720193,101.68074366,1745.79450000,27178.06189129,9891.18697000
11,601,0.000000,0.405000,0.00000000,107.32720193,0.00000000,94.81833621,0.00000000,0.00000000,94.69756566,107.32720193,101.68074366,1745.79450000,27178.06189108,9891.18697000
11,602,0.000000,0.336000,0.00000000,58.26858481,0.00000000,109.43734312,0.00000000,0.00000000,49.73928100,58.26858481,53.75120360,1002.98064984,26435.24804071,9891.18697000
11,603,0.000000,0.312000,0.00000000,107.32720193,0.00000000,48.39973116,0.00000000,0.00000000,94.69756566,107.32720193,101.68074366,1745.79450000,26435.24804051,9891.18697000
11,604,0.000000,0.311000,0.00000000,106.72863180,0.00000000,48.49917650,0.00000000,0.00000000,94.69756566,106.72863180,101.68074366,1745.79450000,26784.40694034,7912.94957600
11,605,0.000000,0.328000,0.00000000,107.32720193,0.00000000,56.38572773,0.00000000,0.00000000,94.69756566,107.32720193,101.68074366,1745.79450000,26784.40694014,9891.18697000
11,606,0.010000,0.328000,1.59982155,105.72738038,0.00000000,57.98554928,0.00000000,0.00000000,94.69756566,107.32720193,101.68074366,1745.79450000,26784.40693993,9891.18697000
11,607,0.170000,0.451000,27.19696634,79.53166546,0.00000000,145.57361281,0.00000000,0.00000000,94.69756566,106.72863180,101.68074366,1745.79450000,27133.56583977,7912.94957600
11,608,0.391000,0.480000,62.55302259,44.17560921,0.00000000,195.40428784,0.00000000,0.00000000,94.69756566,106.72863180,101.68074366,1745.79450000,27482.72473960,7912.94957600
11,609,0.539000,0.437000,86.23038153,20.49825027,0.00000000,197.61928100,0.00000000,0.00000000,94.69756566,106.72863180,101.68074366,1745.79450000,27831.88363944,7912.94957600
11,610,0.659000,0.407000,73.54194353,0.00000000,31.88629659,203.14378771,0.00000000,0.00000000,63.67817400,73.54194353,68.65710075,1244.73168631,27330.82082555,9891.18697000
11,611,0.731000,0.391000,89.80063947,0.00000000,27.14631581,195.15779114,0.00000000,0.00000000,78.66539600,89.80063947,84.63531998,1492.48099468,27133.56583977,9573.57496008
11,612,0.759000,0.387000,106.72863180,0.00000000,14.69782382,193.16129200,0.00000000,0.00000000,94.69756566,106.72863180,101.68074366,1745.79450000,27482.72473960,7912.94957600
11,613,0.734000,0.397000,106.72863180,0.00000000,10.69826994,198.15253985,0.00000000,0.00000000,94.69756566,106.72863180,101.68074366,1745.79450000,27831.88363944,7912.94957600
11,614,0.664000,0.423000,106.22815090,1.09905103,0.00000000,210.03073325,0.00000000,0.00000000,94.69756566,107.32720193,101.68074366,1745.79450000,27831.88363944,9891.18696884
11,615,0.548000,0.467000,0.00000000,89.85930809,87.67022092,143.23196675,0.00000000,0.00000000,78.66539600,89.85930809,84.63531998,1492.48099468,27600.40597668,9767.47114693
11,616,0.385000,0.521000,61.59312966,11.35024375,0.00000000,248.69376951,0.00000000,0.00000000,63.67817400,72.94337341,68.65710075,1244.73168631,27448.50206283,7912.94957600
11,617,0.181000,0.584000,28.95677005,78.37043188,0.00000000,213.11844287,0.00000000,0.00000000,94.69756566,107.32720193,101.68074366,1745.79450000,27448.50206262,9891.18697000
11,618,0.004000,0.648000,0.63992862,89.25681310,0.00000000,234.17604792,0.00000000,0.00000000,78.66539600,89.89674172,84.63531998,1492.48099468,27195.18855709,9891.18697000
11,619,0.000000,0.659000,0.00000000,107.32720193,0.00000000,221.59603173,0.00000000,0.00000000,94.69756566,107.32720193,101.68074366,1745.79450000,27195.18855689,9891.18697000
11,620,0.000000,0.661000,0.00000000,89.29817159,0.00000000,240.62331164,0.00000000,0.00000000,78.66539600,89.29817159,84.63531998,1492.48099468,27291.03395140,7912.94957600
11,621,0.000000,0.656000,0.00000000,107.32720193,0.00000000,220.09865738,0.00000000,0.00000000,94.69756566,107.32720193,101.68074366,1745.79450000,27291.03395120,9891.18697000
11,622,0.000000,0.681000,0.00000000,89.89674172,0.00000000,250.00723722,0.00000000,0.00000000,78.66539600,89.89674172,84.63531998,1492.48099468,27037.72044567,9891.18697000
11,623,0.000000,0.630000,0.00000000,106.72863180,0.00000000,207.71998308,0.00000000,0.00000000,94.69756566,106.72863180,101.68074366,1745.79450000,27386.87934550,7912.94957600
11,624,0.000000,0.574000,0.00000000,89.89674172,0.00000000,196.60088517,0.00000000,0.00000000,78.66539600,89.89674172,84.63531998,1492.48099468,27133.56583997,9891.18697000
11,625,0.000000,0.527000,0.00000000,107.32720193,0.00000000,155.71156004,0.00000000,0.00000000,94.69756566,107.32720193,101.68074366,1745.79450000,27133.56583977,9891.18697000
11,626,0.000000,0.474000,0.00000000,106.72863180,0.00000000,129.85651654,0.00000000,0.00000000,94.69756566,106.72863180,101.68074366,1745.79450000,27482.72473960,7912.94957600
11,627,0.000000,0.421000,0.00000000,106.72863180,0.00000000,103.40290290,0.00000000,0.00000000,94.69756566,106.72863180,101.68074366,1745.79450000,27831.88363944,7912.94957600
11,628,0.000000,0.394000,0.00000000,73.54194353,0.00000000,123.11322196,0.00000000,0.00000000,63.67817400,73.54194353,68.65710075,1244.73168631,27330.82082555,9891.18697000
11,629,0.000000,0.373000,0.00000000,73.02111966,0.00000000,113.15242534,0.00000000,0.00000000,63.67817400,73.02111966,68.65710075,1244.73168631,27133.56583997,8169.89615799
11,630,0.011000,0.352000,1.75980370,105.56739822,0.00000000,70.12452628,0.00000000,0.00000000,94.69756566,107.32720193,101.68074366,1745.79450000,27133.56583977,9891.18697000
11,631,0.180000,0.590000,28.79678789,77.93184391,0.00000000,216.55177955,0.00000000,0.00000000,94.69756566,106.72863180,101.68074366,1745.79450000,27482.72473960,7912.94957600
11,632,0.385000,0.676000,61.59312966,45.13550214,0.00000000,292.27285287,0.00000000,0.00000000,94.69756566,106.72863180,101.68074366,1745.79450000,27831.88363944,7912.94957600
11,633,0.549000,0.631000,58.19230434,0.00000000,29.63789874,314.94773966,0.00000000,0.00000000,49.73928100,58.19230434,53.75120360,1002.98064984,27133.56584079,9639.08469395
11,634,0.661000,0.581000,105.74820443,1.57899749,0.00000000,288.41250289,0.00000000,0.00000000,94.69756566,107.32720193,101.68074366,1745.79450000,27133.56584059,9891.18697000
11,635,0.724000,0.542000,106.72863180,0.00000000,9.09844839,270.52563375,0.00000000,0.00000000,94.69756566,106.72863180,101.68074366,1745.79450000,27482.72474042,7912.94957600
11,636,0.742000,0.527000,107.32720193,0.00000000,11.37955706,263.03876197,0.00000000,0.00000000,94.69756566,107.32720193,101.68074366,1745.79450000,27482.72474022,9891.18697000
11,637,0.718000,0.536000,107.32720193,0.00000000,7.53998534,267.53088504,0.00000000,0.00000000,94.69756566,107.32720193,101.68074366,1745.79450000,27482.72474001,9891.18697000
11,638,0.652000,0.568000,104.30836504,3.01883689,0.00000000,280.48404129,0.00000000,0.00000000,94.69756566,107.32720193,101.68074366,1745.79450000,27482.72473981,9891.18697000
11,639,0.540000,0.621000,86.39036368,20.93683824,0.00000000,289.01965356,0.00000000,0.00000000,94.69756566,107.32720193,101.68074366,1745.79450000,27482.72473960,9891.18697000
11,640,0.380000,0.679000,60.79321889,45.93541291,0.00000000,292.97031646,0.00000000,0.00000000,94.69756566,106.72863180,101.68074366,1745.79450000,27831.88363944,7912.94957600
11,641,0.182000,0.744000,29.11675220,78.21044972,0.00000000,293.13839071,0.00000000,0.00000000,94.69756566,107.32720193,101.68074366,1745.79450000,27831.88363944,9891.18696884
11,642,0.005000,0.800000,0.79991077,89.09683094,0.00000000,310.20299748,0.00000000,0.00000000,78.66539600,89.89674172,84.63531998,1492.48099468,27578.57013391,9891.18697000
11,643,0.000000,0.831000,0.00000000,107.32720193,0.00000000,307.44549484,0.00000000,0.00000000,94.69756566,107.32720193,101.68074366,1745.79450000,27578.57013371,9891.18697000
11,644,0.000000,0.854000,0.00000000,107.05725118,0.00000000,319.19531566,0.00000000,0.00000000,94.69756566,107.05725118,101.68074366,1745.79450000,27736.03824493,8999.01636701
11,645,0.000000,0.870000,0.00000000,89.29817159,0.00000000,344.94039181,0.00000000,0.00000000,78.66539600,89.29817159,84.63531998,1492.48099468,27831.88363944,7912.94957600
11,646,0.000000,0.857000,0.00000000,73.54194353,0.00000000,354.20799766,0.00000000,0.00000000,63.67817400,73.54194353,68.65710075,1244.73168631,27330.82082555,9891.18697000
11,647,0.000000,0.791000,0.00000000,106.72863180,0.00000000,288.07907355,0.00000000,0.00000000,94.69756566,106.72863180,101.68074366,1745.79450000,27679.97972538,7912.94957600
11,648,0.000000,0.731000,0.00000000,107.06678999,0.00000000,257.79342823,0.00000000,0.00000000,94.69756566,107.06678999,101.68074366,1745.79450000,27831.88363964,9030.54156225
11,649,0.000000,0.663000,0.00000000,107.32720193,0.00000000,223.59253088,0.00000000,0.00000000,94.69756566,107.32720193,101.68074366,1745.79450000,27831.88363944,9891.18697000
11,650,0.000000,0.580000,0.00000000,89.89674172,0.00000000,199.59563389,0.00000000,0.00000000,78.66539600,89.89674172,84.63531998,1492.48099468,27578.57013391,9891.18697000
11,651,0.000000,0.541000,0.00000000,106.89294149,0.00000000,163.13356748,0.00000000,0.00000000,94.69756566,106.89294149,101.68074366,1745.79450000,27831.88363985,8455.98296918
11,652,0.000000,0.522000,0.00000000,107.32720193,0.00000000,153.21593612,0.00000000,0.00000000,94.69756566,107.32720193,101.68074366,1745.79450000,27831.88363964,9891.18697000
11,653,0.000000,0.488000,0.00000000,107.32720193,0.00000000,136.24569341,0.00000000,0.00000000,94.69756566,107.32720193,101.68074366,1745.79450000,27831.88363944,9891.18697000
11,654,0.014000,0.438000,2.23975017,105.08745176,0.00000000,113.52920430,0.00000000,0.00000000,94.69756566,107.32720193,101.68074366,1745.79450000,27831.88363923,9891.18697000
11,655,0.198000,0.668000,0.00000000,44.07720969,31.67646668,289.33814704,0.00000000,0.00000000,36.84682300,44.07720969,39.91750131,767.66957627,26853.75871530,9891.18697000
11,656,0.391000,0.733000,62.55302259,44.17560921,0.00000000,321.68285858,0.00000000,0.00000000,94.69756566,106.72863180,101.68074366,1745.79450000,27202.91761513,7912.94957600
11,657,0.550000,0.675000,87.99018523,1.90655648,0.00000000,335.00267374,0.00000000,0.00000000,78.66539600,89.89674172,84.63531998,1492.48099468,26949.60410961,9891.18697000
11,658,0.663000,0.605000,89.29817159,0.00000000,16.76999715,301.97049524,0.00000000,0.00000000,78.66539600,89.29817159,84.63531998,1492.48099468,27045.44950412,7912.94957600
11,659,0.725000,0.550000,107.32720193,0.00000000,8.65986042,274.51863204,0.00000000,0.00000000,94.69756566,107.32720193,101.68074366,1745.79450000,27045.44950391,9891.18697000
11,660,0.739000,0.516000,0.00000000,89.89674172,118.22681252,167.65164761,0.00000000,0.00000000,78.66539600,89.89674172,84.63531998,1492.48099468,26792.13599838,9891.18697000
11,661,0.706000,0.501000,106.19679648,0.00000000,6.75060492,250.06151755,0.00000000,0.00000000,94.20839475,106.19679648,101.16065651,1738.06544155,27133.56583977,7912.94957600
11,662,0.628000,0.509000,100.46879332,6.25983848,0.00000000,247.79467735,0.00000000,0.00000000,94.69756566,106.72863180,101.68074366,1745.79450000,27482.72473960,7912.94957600
11,663,0.504000,0.544000,80.63100610,26.09762570,0.00000000,245.42625763,0.00000000,0.00000000,94.69756566,106.72863180,101.68074366,1745.79450000,27831.88363944,7912.94957600
11,664,0.332000,0.598000,53.11407545,42.97061260,0.00000000,255.50600915,0.00000000,0.00000000,84.35693836,96.08468804,90.68657536,1582.40924901,27668.49838825,9891.18697000
11,665,0.140000,0.665000,0.00000000,73.54194353,22.39750170,258.37603884,0.00000000,0.00000000,63.67817400,73.54194353,68.65710075,1244.73168631,27167.43557435,9891.18697000
11,666,0.002000,0.718000,0.31996431,106.40866749,0.00000000,251.96292851,0.00000000,0.00000000,94.69756566,106.72863180,101.68074366,1745.79450000,27516.59447419,7912.94957600
11,667,0.000000,0.739000,0.00000000,106.78669537,0.00000000,262.06652113,0.00000000,0.00000000,94.69756566,106.78669537,101.68074366,1745.79450000,27831.88363944,8104.84608923
11,668,0.000000,0.764000,0.00000000,107.32720194,0.00000000,274.00413420,0.00000000,0.00000000,94.69756567,107.32720194,101.68074367,1745.79450020,27831.88363944,9891.18697000
11,669,0.000000,0.797000,0.00000000,107.32720193,0.00000000,290.47525214,0.00000000,0.00000000,94.69756566,107.32720193,101.68074366,1745.79450000,27831.88363923,9891.18697000
11,670,0.000000,0.812000,0.00000000,107.32720193,0.00000000,297.96212392,0.00000000,0.00000000,94.69756566,107.32720193,101.68074366,1745.79450000,27831.88363903,9891.18697000
11,671,0.000000,0.755000,0.00000000,89.89674172,0.00000000,286.94247135,0.00000000,0.00000000,78.66539600,89.89674172,84.63531998,1492.48099468,27578.57013350,9891.18697000
11,672,0.000000,0.687000,0.00000000,89.89674197,0.00000000,253.00198568,0.00000000,0.00000000,78.66539600,89.89674197,84.63532017,1492.48104146,27325.25667475,9891.18697000
11,673,0.000000,0.613000,0.00000000,89.89674197,0.00000000,216.06675155,0.00000000,0.00000000,78.66539600,89.89674197,84.63532017,1492.48104146,27071.94321600,9891.18697000
11,674,0.000000,0.527000,0.00000000,73.54194353,0.00000000,189.49681844,0.00000000,0.00000000,63.67817400,73.54194353,68.65710075,1244.73168631,26570.88040211,9891.18697000
11,675,0.000000,0.443000,0.00000000,89.89674197,0.00000000,131.21553801,0.00000000,0.00000000,78.66539600,89.89674197,84.63532017,1492.48104146,26317.56694336,9891.18697000
11,676,0.000000,0.364000,0.00000000,107.32720193,0.00000000,74.35422000,0.00000000,0.00000000,94.69756566,107.32720193,101.68074366,1745.79450000,26317.56694315,9891.18697000
11,677,0.000000,0.294000,0.00000000,89.89674172,0.00000000,56.84594523,0.00000000,0.00000000,78.66539600,89.89674172,84.63531998,1492.48099468,26064.25343763,9891.18697000
11,678,0.016000,0.245000,2.55971448,87.33702749,0.00000000,34.94854496,0.00000000,0.00000000,78.66539600,89.89674197,84.63532017,1492.48104146,25810.93997888,9891.18697000
11,679,0.210000,0.471000,33.59625254,73.73094938,0.00000000,161.35682460,0.00000000,0.00000000,94.69756566,107.32720193,101.68074366,1745.79450000,25810.93997867,9891.18697000
11,680,0.414000,0.558000,66.23261216,40.49601964,0.00000000,238.01561068,0.00000000,0.00000000,94.69756566,106.72863180,101.68074366,1745.79450000,26160.09887851,7912.94957600
11,681,0.573000,0.523000,91.66977480,0.00000000,0.00000000,261.04226283,0.00000000,0.00000000,80.29619422,91.66977480,86.36918694,1518.24817998,25932.55255828,9891.18697000
11,682,0.679000,0.466000,104.48474560,0.00000000,4.14313762,232.59215005,0.00000000,0.00000000,92.63368643,104.48474560,99.48642460,1713.18454163,26249.10149975,7912.94957600
11,683,0.738000,0.418000,89.89674197,0.00000000,28.17008839,208.63416035,0.00000000,0.00000000,78.66539600,89.89674197,84.63532017,1492.48104146,25995.78804100,9891.18697000
11,684,0.752000,0.400000,89.89674197,0.00000000,30.40983856,199.64991421,0.00000000,0.00000000,78.66539600,89.89674197,84.63532017,1492.48104146,25742.47458225,9891.18697000
11,685,0.726000,0.399000,89.89674197,0.00000000,26.25030253,199.15078942,0.00000000,0.00000000,78.66539600,89.89674197,84.63532017,1492.48104146,25489.16112350,9891.18697000
11,686,0.659000,0.428000,89.89674197,0.00000000,15.53149815,213.62540820,0.00000000,0.00000000,78.66539600,89.89674197,84.63532017,1492.48104146,25235.84766475,9891.18697000
11,687,0.547000,0.481000,87.51023877,2.38650321,0.00000000,237.69251863,0.00000000,0.00000000,78.66539600,89.89674197,84.63532017,1492.48104146,24982.53420600,9891.18697000
11,688,0.388000,0.538000,0.00000000,58.26858255,62.07307613,210.26055206,0.00000000,0.00000000,49.73928100,58.26858255,53.75120196,1002.98023956,24239.71994535,9891.18697000
11,689,0.184000,0.620000,29.43671651,60.46002546,0.00000000,248.99734156,0.00000000,0.00000000,78.66539600,89.89674197,84.63532017,1492.48104146,23986.40648661,9891.18697000
11,690,0.004000,0.712000,0.63992862,89.25681335,0.00000000,266.12003394,0.00000000,0.00000000,78.66539600,89.89674197,84.63532017,1492.48104146,23733.09302786,9891.18697000
11,691,0.000000,0.765000,0.00000000,89.89674197,0.00000000,291.93371895,0.00000000,0.00000000,78.66539600,89.89674197,84.63532017,1492.48104146,23479.77956911,9891.18697000
11,692,0.000000,0.797000,0.00000000,89.89674197,0.00000000,307.90571209,0.00000000,0.00000000,78.66539600,89.89674197,84.63532017,1492.48104146,23226.46611036,9891.18697000
11,693,0.000000,0.815000,0.00000000,89.89674197,0.00000000,316.88995823,0.00000000,0.00000000,78.66539600,89.89674197,84.63532017,1492.48104146,22973.15265161,9891.18697000
11,694,0.000000,0.822000,0.00000000,58.26858255,0.00000000,352.01199115,0.00000000,0.00000000,49.73928100,58.26858255,53.75120196,1002.98023956,22230.33839096,9891.18697000
11,695,0.000000,0.804000,0.00000000,89.89674197,0.00000000,311.39958559,0.00000000,0.00000000,78.66539600,89.89674197,84.63532017,1492.48104146,21977.02493221,9891.18697000
11,696,0.000000,0.754000,0.00000000,89.89674197,0.00000000,286.44334631,0.00000000,0.00000000,78.66539600,89.89674197,84.63532017,1492.48104146,21723.71147346,9891.18697000
11,697,0.000000,0.686000,0.00000000,89.89674197,0.00000000,252.50286089,0.00000000,0.00000000,78.66539600,89.89674197,84.63532017,1492.48104146,21470.39801471,9891.18697000
11,698,0.000000,0.603000,0.00000000,89.89674197,0.00000000,211.07550370,0.00000000,0.00000000,78.66539600,89.89674197,84.63532017,1492.48104146,21217.08455596,9891.18697000
11,699,0.000000,0.514000,0.00000000,89.89674197,0.00000000,166.65339778,0.00000000,0.00000000,78.66539600,89.89674197,84.63532017,1492.48104146,20963.77109721,9891.18697000
11,700,0.000000,0.413000,0.00000000,89.89674197,0.00000000,116.24179445,0.00000000,0.00000000,78.66539600,89.89674197,84.63532017,1492.48104146,20710.45763847,9891.18697000
11,701,0.000000,0.323000,0.00000000,89.89674197,0.00000000,71.32056375,0.00000000,0.00000000,78.66539600,89.89674197,84.63532017,1492.48104146,20457.14417972,9891.18697000
11,702,0.015000,0.289000,2.39973232,87.49700965,0.00000000,56.75005337,0.00000000,0.00000000,78.66539600,89.89674197,84.63532017,1492.48104146,20203.83072097,9891.18697000
11,703,0.203000,0.502000,0.00000000,73.54194456,32.47637746,177.01869777,0.00000000,0.00000000,63.67817400,73.54194456,68.65710149,1244.73187308,19702.76809385,9891.18697000
11,704,0.411000,0.520000,65.75266569,24.14407628,0.00000000,235.40081219,0.00000000,0.00000000,78.66539600,89.89674197,84.63532017,1492.48104146,19449.45463510,9891.18697000
11,705,0.572000,0.431000,89.89674197,0.00000000,1.61305067,215.12278256,0.00000000,0.00000000,78.66539600,89.89674197,84.63532017,1492.48104146,19196.14117635,9891.18697000
11,706,0.680000,0.343000,58.26858255,0.00000000,50.51928283,171.19980143,0.00000000,0.00000000,49.73928100,58.26858255,53.75120196,1002.98023956,18453.32691570,9891.18697000
11,707,0.740000,0.274000,89.89674197,0.00000000,28.49005270,136.76019123,0.00000000,0.00000000,78.66539600,89.89674197,84.63532017,1492.48104146,18200.01345695,9891.18697000
11,708,0.756000,0.221000,89.89674197,0.00000000,31.04976718,110.30657760,0.00000000,0.00000000,78.66539600,89.89674197,84.63532017,1492.48104146,17946.69999820,9891.18697000
11,709,0.730000,0.193000,73.54194456,0.00000000,43.24502856,96.33108361,0.00000000,0.00000000,63.67817400,73.54194456,68.65710149,1244.73187308,17445.63737108,9891.18697000
11,710,0.663000,0.199000,89.89674197,0.00000000,16.17142677,99.32583232,0.00000000,0.00000000,78.66539600,89.89674197,84.63532017,1492.48104146,17192.32391233,9891.18697000
11,711,0.551000,0.249000,88.15016739,1.74657459,0.00000000,122.53549701,0.00000000,0.00000000,78.66539600,89.89674197,84.63532017,1492.48104146,16939.01045358,9891.18697000
11,712,0.389000,0.355000,62.23305828,27.66368369,0.00000000,149.52561517,0.00000000,0.00000000,78.66539600,89.89674197,84.63532017,1492.48104146,16685.69699483,9891.18697000
11,713,0.186000,0.546000,29.75668082,60.14006115,0.00000000,212.38207174,0.00000000,0.00000000,78.66539600,89.89674197,84.63532017,1492.48104146,16432.38353608,9891.18697000
11,714,0.004000,0.770000,0.63992862,89.25681335,0.00000000,295.06927150,0.00000000,0.00000000,78.66539600,89.89674197,84.63532017,1492.48104146,16179.07007733,9891.18697000
11,715,0.000000,0.852000,0.00000000,73.54194456,0.00000000,351.71237270,0.00000000,0.00000000,63.67817400,73.54194456,68.65710149,1244.73187308,15678.00745021,9891.18697000
11,716,0.000000,0.865000,0.00000000,73.54194456,0.00000000,358.20099491,0.00000000,0.00000000,63.67817400,73.54194456,68.65710149,1244.73187308,15176.94482309,9891.18697000
11,717,0.000000,0.855000,0.00000000,89.89674197,0.00000000,336.85494965,0.00000000,0.00000000,78.66539600,89.89674197,84.63532017,1492.48104146,14923.63136434,9891.18697000
11,718,0.000000,0.824000,0.00000000,89.89674197,0.00000000,321.38208130,0.00000000,0.00000000,78.66539600,89.89674197,84.63532017,1492.48104146,14670.31790559,9891.18697000
11,719,0.000000,0.758000,0.00000000,73.54194456,0.00000000,304.79464286,0.00000000,0.00000000,63.67817400,73.54194456,68.65710149,1244.73187308,14169.25527847,9891.18697000
11,720,0.000000,0.657000,0.00000000,89.89674197,0.00000000,238.02824211,0.00000000,0.00000000,78.66539600,89.89674197,84.63532017,1492.48104146,13915.94181972,9891.18697000
12,1,0.000000,0.533000,0.00000000,106.72863180,0.00000000,159.30487888,0.00000000,0.00000000,94.69756566,106.72863180,101.68074366,1745.79450000,14265.10071956,7912.94957600
12,2,0.000000,0.400000,0.00000000,106.72863180,0.00000000,92.92128241,0.00000000,0.00000000,94.69756566,106.72863180,101.68074366,1745.79450000,14614.25961939,7912.94957600
12,3,0.000000,0.318000,0.00000000,106.72863180,0.00000000,51.99305000,0.00000000,0.00000000,94.69756566,106.72863180,101.68074366,1745.79450000,14963.41851923,7912.94957600
12,4,0.000000,0.248000,0.00000000,2.39428050,0.00000000,121.38866631,0.00000000,0.00000000,0.00000000,2.39428050,0.00000000,0.00000000,13566.78291906,7912.94957600
12,5,0.000000,0.234000,0.00000000,2.39428050,0.00000000,114.40091931,0.00000000,0.00000000,0.00000000,2.39428050,0.00000000,0.00000000,12170.14731890,7912.94957600
12,6,0.012000,0.199000,1.91978586,0.47449464,0.00000000,98.85133768,0.00000000,0.00000000,0.00000000,2.39428050,0.00000000,0.00000000,10773.51171874,7912.94957600
12,7,0.188000,0.271000,30.07664513,76.65198667,0.00000000,58.61083021,0.00000000,0.00000000,94.69756566,106.72863180,101.68074366,1745.79450000,11122.67061857,7912.94957600
12,8,0.404000,0.278000,2.39428050,0.00000000,62.23851011,138.75669038,0.00000000,0.00000000,0.00000000,2.39428050,0.00000000,0.00000000,9726.03501841,7912.94957600
12,9,0.564000,0.241000,90.22993540,16.49869640,0.00000000,103.79037691,0.00000000,0.00000000,94.69756566,106.72863180,101.68074366,1745.79450000,10075.19391824,7912.94957600
12,10,0.673000,0.219000,106.72863180,0.00000000,0.93935849,109.30832803,0.00000000,0.00000000,94.69756566,106.72863180,101.68074366,1745.79450000,10424.35281808,7912.94957600
12,11,0.733000,0.217000,106.72863180,0.00000000,10.53828779,108.31007846,0.00000000,0.00000000,94.69756566,106.72863180,101.68074366,1745.79450000,10773.51171792,7912.94957600
12,12,0.751000,0.226000,106.72863180,0.00000000,13.41796658,112.80220153,0.00000000,0.00000000,94.69756566,106.72863180,101.68074366,1745.79450000,11122.67061775,7912.94957600
12,13,0.725000,0.242000,106.72863180,0.00000000,9.25843055,120.78819810,0.00000000,0.00000000,94.69756566,106.72863180,101.68074366,1745.79450000,11471.82951759,7912.94957600
12,14,0.658000,0.258000,105.26825797,1.46037383,0.00000000,127.31382083,0.00000000,0.00000000,94.69756566,106.72863180,101.68074366,1745.79450000,11820.98841742,7912.94957600
12,15,0.532000,0.299000,85.11050644,21.61812536,0.00000000,127.62018551,0.00000000,0.00000000,94.69756566,106.72863180,101.68074366,1745.79450000,12170.14731726,7912.94957600
12,16,0.370000,0.403000,59.19339734,47.53523446,0.00000000,153.61205410,0.00000000,0.00000000,94.69756566,106.72863180,101.68074366,1745.79450000,12519.30621710,7912.94957600
12,17,0.164000,0.562000,26.23707341,80.49155839,0.00000000,200.01657108,0.00000000,0.00000000,94.69756566,106.72863180,101.68074366,1745.79450000,12868.46511693,7912.94957600
12,18,0.005000,0.699000,0.79991077,105.92872103,0.00000000,242.95950405,0.00000000,0.00000000,94.69756566,106.72863180,101.68074366,1745.79450000,13217.62401677,7912.94957600
12,19,0.000000,0.739000,0.00000000,72.94337341,0.00000000,295.90984309,0.00000000,0.00000000,63.67817400,72.94337341,68.65710075,1244.73168631,13065.72010292,7912.94957600
12,20,0.000000,0.739000,0.00000000,30.37356422,0.00000000,338.47965228,0.00000000,0.00000000,25.00174700,30.37356422,27.15938231,539.40882693,12208.49332968,7912.94957600
12,21,0.000000,0.726000,0.00000000,106.72863180,0.00000000,255.63596249,0.00000000,0.00000000,94.69756566,106.72863180,101.68074366,1745.79450000,12557.65222951,7912.94957600
12,22,0.000000,0.697000,0.00000000,72.94337341,0.00000000,274.94660210,0.00000000,0.00000000,63.67817400,72.94337341,68.65710075,1244.73168631,12405.74831566,7912.94957600
12,23,0.000000,0.651000,0.00000000,106.72863180,0.00000000,218.20160357,0.00000000,0.00000000,94.69756566,106.72863180,101.68074366,1745.79450000,12754.90721550,7912.94957600
12,24,0.000000,0.597000,0.00000000,106.72863180,0.00000000,191.24886516,0.00000000,0.00000000,94.69756566,106.72863180,101.68074366,1745.79450000,13104.06611533,7912.94957600
12,25,0.000000,0.524000,0.00000000,106.72863180,0.00000000,154.81275581,0.00000000,0.00000000,94.69756566,106.72863180,101.68074366,1745.79450000,13453.22501517,7912.94957600
12,26,0.000000,0.445000,0.00000000,106.72863180,0.00000000,115.38189776,0.00000000,0.00000000,94.69756566,106.72863180,101.68074366,1745.79450000,13802.38391500,7912.94957600
12,27,0.000000,0.361000,0.00000000,106.72863180,0.00000000,73.45541577,0.00000000,0.00000000,94.69756566,106.72863180,101.68074366,1745.79450000,14151.54281484,7912.94957600
12,28,0.000000,0.289000,0.00000000,30.37356422,0.00000000,113.87349879,0.00000000,0.00000000,25.00174700,30.37356422,27.15938231,539.40882693,13294.31604160,7912.94957600
12,29,0.000000,0.232000,0.00000000,106.72863180,0.00000000,9.06831844,0.00000000,0.00000000,94.69756566,106.72863180,101.68074366,1745.79450000,13643.47494144,7912.94957600
12,30,0.010000,0.205000,1.59982155,102.32058103,0.00000000,0.00000000,0.00000000,0.00000000,92.11461562,103.92040258,98.93454784,1704.98305510,13951.82239637,7912.94957600
12,31,0.179000,0.270000,28.63680574,78.09182606,0.00000000,56.67186603,0.00000000,0.00000000,94.69756566,106.72863180,101.68074366,1745.79450000,14300.98129621,7912.94957600
12,32,0.395000,0.290000,63.19295121,43.53568059,0.00000000,101.21050721,0.00000000,0.00000000,94.69756566,106.72863180,101.68074366,1745.79450000,14650.14019605,7912.94957600
12,33,0.562000,0.280000,89.90997109,16.81866071,0.00000000,122.93627924,0.00000000,0.00000000,94.69756566,106.72863180,101.68074366,1745.79450000,14999.29909588,7912.94957600
12,34,0.668000,0.255000,106.72863180,0.00000000,0.13944772,127.27682031,0.00000000,0.00000000,94.69756566,106.72863180,101.68074366,1745.79450000,15348.45799572,7912.94957600
12,35,0.725000,0.231000,106.72863180,0.00000000,9.25843055,115.29782546,0.00000000,0.00000000,94.69756566,106.72863180,101.68074366,1745.79450000,15697.61689555,7912.94957600
12,36,0.727000,0.216000,106.72863180,0.00000000,9.57839486,107.81095367,0.00000000,0.00000000,94.69756566,106.72863180,101.68074366,1745.79450000,16046.77579539,7912.94957600
12,37,0.698000,0.220000,0.00000000,72.94337341,111.66754417,36.86407941,0.00000000,0.00000000,63.67817400,72.94337341,68.65710075,1244.73168631,15894.87188154,7912.94957600
12,38,0.625000,0.256000,99.98884685,6.73978495,0.00000000,121.03616015,0.00000000,0.00000000,94.69756566,106.72863180,101.68074366,1745.79450000,16244.03078137,7912.94957600
12,39,0.493000,0.330000,72.94337341,0.00000000,5.92782899,164.71117922,0.00000000,0.00000000,63.67817400,72.94337341,68.65710075,1244.73168631,16092.12686752,7912.94957600
12,40,0.325000,0.457000,51.99420036,54.73443144,0.00000000,173.36559555,0.00000000,0.00000000,94.69756566,106.72863180,101.68074366,1745.79450000,16441.28576736,7912.94957600
12,41,0.127000,0.594000,20.31773368,86.41089812,0.00000000,210.06922448,0.00000000,0.00000000,94.69756566,106.72863180,101.68074366,1745.79450000,16790.44466719,7912.94957600
12,42,0.003000,0.675000,0.47994646,106.24868534,0.00000000,230.66054489,0.00000000,0.00000000,94.69756566,106.72863180,101.68074366,1745.79450000,17139.60356703,7912.94957600
12,43,0.000000,0.687000,0.00000000,106.72863180,0.00000000,236.17009585,0.00000000,0.00000000,94.69756566,106.72863180,101.68074366,1745.79450000,17488.76246687,7912.94957600
12,44,0.000000,0.675000,0.00000000,89.29817159,0.00000000,247.61105864,0.00000000,0.00000000,78.66539600,89.29817159,84.63531998,1492.48099468,17584.60786138,7912.94957600
12,45,0.000000,0.666000,0.00000000,106.72863180,0.00000000,225.68847536,0.00000000,0.00000000,94.69756566,106.72863180,101.68074366,1745.79450000,17933.76676121,7912.94957600
12,46,0.000000,0.648000,0.00000000,106.72863180,0.00000000,216.70422922,0.00000000,0.00000000,94.69756566,106.72863180,101.68074366,1745.79450000,18282.92566105,7912.94957600
12,47,0.000000,0.637000,0.00000000,72.94337341,0.00000000,244.99911497,0.00000000,0.00000000,63.67817400,72.94337341,68.65710075,1244.73168631,18131.02174720,7912.94957600
12,48,0.000000,0.605000,0.00000000,72.94337341,0.00000000,229.02712183,0.00000000,0.00000000,63.67817400,72.94337341,68.65710075,1244.73168631,17979.11783334,7912.94957600
12,49,0.000000,0.532000,0.00000000,106.72863180,0.00000000,158.80575410,0.00000000,0.00000000,94.69756566,106.72863180,101.68074366,1745.79450000,18328.27673318,7912.94957600
12,50,0.000000,0.438000,0.00000000,106.72863180,0.00000000,111.88802426,0.00000000,0.00000000,94.69756566,106.72863180,101.68074366,1745.79450000,18677.43563302,7912.94957600
12,51,0.000000,0.371000,0.00000000,106.72863180,0.00000000,78.44666363,0.00000000,0.00000000,94.69756566,106.72863180,101.68074366,1745.79450000,19026.59453285,7912.94957600
12,52,0.000000,0.298000,0.00000000,57.67001469,0.00000000,91.06917140,0.00000000,0.00000000,49.73928100,57.67001469,53.75120360,1002.98064984,18632.93958252,7912.94957600
12,53,0.000000,0.234000,0.00000000,106.72863180,0.00000000,10.06656801,0.00000000,0.00000000,94.69756566,106.72863180,101.68074366,1745.79450000,18982.09848236,7912.94957600
12,54,0.002000,0.221000,0.31996431,72.62340910,0.00000000,37.68316850,0.00000000,0.00000000,63.67817400,72.94337341,68.65710075,1244.73168631,18830.19456851,7912.94957600
12,55,0.101000,0.289000,16.15819765,90.57043415,0.00000000,53.67662887,0.00000000,0.00000000,94.69756566,106.72863180,101.68074366,1745.79450000,19179.35346834,7912.94957600
12,56,0.226000,0.315000,36.15596702,70.57266478,0.00000000,86.65164266,0.00000000,0.00000000,94.69756566,106.72863180,101.68074366,1745.79450000,19528.51236818,7912.94957600
12,57,0.352000,0.297000,56.31371855,50.41491325,0.00000000,97.82514805,0.00000000,0.00000000,94.69756566,106.72863180,101.68074366,1745.79450000,19877.67126802,7912.94957600
12,58,0.403000,0.255000,64.47280845,42.25582335,0.00000000,85.02099696,0.00000000,0.00000000,94.69756566,106.72863180,101.68074366,1745.79450000,20226.83016785,7912.94957600
12,59,0.449000,0.192000,71.83198758,34.89664422,0.00000000,60.93531460,0.00000000,0.00000000,94.69756566,106.72863180,101.68074366,1745.79450000,20575.98906769,7912.94957600
12,60,0.468000,0.154000,74.87164852,31.85698328,0.00000000,45.00823369,0.00000000,0.00000000,94.69756566,106.72863180,101.68074366,1745.79450000,20925.14796752,7912.94957600
12,61,0.415000,0.156000,66.39259431,40.33603749,0.00000000,37.52742905,0.00000000,0.00000000,94.69756566,106.72863180,101.68074366,1745.79450000,21274.30686736,7912.94957600
12,62,0.364000,0.174000,58.23350441,48.49512739,0.00000000,38.35258529,0.00000000,0.00000000,94.69756566,106.72863180,101.68074366,1745.79450000,21623.46576720,7912.94957600
12,63,0.297000,0.195000,47.51470002,59.21393178,0.00000000,38.11540140,0.00000000,0.00000000,94.69756566,106.72863180,101.68074366,1745.79450000,21972.62466703,7912.94957600
12,64,0.190000,0.251000,2.39428050,0.00000000,28.00232894,125.28032117,0.00000000,0.00000000,0.00000000,2.39428050,0.00000000,0.00000000,20575.98906687,7912.94957600
12,65,0.085000,0.331000,13.59848317,93.13014863,0.00000000,72.08015538,0.00000000,0.00000000,94.69756566,106.72863180,101.68074366,1745.79450000,20925.14796670,7912.94957600
12,66,0.000000,0.398000,0.00000000,72.94337341,0.00000000,125.70829123,0.00000000,0.00000000,63.67817400,72.94337341,68.65710075,1244.73168631,20773.24405285,7912.94957600
12,67,0.000000,0.433000,0.00000000,106.72863180,0.00000000,109.39240033,0.00000000,0.00000000,94.69756566,106.72863180,101.68074366,1745.79450000,21122.40295269,7912.94957600
12,68,0.000000,0.457000,0.00000000,106.72863180,0.00000000,121.37139518,0.00000000,0.00000000,94.69756566,106.72863180,101.68074366,1745.79450000,21471.56185252,7912.94957600
12,69,0.000000,0.454000,0.00000000,106.72863180,0.00000000,119.87402083,0.00000000,0.00000000,94.69756566,106.72863180,101.68074366,1745.79450000,21820.72075236,7912.94957600
12,70,0.000000,0.425000,0.00000000,106.72863180,0.00000000,105.39940205,0.00000000,0.00000000,94.69756566,106.72863180,101.68074366,1745.79450000,22169.87965219,7912.94957600
12,71,0.000000,0.422000,0.00000000,72.94337341,0.00000000,137.68728608,0.00000000,0.00000000,63.67817400,72.94337341,68.65710075,1244.73168631,22017.97573834,7912.94957600
12,72,0.000000,0.398000,0.00000000,106.72863180,0.00000000,91.92303284,0.00000000,0.00000000,94.69756566,106.72863180,101.68074366,1745.79450000,22367.13463818,7912.94957600
12,73,0.000000,0.341000,0.00000000,106.72863180,0.00000000,63.47292006,0.00000000,0.00000000,94.69756566,106.72863180,101.68074366,1745.79450000,22716.29353801,7912.94957600
12,74,0.000000,0.280000,0.00000000,72.94337341,0.00000000,66.81156654,0.00000000,0.00000000,63.67817400,72.94337341,68.65710075,1244.73168631,22564.38962416,7912.94957600
12,75,0.000000,0.241000,0.00000000,72.94337341,0.00000000,47.34569990,0.00000000,0.00000000,63.67817400,72.94337341,68.65710075,1244.73168631,22412.48571031,7912.94957600
12,76,0.000000,0.220000,0.00000000,106.72863180,0.00000000,3.07882101,0.00000000,0.00000000,94.69756566,106.72863180,101.68074366,1745.79450000,22761.64461015,7912.94957600
12,77,0.000000,0.215000,0.00000000,106.72863180,0.00000000,0.58319709,0.00000000,0.00000000,94.69756566,106.72863180,101.68074366,1745.79450000,23110.80350998,7912.94957600
12,78,0.009000,0.233000,1.43983939,71.50353401,0.00000000,44.79254101,0.00000000,0.00000000,63.67817400,72.94337341,68.65710075,1244.73168631,22958.89959613,7912.94957600
12,79,0.161000,0.329000,25.75712695,80.97150485,0.00000000,83.24054959,0.00000000,0.00000000,94.69756566,106.72863180,101.68074366,1745.79450000,23308.05849596,7912.94957600
12,80,0.338000,0.364000,54.07396838,52.65466342,0.00000000,129.02675851,0.00000000,0.00000000,94.69756566,106.72863180,101.68074366,1745.79450000,23657.21739580,7912.94957600
12,81,0.488000,0.346000,78.07129162,28.65734018,0.00000000,144.03983561,0.00000000,0.00000000,94.69756566,106.72863180,101.68074366,1745.79450000,24006.37629564,7912.94957600
12,82,0.591000,0.320000,94.54945358,12.17917822,0.00000000,147.54075315,0.00000000,0.00000000,94.69756566,106.72863180,101.68074366,1745.79450000,24355.53519547,7912.94957600
12,83,0.659000,0.311000,0.00000000,72.94337341,105.42824012,82.28443489,0.00000000,0.00000000,63.67817400,72.94337341,68.65710075,1244.73168631,24203.63128162,7912.94957600
12,84,0.688000,0.325000,106.72863180,0.00000000,3.33909082,162.21555529,0.00000000,0.00000000,94.69756566,106.72863180,101.68074366,1745.79450000,24552.79018146,7912.94957600
12,85,0.637000,0.352000,101.90863271,4.81999909,0.00000000,170.87192542,0.00000000,0.00000000,94.69756566,106.72863180,101.68074366,1745.79450000,24901.94908129,7912.94957600
12,86,0.510000,0.388000,81.59089903,25.13773277,0.00000000,168.52268401,0.00000000,0.00000000,94.69756566,106.72863180,101.68074366,1745.79450000,25251.10798113,7912.94957600
12,87,0.342000,0.422000,54.71389700,52.61330493,0.00000000,158.01735456,0.00000000,0.00000000,94.69756566,107.32720193,101.68074366,1745.79450000,25251.10798092,9891.18697000
12,88,0.205000,0.470000,32.79634177,73.93229003,0.00000000,160.65635916,0.00000000,0.00000000,94.69756566,106.72863180,101.68074366,1745.79450000,25600.26688076,7912.94957600
12,89,0.089000,0.521000,14.23841179,43.43160290,0.00000000,216.61241036,0.00000000,0.00000000,49.73928100,57.67001469,53.75120360,1002.98064984,25206.61193043,7912.94957600
12,90,0.000000,0.501000,0.00000000,106.72863180,0.00000000,143.33288575,0.00000000,0.00000000,94.69756566,106.72863180,101.68074366,1745.79450000,25555.77083027,7912.94957600
12,91,0.000000,0.413000,0.00000000,106.72863180,0.00000000,99.40990462,0.00000000,0.00000000,94.69756566,106.72863180,101.68074366,1745.79450000,25904.92973010,7912.94957600
12,92,0.000000,0.432000,0.00000000,73.54194353,0.00000000,142.07996381,0.00000000,0.00000000,63.67817400,73.54194353,68.65710075,1244.73168631,25403.86691621,9891.18697000
12,93,0.000000,0.491000,0.00000000,72.94337341,0.00000000,172.12689628,0.00000000,0.00000000,63.67817400,72.94337341,68.65710075,1244.73168631,25251.96300236,7912.94957600
12,94,0.000000,0.502000,0.00000000,106.72863180,0.00000000,143.83201053,0.00000000,0.00000000,94.69756566,106.72863180,101.68074366,1745.79450000,25601.12190219,7912.94957600
12,95,0.000000,0.470000,0.00000000,73.54194353,0.00000000,161.04670566,0.00000000,0.00000000,63.67817400,73.54194353,68.65710075,1244.73168631,25100.05908830,9891.18697000
12,96,0.000000,0.439000,0.00000000,106.72863180,0.00000000,112.38714904,0.00000000,0.00000000,94.69756566,106.72863180,101.68074366,1745.79450000,25449.21798813,7912.94957600
12,97,0.000000,0.407000,0.00000000,106.72863180,0.00000000,96.41515591,0.00000000,0.00000000,94.69756566,106.72863180,101.68074366,1745.79450000,25798.37688797,7912.94957600
12,98,0.000000,0.369000,0.00000000,106.72863180,0.00000000,77.44841406,0.00000000,0.00000000,94.69756566,106.72863180,101.68074366,1745.79450000,26147.53578781,7912.94957600
12,99,0.000000,0.353000,0.00000000,107.32720193,0.00000000,68.86384736,0.00000000,0.00000000,94.69756566,107.32720193,101.68074366,1745.79450000,26147.53578760,9891.18697000
12,100,0.000000,0.351000,0.00000000,57.67001469,0.00000000,117.52278503,0.00000000,0.00000000,49.73928100,57.67001469,53.75120360,1002.98064984,25753.88083727,7912.94957600
12,101,0.000000,0.352000,0.00000000,73.38833660,0.00000000,102.30358790,0.00000000,0.00000000,63.67817400,73.38833660,68.65710075,1244.73168631,25342.42027051,9383.52551319
12,102,0.009000,0.335000,1.43983939,105.88736253,0.00000000,61.31944062,0.00000000,0.00000000,94.69756566,107.32720193,101.68074366,1745.79450000,25342.42027030,9891.18697000
12,103,0.164000,0.395000,26.23707341,80.49155839,0.00000000,116.66273189,0.00000000,0.00000000,94.69756566,106.72863180,101.68074366,1745.79450000,25691.57917014,7912.94957600
12,104,0.370000,0.403000,59.19339734,47.53523446,0.00000000,153.61205410,0.00000000,0.00000000,94.69756566,106.72863180,101.68074366,1745.79450000,26040.73806997,7912.94957600
12,105,0.522000,0.400000,83.51068489,23.81651703,0.00000000,175.83339718,0.00000000,0.00000000,94.69756566,107.32720193,101.68074366,1745.79450000,26040.73806977,9891.18697000
12,106,0.627000,0.389000,100.30881116,7.01839076,0.00000000,187.14115081,0.00000000,0.00000000,94.69756566,107.32720193,101.68074366,1745.79450000,26040.73806956,9891.18697000
12,107,0.695000,0.363000,107.32720193,0.00000000,3.86039578,181.18229714,0.00000000,0.00000000,94.69756566,107.32720193,101.68074366,1745.79450000,26040.73806936,9891.18697000
12,108,0.724000,0.353000,106.72863180,0.00000000,9.09844839,176.19104929,0.00000000,0.00000000,94.69756566,106.72863180,101.68074366,1745.79450000,26389.89696919,7912.94957600
12,109,0.706000,0.334000,106.72863180,0.00000000,6.21876961,166.70767836,0.00000000,0.00000000,94.69756566,106.72863180,101.68074366,1745.79450000,26739.05586903,7912.94957600
12,110,0.642000,0.311000,102.70854349,4.61865844,0.00000000,150.60914986,0.00000000,0.00000000,94.69756566,107.32720193,101.68074366,1745.79450000,26739.05586883,9891.18697000
12,111,0.529000,0.330000,73.54194353,0.00000000,11.08861644,164.71117922,0.00000000,0.00000000,63.67817400,73.54194353,68.65710075,1244.73168631,26237.99305493,9891.18697000
12,112,0.337000,0.398000,53.91398622,52.81464558,0.00000000,145.83701906,0.00000000,0.00000000,94.69756566,106.72863180,101.68074366,1745.79450000,26587.15195477,7912.94957600
12,113,0.148000,0.481000,23.67735893,83.64984299,0.00000000,156.42917885,0.00000000,0.00000000,94.69756566,107.32720193,101.68074366,1745.79450000,26587.15195456,9891.18697000
12,114,0.003000,0.574000,0.47994646,106.84725546,0.00000000,179.65037143,0.00000000,0.00000000,94.69756566,107.32720193,101.68074366,1745.79450000,26587.15195436,9891.18697000
12,115,0.000000,0.650000,0.00000000,73.54194353,0.00000000,250.88916706,0.00000000,0.00000000,63.67817400,73.54194353,68.65710075,1244.73168631,26086.08914046,9891.18697000
12,116,0.000000,0.660000,0.00000000,106.72863180,0.00000000,222.69372664,0.00000000,0.00000000,94.69756566,106.72863180,101.68074366,1745.79450000,26435.24804030,7912.94957600
12,117,0.000000,0.683000,0.00000000,106.72863180,0.00000000,234.17359671,0.00000000,0.00000000,94.69756566,106.72863180,101.68074366,1745.79450000,26784.40694014,7912.94957600
12,118,0.000000,0.695000,0.00000000,106.72863180,0.00000000,240.16309414,0.00000000,0.00000000,94.69756566,106.72863180,101.68074366,1745.79450000,27133.56583997,7912.94957600
12,119,0.000000,0.722000,0.00000000,106.72863180,0.00000000,253.63946335,0.00000000,0.00000000,94.69756566,106.72863180,101.68074366,1745.79450000,27482.72473981,7912.94957600
12,120,0.000000,0.720000,0.00000000,107.32720193,0.00000000,252.04264365,0.00000000,0.00000000,94.69756566,107.32720193,101.68074366,1745.79450000,27482.72473960,9891.18697000
12,121,0.000000,0.638000,0.00000000,106.72863180,0.00000000,211.71298136,0.00000000,0.00000000,94.69756566,106.72863180,101.68074366,1745.79450000,27831.88363944,7912.94957600
12,122,0.000000,0.583000,0.00000000,107.32720193,0.00000000,183.66254803,0.00000000,0.00000000,94.69756566,107.32720193,101.68074366,1745.79450000,27831.88363923,9891.18697000
12,123,0.000000,0.525000,0.00000000,107.32720193,0.00000000,154.71331047,0.00000000,0.00000000,94.69756566,107.32720193,101.68074366,1745.79450000,27831.88363944,9891.18696768
12,124,0.000000,0.422000,0.00000000,89.89674172,0.00000000,120.73391777,0.00000000,0.00000000,78.66539600,89.89674172,84.63531998,1492.48099468,27578.57013391,9891.18697000
12,125,0.000000,0.311000,0.00000000,106.89294149,0.00000000,48.33486681,0.00000000,0.00000000,94.69756566,106.89294149,101.68074366,1745.79450000,27831.88363964,8455.98297034
12,126,0.000000,0.241000,0.00000000,107.32720193,0.00000000,12.96187138,0.00000000,0.00000000,94.69756566,107.32720193,101.68074366,1745.79450000,27831.88363944,9891.18697000
12,127,0.064000,0.380000,0.00000000,72.94337341,10.23885792,116.72404509,0.00000000,0.00000000,63.67817400,72.94337341,68.65710075,1244.73168631,27679.97972559,7912.94957600
12,128,0.154000,0.524000,24.63725186,82.42953813,0.00000000,179.11184949,0.00000000,0.00000000,94.69756566,107.06678999,101.68074366,1745.79450000,27831.88363944,9030.54156457
12,129,0.250000,0.508000,39.99553874,33.54640479,0.00000000,220.00898625,0.00000000,0.00000000,63.67817400,73.54194353,68.65710075,1244.73168631,27330.82082555,9891.18697000
12,130,0.322000,0.454000,51.51425390,55.55253609,0.00000000,171.05011654,0.00000000,0.00000000,94.69756566,107.06678999,101.68074366,1745.79450000,27482.72474022,9030.54155993
12,131,0.368000,0.378000,58.87343303,48.45376890,0.00000000,140.21540003,0.00000000,0.00000000,94.69756566,107.32720193,101.68074366,1745.79450000,27482.72474001,9891.18697000
12,132,0.385000,0.305000,61.59312966,45.73407226,0.00000000,106.49898732,0.00000000,0.00000000,94.69756566,107.32720193,101.68074366,1745.79450000,27482.72473981,9891.18697000
12,133,0.365000,0.265000,58.39348656,48.93371536,0.00000000,83.33435280,0.00000000,0.00000000,94.69756566,107.32720193,101.68074366,1745.79450000,27482.72473960,9891.18697000
12,134,0.313000,0.251000,50.07441450,56.65421730,0.00000000,68.62610387,0.00000000,0.00000000,94.69756566,106.72863180,101.68074366,1745.79450000,27831.88363944,7912.94957600
12,135,0.235000,0.254000,2.39428050,0.00000000,35.20152592,126.77769552,0.00000000,0.00000000,0.00000000,2.39428050,0.00000000,0.00000000,26435.24803928,7912.94957600
12,136,0.113000,0.279000,18.07798351,88.65064829,0.00000000,50.60516687,0.00000000,0.00000000,94.69756566,106.72863180,101.68074366,1745.79450000,26784.40693911,7912.94957600
12,137,0.039000,0.302000,6.23930404,100.48932776,0.00000000,50.24635747,0.00000000,0.00000000,94.69756566,106.72863180,101.68074366,1745.79450000,27133.56583895,7912.94957600
12,138,0.000000,0.332000,0.00000000,106.72863180,0.00000000,58.98079699,0.00000000,0.00000000,94.69756566,106.72863180,101.68074366,1745.79450000,27482.72473878,7912.94957600
12,139,0.000000,0.386000,0.00000000,107.32720193,0.00000000,85.33496529,0.00000000,0.00000000,94.69756566,107.32720193,101.68074366,1745.79450000,27482.72473858,9891.18697000
12,140,0.000000,0.409000,0.00000000,107.32720193,0.00000000,96.81483535,0.00000000,0.00000000,94.69756566,107.32720193,101.68074366,1745.79450000,27482.72473837,9891.18697000
12,141,0.000000,0.407000,0.00000000,57.67001469,0.00000000,145.47377302,0.00000000,0.00000000,49.73928100,57.67001469,53.75120360,1002.98064984,27089.06978805,7912.94957600
12,142,0.000000,0.395000,0.00000000,89.29817159,0.00000000,107.85611869,0.00000000,0.00000000,78.66539600,89.29817159,84.63531998,1492.48099468,27184.91518256,7912.94957600
12,143,0.000000,0.382000,0.00000000,106.72863180,0.00000000,83.93703627,0.00000000,0.00000000,94.69756566,106.72863180,101.68074366,1745.79450000,27534.07408239,7912.94957600
12,144,0.000000,0.364000,0.00000000,73.54194353,0.00000000,108.13947840,0.00000000,0.00000000,63.67817400,73.54194353,68.65710075,1244.73168631,27033.01126850,9891.18697000
12,145,0.000000,0.340000,0.00000000,106.72863180,0.00000000,62.97379528,0.00000000,0.00000000,94.69756566,106.72863180,101.68074366,1745.79450000,27382.17016834,7912.94957600
12,146,0.000000,0.317000,0.00000000,106.72863180,0.00000000,51.49392521,0.00000000,0.00000000,94.69756566,106.72863180,101.68074366,1745.79450000,27731.32906817,7912.94957600
12,147,0.000000,0.302000,0.00000000,107.32720193,0.00000000,43.40848330,0.00000000,0.00000000,94.69756566,107.32720193,101.68074366,1745.79450000,27731.32906797,9891.18697000
12,148,0.000000,0.291000,0.00000000,107.32720193,0.00000000,37.91811066,0.00000000,0.00000000,94.69756566,107.32720193,101.68074366,1745.79450000,27731.32906776,9891.18697000
12,149,0.000000,0.275000,0.00000000,107.15481920,0.00000000,30.10449682,0.00000000,0.00000000,94.69756566,107.15481920,101.68074366,1745.79450000,27831.88363944,9321.47268171
12,150,0.003000,0.248000,0.47994646,73.06199707,0.00000000,50.72094974,0.00000000,0.00000000,63.67817400,73.54194353,68.65710075,1244.73168631,27330.82082555,9891.18697000
12,151,0.123000,0.386000,19.67780506,87.05082674,0.00000000,105.61134047,0.00000000,0.00000000,94.69756566,106.72863180,101.68074366,1745.79450000,27679.97972538,7912.94957600
12,152,0.303000,0.507000,48.47459295,58.59219704,0.00000000,194.46406922,0.00000000,0.00000000,94.69756566,107.06678999,101.68074366,1745.79450000,27831.88363944,9030.54156341
12,153,0.467000,0.501000,74.71166637,32.61553556,0.00000000,217.44598199,0.00000000,0.00000000,94.69756566,107.32720193,101.68074366,1745.79450000,27831.88363923,9891.18697000
12,154,0.595000,0.451000,0.00000000,89.87838572,95.18938220,135.22689255,0.00000000,0.00000000,78.66539600,89.87838572,84.63531998,1492.48099468,27589.27758297,9830.52153510
12,155,0.676000,0.395000,73.54194353,0.00000000,34.60599322,197.15429028,0.00000000,0.00000000,63.67817400,73.54194353,68.65710075,1244.73168631,27088.21476907,9891.18697000
12,156,0.696000,0.347000,107.32720193,0.00000000,4.02037793,173.19630058,0.00000000,0.00000000,94.69756566,107.32720193,101.68074366,1745.79450000,27088.21476887,9891.18697000
12,157,0.643000,0.311000,102.86852564,3.86010616,0.00000000,151.36770214,0.00000000,0.00000000,94.69756566,106.72863180,101.68074366,1745.79450000,27437.37366870,7912.94957600
12,158,0.554000,0.289000,88.63011385,18.69708807,0.00000000,125.54997494,0.00000000,0.00000000,94.69756566,107.32720193,101.68074366,1745.79450000,27437.37366850,9891.18697000
12,159,0.441000,0.300000,70.55213034,2.98981319,0.00000000,146.74762246,0.00000000,0.00000000,63.67817400,73.54194353,68.65710075,1244.73168631,26936.31085460,9891.18697000
12,160,0.299000,0.327000,47.83466433,58.89396747,0.00000000,104.31983740,0.00000000,0.00000000,94.69756566,106.72863180,101.68074366,1745.79450000,27285.46975444,7912.94957600
12,161,0.130000,0.379000,20.79768015,86.52952178,0.00000000,102.63877193,0.00000000,0.00000000,94.69756566,107.32720193,101.68074366,1745.79450000,27285.46975424,9891.18697000
12,162,0.001000,0.447000,0.15998215,73.38196138,0.00000000,149.72681775,0.00000000,0.00000000,63.67817400,73.54194353,68.65710075,1244.73168631,26784.40694034,9891.18697000
12,163,0.000000,0.479000,0.00000000,107.32720193,0.00000000,131.75357034,0.00000000,0.00000000,94.69756566,107.32720193,101.68074366,1745.79450000,26784.40694014,9891.18697000
12,164,0.000000,0.466000,0.00000000,107.32720193,0.00000000,125.26494813,0.00000000,0.00000000,94.69756566,107.32720193,101.68074366,1745.79450000,26784.40693993,9891.18697000
12,165,0.000000,0.435000,0.00000000,106.72863180,0.00000000,110.39064990,0.00000000,0.00000000,94.69756566,106.72863180,101.68074366,1745.79450000,27133.56583977,7912.94957600
12,166,0.000000,0.421000,0.00000000,106.72863180,0.00000000,103.40290290,0.00000000,0.00000000,94.69756566,106.72863180,101.68074366,1745.79450000,27482.72473960,7912.94957600
12,167,0.000000,0.376000,0.00000000,106.72863180,0.00000000,80.94228756,0.00000000,0.00000000,94.69756566,106.72863180,101.68074366,1745.79450000,27831.88363944,7912.94957600
12,168,0.000000,0.352000,0.00000000,107.32720193,0.00000000,68.36472258,0.00000000,0.00000000,94.69756566,107.32720193,101.68074366,1745.79450000,27831.88363944,9891.18696884
12,169,0.000000,0.343000,0.00000000,57.67001469,0.00000000,113.52978675,0.00000000,0.00000000,49.73928100,57.67001469,53.75120360,1002.98064984,27438.22868911,7912.94957600
12,170,0.000000,0.286000,0.00000000,57.67001469,0.00000000,85.07967397,0.00000000,0.00000000,49.73928100,57.67001469,53.75120360,1002.98064984,27044.57373878,7912.94957600
12,171,0.000000,0.236000,0.00000000,72.94337341,0.00000000,44.85007597,0.00000000,0.00000000,63.67817400,72.94337341,68.65710075,1244.73168631,26892.66982493,7912.94957600
12,172,0.000000,0.192000,0.00000000,95.83195882,0.00000000,0.00000000,0.00000000,0.00000000,84.67503554,95.83195882,91.02477668,1587.43528705,27083.46951181,7912.94957600
12,173,0.000000,0.163000,0.00000000,81.35734004,0.00000000,0.00000000,0.00000000,0.00000000,71.38857048,81.35734004,76.87733067,1372.19004742,27059.02395907,7912.94957600
12,174,0.009000,0.150000,1.43983939,42.27342439,0.00000000,32.59529344,0.00000000,0.00000000,36.84682300,43.71326378,39.91750131,767.66957627,26293.19655345,8688.36816934
12,175,0.166000,0.286000,26.55703772,80.17159408,0.00000000,62.57809458,0.00000000,0.00000000,94.69756566,106.72863180,101.68074366,1745.79450000,26642.35545329,7912.94957600
12,176,0.367000,0.334000,58.71345087,48.01518093,0.00000000,118.69249744,0.00000000,0.00000000,94.69756566,106.72863180,101.68074366,1745.79450000,26991.51435313,7912.94957600
12,177,0.534000,0.306000,85.43047075,21.29816105,0.00000000,131.43402332,0.00000000,0.00000000,94.69756566,106.72863180,101.68074366,1745.79450000,27340.67325296,7912.94957600
12,178,0.651000,0.267000,0.00000000,73.54194353,104.14838288,59.72437420,0.00000000,0.00000000,63.67817400,73.54194353,68.65710075,1244.73168631,26839.61043907,9891.18697000
12,179,0.714000,0.229000,106.72863180,0.00000000,7.49862684,114.29957588,0.00000000,0.00000000,94.69756566,106.72863180,101.68074366,1745.79450000,27188.76933891,7912.94957600
12,180,0.722000,0.216000,72.94337341,0.00000000,42.56374248,107.81095367,0.00000000,0.00000000,63.67817400,72.94337341,68.65710075,1244.73168631,27036.86542505,7912.94957600
12,181,0.680000,0.222000,106.72863180,0.00000000,2.05923358,110.80570239,0.00000000,0.00000000,94.69756566,106.72863180,101.68074366,1745.79450000,27386.02432489,7912.94957600
12,182,0.594000,0.245000,95.02940005,12.29780188,0.00000000,109.98777058,0.00000000,0.00000000,94.69756566,107.32720193,101.68074366,1745.79450000,27386.02432468,9891.18697000
12,183,0.432000,0.302000,69.11229095,37.61634086,0.00000000,113.11934437,0.00000000,0.00000000,94.69756566,106.72863180,101.68074366,1745.79450000,27735.18322452,7912.94957600
12,184,0.237000,0.385000,2.39428050,0.00000000,35.52149023,192.16304243,0.00000000,0.00000000,0.00000000,2.39428050,0.00000000,0.00000000,26338.54762436,7912.94957600
12,185,0.089000,0.471000,14.23841179,92.49022001,0.00000000,142.59755397,0.00000000,0.00000000,94.69756566,106.72863180,101.68074366,1745.79450000,26687.70652419,7912.94957600
12,186,0.000000,0.528000,0.00000000,107.32720193,0.00000000,156.21068483,0.00000000,0.00000000,94.69756566,107.32720193,101.68074366,1745.79450000,26687.70652399,9891.18697000
12,187,0.000000,0.545000,0.00000000,106.72863180,0.00000000,165.29437631,0.00000000,0.00000000,94.69756566,106.72863180,101.68074366,1745.79450000,27036.86542382,7912.94957600
12,188,0.000000,0.596000,0.00000000,58.26858481,0.00000000,239.20978736,0.00000000,0.00000000,49.73928100,58.26858481,53.75120360,1002.98064984,26294.05157345,9891.18697000
12,189,0.000000,0.682000,0.00000000,89.29817159,0.00000000,251.10493214,0.00000000,0.00000000,78.66539600,89.29817159,84.63531998,1492.48099468,26389.89696796,7912.94957600
12,190,0.000000,0.714000,0.00000000,106.72863180,0.00000000,249.64646506,0.00000000,0.00000000,94.69756566,106.72863180,101.68074366,1745.79450000,26739.05586780,7912.94957600
12,191,0.000000,0.692000,0.00000000,72.94337341,0.00000000,272.45097817,0.00000000,0.00000000,63.67817400,72.94337341,68.65710075,1244.73168631,26587.15195395,7912.94957600
12,192,0.000000,0.655000,0.00000000,106.72863180,0.00000000,220.19810272,0.00000000,0.00000000,94.69756566,106.72863180,101.68074366,1745.79450000,26936.31085378,7912.94957600
12,193,0.000000,0.595000,0.00000000,106.72863180,0.00000000,190.25061558,0.00000000,0.00000000,94.69756566,106.72863180,101.68074366,1745.79450000,27285.46975362,7912.94957600
12,194,0.000000,0.549000,0.00000000,72.94337341,0.00000000,201.07613384,0.00000000,0.00000000,63.67817400,72.94337341,68.65710075,1244.73168631,27133.56583977,7912.94957600
12,195,0.000000,0.516000,0.00000000,106.72863180,0.00000000,150.81975753,0.00000000,0.00000000,94.69756566,106.72863180,101.68074366,1745.79450000,27482.72473960,7912.94957600
12,196,0.000000,0.461000,0.00000000,106.72863180,0.00000000,123.36789432,0.00000000,0.00000000,94.69756566,106.72863180,101.68074366,1745.79450000,27831.88363944,7912.94957600
12,197,0.000000,0.390000,0.00000000,73.54194353,0.00000000,121.11672282,0.00000000,0.00000000,63.67817400,73.54194353,68.65710075,1244.73168631,27330.82082555,9891.18697000
12,198,0.007000,0.355000,1.11987508,106.20732684,0.00000000,70.98197202,0.00000000,0.00000000,94.69756566,107.32720193,101.68074366,1745.79450000,27330.82082534,9891.18697000
12,199,0.146000,0.583000,23.35739462,83.96980730,0.00000000,207.01994266,0.00000000,0.00000000,94.69756566,107.32720193,101.68074366,1745.79450000,27330.82082514,9891.18697000
12,200,0.328000,0.650000,52.47414683,54.25448497,0.00000000,270.17662562,0.00000000,0.00000000,94.69756566,106.72863180,101.68074366,1745.79450000,27679.97972497,7912.94957600
12,201,0.492000,0.604000,73.54194353,0.00000000,5.16927671,301.47137046,0.00000000,0.00000000,63.67817400,73.54194353,68.65710075,1244.73168631,27178.91691108,9891.18697000
12,202,0.599000,0.538000,73.44730706,0.00000000,22.38200376,268.52913461,0.00000000,0.00000000,63.67817400,73.44730706,68.65710075,1244.73168631,26733.05759653,9578.41926834
12,203,0.660000,0.464000,105.58822228,1.73897965,0.00000000,229.85492083,0.00000000,0.00000000,94.69756566,107.32720193,101.68074366,1745.79450000,26733.05759632,9891.18697000
12,204,0.671000,0.388000,89.29817159,0.00000000,18.04985439,193.66041678,0.00000000,0.00000000,78.66539600,89.29817159,84.63531998,1492.48099468,26828.90299083,7912.94957600
12,205,0.640000,0.341000,102.38857918,4.34005262,0.00000000,165.86149924,0.00000000,0.00000000,94.69756566,106.72863180,101.68074366,1745.79450000,27178.06189067,7912.94957600
12,206,0.463000,0.339000,74.07173775,32.65689405,0.00000000,136.54640824,0.00000000,0.00000000,94.69756566,106.72863180,101.68074366,1745.79450000,27527.22079051,7912.94957600
12,207,0.307000,0.406000,49.11452157,9.15406324,0.00000000,193.49059968,0.00000000,0.00000000,49.73928100,58.26858481,53.75120360,1002.98064984,26784.40694014,9891.18697000
12,208,0.171000,0.534000,27.35694850,79.37168330,0.00000000,187.16095217,0.00000000,0.00000000,94.69756566,106.72863180,101.68074366,1745.79450000,27133.56583997,7912.94957600
12,209,0.063000,0.682000,10.07887576,96.64975604,0.00000000,243.75334769,0.00000000,0.00000000,94.69756566,106.72863180,101.68074366,1745.79450000,27482.72473981,7912.94957600
12,210,0.000000,0.763000,0.00000000,107.32720193,0.00000000,273.50500943,0.00000000,0.00000000,94.69756566,107.32720193,101.68074366,1745.79450000,27482.72473960,9891.18697000
12,211,0.000000,0.792000,0.00000000,106.72863180,0.00000000,288.57819833,0.00000000,0.00000000,94.69756566,106.72863180,101.68074366,1745.79450000,27831.88363944,7912.94957600
12,212,0.000000,0.841000,0.00000000,107.32720193,0.00000000,312.43674270,0.00000000,0.00000000,94.69756566,107.32720193,101.68074366,1745.79450000,27831.88363944,9891.18696884
12,213,0.000000,0.856000,0.00000000,73.54194353,0.00000000,353.70887287,0.00000000,0.00000000,63.67817400,73.54194353,68.65710075,1244.73168631,27330.82082555,9891.18697000
12,214,0.000000,0.831000,0.00000000,106.72863180,0.00000000,308.04406497,0.00000000,0.00000000,94.69756566,106.72863180,101.68074366,1745.79450000,27679.97972538,7912.94957600
12,215,0.000000,0.777000,0.00000000,72.94337341,0.00000000,314.87658494,0.00000000,0.00000000,63.67817400,72.94337341,68.65710075,1244.73168631,27528.07581153,7912.94957600
12,216,0.000000,0.719000,0.00000000,89.89674172,0.00000000,268.97397907,0.00000000,0.00000000,78.66539600,89.89674172,84.63531998,1492.48099468,27274.76230600,9891.18697000
12,217,0.000000,0.667000,0.00000000,106.72863180,0.00000000,226.18760014,0.00000000,0.00000000,94.69756566,106.72863180,101.68074366,1745.79450000,27623.92120584,7912.94957600
12,218,0.000000,0.613000,0.00000000,72.94337341,0.00000000,233.02012012,0.00000000,0.00000000,63.67817400,72.94337341,68.65710075,1244.73168631,27472.01729198,7912.94957600
12,219,0.000000,0.546000,0.00000000,106.72863180,0.00000000,165.79350109,0.00000000,0.00000000,94.69756566,106.72863180,101.68074366,1745.79450000,27821.17619182,7912.94957600
12,220,0.000000,0.444000,0.00000000,107.32720193,0.00000000,114.28420285,0.00000000,0.00000000,94.69756566,107.32720193,101.68074366,1745.79450000,27821.17619161,9891.18697000
12,221,0.000000,0.357000,0.00000000,107.32720193,0.00000000,70.86034651,0.00000000,0.00000000,94.69756566,107.32720193,101.68074366,1745.79450000,27821.17619141,9891.18697000
12,222,0.006000,0.308000,0.95989293,72.58205060,0.00000000,81.14838334,0.00000000,0.00000000,63.67817400,73.54194353,68.65710075,1244.73168631,27320.11337752,9891.18697000
12,223,0.152000,0.550000,24.31728755,82.41134425,0.00000000,192.10728779,0.00000000,0.00000000,94.69756566,106.72863180,101.68074366,1745.79450000,27669.27227735,7912.94957600
12,224,0.342000,0.627000,54.71389700,52.33453700,0.00000000,260.61670352,0.00000000,0.00000000,94.69756566,107.04843400,101.68074366,1745.79450000,27831.88363944,8969.87613548
12,225,0.492000,0.555000,78.71122024,28.61598168,0.00000000,248.39827428,0.00000000,0.00000000,94.69756566,107.32720193,101.68074366,1745.79450000,27831.88363923,9891.18697000
12,226,0.601000,0.460000,89.89674172,0.00000000,6.25253342,229.59740134,0.00000000,0.00000000,78.66539600,89.89674172,84.63531998,1492.48099468,27578.57013371,9891.18697000
12,227,0.681000,0.374000,107.30884593,0.00000000,1.63900160,186.67266979,0.00000000,0.00000000,94.69756566,107.30884593,101.68074366,1745.79450000,27589.27758256,9830.52153626
12,228,0.733000,0.326000,72.94337341,0.00000000,44.32354618,162.71468008,0.00000000,0.00000000,63.67817400,72.94337341,68.65710075,1244.73168631,27437.37366870,7912.94957600
12,229,0.724000,0.323000,106.72863180,0.00000000,9.09844839,161.21730572,0.00000000,0.00000000,94.69756566,106.72863180,101.68074366,1745.79450000,27786.53256854,7912.94957600
12,230,0.658000,0.361000,72.94337341,0.00000000,32.32488456,180.18404757,0.00000000,0.00000000,63.67817400,72.94337341,68.65710075,1244.73168631,27634.62865469,7912.94957600
12,231,0.543000,0.437000,86.87031015,20.45689178,0.00000000,197.66063949,0.00000000,0.00000000,94.69756566,107.32720193,101.68074366,1745.79450000,27634.62865448,9891.18697000
12,232,0.365000,0.550000,58.39348656,14.54988685,0.00000000,259.96874519,0.00000000,0.00000000,63.67817400,72.94337341,68.65710075,1244.73168631,27482.72474063,7912.94957600
12,233,0.146000,0.682000,23.35739462,83.96980730,0.00000000,256.43329643,0.00000000,0.00000000,94.69756566,107.32720193,101.68074366,1745.79450000,27482.72474042,9891.18697000
12,234,0.004000,0.771000,0.63992862,106.68727331,0.00000000,278.13793633,0.00000000,0.00000000,94.69756566,107.32720193,101.68074366,1745.79450000,27482.72474022,9891.18697000
12,235,0.000000,0.780000,0.00000000,106.72863180,0.00000000,282.58870091,0.00000000,0.00000000,94.69756566,106.72863180,101.68074366,1745.79450000,27831.88364005,7912.94957600
12,236,0.000000,0.799000,0.00000000,107.32720193,0.00000000,291.47350171,0.00000000,0.00000000,94.69756566,107.32720193,101.68074366,1745.79450000,27831.88363985,9891.18697000
12,237,0.000000,0.827000,0.00000000,107.32720193,0.00000000,305.44899570,0.00000000,0.00000000,94.69756566,107.32720193,101.68074366,1745.79450000,27831.88363964,9891.18697000
12,238,0.000000,0.800000,0.00000000,107.32720193,0.00000000,291.97262649,0.00000000,0.00000000,94.69756566,107.32720193,101.68074366,1745.79450000,27831.88363944,9891.18697000
12,239,0.000000,0.718000,0.00000000,30.97213435,0.00000000,327.39946165,0.00000000,0.00000000,25.00174700,30.97213435,27.15938231,539.40882693,26625.49796616,9891.18697000
12,240,0.000000,0.624000,0.00000000,106.72863180,0.00000000,204.72523436,0.00000000,0.00000000,94.69756566,106.72863180,101.68074366,1745.79450000,26974.65686600,7912.94957600
12,241,0.000000,0.526000,0.00000000,73.54194353,0.00000000,188.99769365,0.00000000,0.00000000,63.67817400,73.54194353,68.65710075,1244.73168631,26473.59405210,9891.18697000
12,242,0.000000,0.420000,0.00000000,107.32720193,0.00000000,102.30520799,0.00000000,0.00000000,94.69756566,107.32720193,101.68074366,1745.79450000,26473.59405190,9891.18697000
12,243,0.000000,0.332000,0.00000000,73.54194353,0.00000000,92.16748526,0.00000000,0.00000000,63.67817400,73.54194353,68.65710075,1244.73168631,25972.53123800,9891.18697000
12,244,0.000000,0.287000,0.00000000,106.87211539,0.00000000,36.37669805,0.00000000,0.00000000,94.69756566,106.87211539,101.68074366,1745.79450000,26237.99305432,8387.15401522
12,245,0.000000,0.259000,0.00000000,106.72863180,0.00000000,22.54468765,0.00000000,0.00000000,94.69756566,106.72863180,101.68074366,1745.79450000,26587.15195415,7912.94957600
12,246,0.011000,0.253000,1.75980370,104.96882810,0.00000000,21.30974264,0.00000000,0.00000000,94.69756566,106.72863180,101.68074366,1745.79450000,26936.31085399,7912.94957600
12,247,0.188000,0.494000,30.07664513,76.65198667,0.00000000,169.91565738,0.00000000,0.00000000,94.69756566,106.72863180,101.68074366,1745.79450000,27285.46975383,7912.94957600
12,248,0.394000,0.519000,63.03296906,10.50897448,0.00000000,248.53678921,0.00000000,0.00000000,63.67817400,73.54194353,68.65710075,1244.73168631,26784.40693993,9891.18697000
12,249,0.561000,0.448000,89.74998894,16.97864286,0.00000000,206.62926105,0.00000000,0.00000000,94.69756566,106.72863180,101.68074366,1745.79450000,27133.56583977,7912.94957600
12,250,0.671000,0.386000,106.72863180,0.00000000,0.61939418,192.66216721,0.00000000,0.00000000,94.69756566,106.72863180,101.68074366,1745.79450000,27482.72473960,7912.94957600
12,251,0.730000,0.341000,106.72863180,0.00000000,10.05834132,170.20155186,0.00000000,0.00000000,94.69756566,106.72863180,101.68074366,1745.79450000,27831.88363944,7912.94957600
12,252,0.746000,0.323000,107.32720193,0.00000000,12.01948568,161.21730572,0.00000000,0.00000000,94.69756566,107.32720193,101.68074366,1745.79450000,27831.88363944,9891.18696884
12,253,0.721000,0.332000,107.32720193,0.00000000,8.01993180,165.70942879,0.00000000,0.00000000,94.69756566,107.32720193,101.68074366,1745.79450000,27831.88363944,9891.18696884
12,254,0.651000,0.368000,2.39428050,0.00000000,101.75410238,183.67792107,0.00000000,0.00000000,0.00000000,2.39428050,0.00000000,0.00000000,26435.24803928,7912.94957600
12,255,0.532000,0.442000,85.11050644,21.61812536,0.00000000,198.99502984,0.00000000,0.00000000,94.69756566,106.72863180,101.68074366,1745.79450000,26784.40693911,7912.94957600
12,256,0.360000,0.529000,57.59357579,49.13505601,0.00000000,214.90195553,0.00000000,0.00000000,94.69756566,106.72863180,101.68074366,1745.79450000,27133.56583895,7912.94957600
12,257,0.166000,0.599000,26.55703772,80.17159408,0.00000000,218.80415245,0.00000000,0.00000000,94.69756566,106.72863180,101.68074366,1745.79450000,27482.72473878,7912.94957600
12,258,0.004000,0.636000,0.63992862,72.30344479,0.00000000,245.13991880,0.00000000,0.00000000,63.67817400,72.94337341,68.65710075,1244.73168631,27330.82082493,7912.94957600
12,259,0.000000,0.630000,0.00000000,106.96187056,0.00000000,207.48674432,0.00000000,0.00000000,94.69756566,106.96187056,101.68074366,1745.79450000,27543.92651083,8683.78931500
12,260,0.000000,0.625000,0.00000000,72.94337341,0.00000000,239.00961754,0.00000000,0.00000000,63.67817400,72.94337341,68.65710075,1244.73168631,27392.02259698,7912.94957600
12,261,0.000000,0.627000,0.00000000,106.72863180,0.00000000,206.22260872,0.00000000,0.00000000,94.69756566,106.72863180,101.68074366,1745.79450000,27741.18149682,7912.94957600
12,262,0.000000,0.641000,0.00000000,73.54194353,0.00000000,246.39704399,0.00000000,0.00000000,63.67817400,73.54194353,68.65710075,1244.73168631,27240.11868292,9891.18697000
12,263,0.000000,0.638000,0.00000000,107.32720193,0.00000000,211.11441124,0.00000000,0.00000000,94.69756566,107.32720193,101.68074366,1745.79450000,27240.11868272,9891.18697000
12,264,0.000000,0.594000,0.00000000,106.72863180,0.00000000,189.75149080,0.00000000,0.00000000,94.69756566,106.72863180,101.68074366,1745.79450000,27589.27758256,7912.94957600
12,265,0.000000,0.525000,0.00000000,72.94337341,0.00000000,189.09713899,0.00000000,0.00000000,63.67817400,72.94337341,68.65710075,1244.73168631,27437.37366870,7912.94957600
12,266,0.000000,0.465000,0.00000000,107.32720193,0.00000000,124.76582334,0.00000000,0.00000000,94.69756566,107.32720193,101.68074366,1745.79450000,27437.37366850,9891.18697000
12,267,0.000000,0.441000,0.00000000,107.32720193,0.00000000,112.78682849,0.00000000,0.00000000,94.69756566,107.32720193,101.68074366,1745.79450000,27437.37366829,9891.18697000
12,268,0.000000,0.414000,0.00000000,107.32720193,0.00000000,99.31045928,0.00000000,0.00000000,94.69756566,107.32720193,101.68074366,1745.79450000,27437.37366809,9891.18697000
12,269,0.000000,0.422000,0.00000000,107.32720193,0.00000000,103.30345756,0.00000000,0.00000000,94.69756566,107.32720193,101.68074366,1745.79450000,27437.37366788,9891.18697000
12,270,0.013000,0.425000,2.07976801,70.86360539,0.00000000,141.26442845,0.00000000,0.00000000,63.67817400,72.94337341,68.65710075,1244.73168631,27285.46975403,7912.94957600
12,271,0.194000,0.630000,31.03653806,76.29066386,0.00000000,238.15795102,0.00000000,0.00000000,94.69756566,107.32720193,101.68074366,1745.79450000,27285.46975383,9891.18697000
12,272,0.402000,0.661000,0.00000000,72.94337341,64.31282630,256.97810982,0.00000000,0.00000000,63.67817400,72.94337341,68.65710075,1244.73168631,27133.56583997,7912.94957600
12,273,0.563000,0.604000,90.06995325,16.65867856,0.00000000,284.81269190,0.00000000,0.00000000,94.69756566,106.72863180,101.68074366,1745.79450000,27482.72473981,7912.94957600
12,274,0.667000,0.544000,106.70809736,0.02053444,0.00000000,271.50334889,0.00000000,0.00000000,94.69756566,106.72863180,101.68074366,1745.79450000,27831.88363964,7912.94957600
12,275,0.727000,0.498000,107.32720193,0.00000000,8.97982473,248.56414319,0.00000000,0.00000000,94.69756566,107.32720193,101.68074366,1745.79450000,27831.88363944,9891.18697000
12,276,0.742000,0.476000,107.32720192,0.00000000,11.37955706,237.58339791,0.00000000,0.00000000,94.69756566,107.32720192,101.68074366,1745.79450000,27831.88364005,9891.18696535
12,277,0.718000,0.476000,107.32720193,0.00000000,7.53998534,237.58339791,0.00000000,0.00000000,94.69756566,107.32720193,101.68074366,1745.79450000,27831.88363985,9891.18697000
12,278,0.651000,0.490000,104.14838288,3.17881904,0.00000000,241.39232586,0.00000000,0.00000000,94.69756566,107.32720193,101.68074366,1745.79450000,27831.88363964,9891.18697000
12,279,0.539000,0.515000,86.23038153,21.09682040,0.00000000,235.95244414,0.00000000,0.00000000,94.69756566,107.32720193,101.68074366,1745.79450000,27831.88363944,9891.18697000
12,280,0.386000,0.559000,0.00000000,72.94337341,61.75311182,206.06738170,0.00000000,0.00000000,63.67817400,72.94337341,68.65710075,1244.73168631,27679.97972559,7912.94957600
12,281,0.187000,0.637000,2.39428050,0.00000000,27.52238248,317.94248838,0.00000000,0.00000000,0.00000000,2.39428050,0.00000000,0.00000000,26283.34412542,7912.94957600
12,282,0.006000,0.708000,0.95989293,105.76873887,0.00000000,247.61160928,0.00000000,0.00000000,94.69756566,106.72863180,101.68074366,1745.79450000,26632.50302526,7912.94957600
12,283,0.000000,0.729000,0.00000000,106.72863180,0.00000000,257.13333684,0.00000000,0.00000000,94.69756566,106.72863180,101.68074366,1745.79450000,26981.66192510,7912.94957600
12,284,0.000000,0.782000,0.00000000,106.72863180,0.00000000,283.58695048,0.00000000,0.00000000,94.69756566,106.72863180,101.68074366,1745.79450000,27330.82082493,7912.94957600
12,285,0.000000,0.839000,0.00000000,72.94337341,0.00000000,345.82232164,0.00000000,0.00000000,63.67817400,72.94337341,68.65710075,1244.73168631,27178.91691108,7912.94957600
12,286,0.000000,0.870000,0.00000000,106.72863180,0.00000000,327.50993160,0.00000000,0.00000000,94.69756566,106.72863180,101.68074366,1745.79450000,27528.07581091,7912.94957600
12,287,0.000000,0.829000,0.00000000,107.32720193,0.00000000,306.44724527,0.00000000,0.00000000,94.69756566,107.32720193,101.68074366,1745.79450000,27528.07581071,9891.18697000
12,288,0.000000,0.768000,0.00000000,72.94337341,0.00000000,310.38446187,0.00000000,0.00000000,63.67817400,72.94337341,68.65710075,1244.73168631,27376.17189686,7912.94957600
12,289,0.000000,0.698000,0.00000000,106.72863180,0.00000000,241.66046849,0.00000000,0.00000000,94.69756566,106.72863180,101.68074366,1745.79450000,27725.33079669,7912.94957600
12,290,0.000000,0.626000,0.00000000,73.34238764,0.00000000,239.10972810,0.00000000,0.00000000,63.67817400,73.34238764,68.65710075,1244.73168631,27340.67325378,9231.66702109
12,291,0.000000,0.513000,0.00000000,106.72863180,0.00000000,149.32238317,0.00000000,0.00000000,94.69756566,106.72863180,101.68074366,1745.79450000,27689.83215362,7912.94957600
12,292,0.000000,0.421000,0.00000000,73.54194353,0.00000000,136.58959117,0.00000000,0.00000000,63.67817400,73.54194353,68.65710075,1244.73168631,27188.76933973,9891.18697000
12,293,0.000000,0.355000,0.00000000,58.26858481,0.00000000,118.92071405,0.00000000,0.00000000,49.73928100,58.26858481,53.75120360,1002.98064984,26445.95548936,9891.18697000
12,294,0.015000,0.305000,2.39973232,104.92746960,0.00000000,47.30558998,0.00000000,0.00000000,94.69756566,107.32720193,101.68074366,1745.79450000,26445.95548915,9891.18697000
12,295,0.206000,0.547000,32.95632392,39.98704949,0.00000000,233.03420819,0.00000000,0.00000000,63.67817400,72.94337341,68.65710075,1244.73168631,26294.05157530,7912.94957600
12,296,0.411000,0.590000,65.75266569,40.97596611,0.00000000,253.50765735,0.00000000,0.00000000,94.69756566,106.72863180,101.68074366,1745.79450000,26643.21047513,7912.94957600
12,297,0.566000,0.488000,90.54989971,16.77730222,0.00000000,226.79559312,0.00000000,0.00000000,94.69756566,107.32720193,101.68074366,1745.79450000,26643.21047493,9891.18697000
12,298,0.672000,0.398000,72.94337341,0.00000000,34.56463473,198.65166464,0.00000000,0.00000000,63.67817400,72.94337341,68.65710075,1244.73168631,26491.30656108,7912.94957600
12,299,0.734000,0.328000,106.72863180,0.00000000,10.69826994,163.71292965,0.00000000,0.00000000,94.69756566,106.72863180,101.68074366,1745.79450000,26840.46546091,7912.94957600
12,300,0.749000,0.289000,106.72863180,0.00000000,13.09800227,144.24706302,0.00000000,0.00000000,94.69756566,106.72863180,101.68074366,1745.79450000,27189.62436075,7912.94957600
12,301,0.724000,0.284000,2.39428050,0.00000000,113.43279969,141.75143909,0.00000000,0.00000000,0.00000000,2.39428050,0.00000000,0.00000000,25792.98876058,7912.94957600
12,302,0.655000,0.320000,104.78831150,1.94032030,0.00000000,157.77961107,0.00000000,0.00000000,94.69756566,106.72863180,101.68074366,1745.79450000,26142.14766042,7912.94957600
12,303,0.542000,0.395000,86.71032799,20.01830381,0.00000000,177.13598647,0.00000000,0.00000000,94.69756566,106.72863180,101.68074366,1745.79450000,26491.30656026,7912.94957600
12,304,0.351000,0.519000,56.15373639,51.17346553,0.00000000,207.87229815,0.00000000,0.00000000,94.69756566,107.32720193,101.68074366,1745.79450000,26491.30656005,9891.18697000
12,305,0.129000,0.686000,20.63769799,86.09093381,0.00000000,256.30866906,0.00000000,0.00000000,94.69756566,106.72863180,101.68074366,1745.79450000,26840.46545989,7912.94957600
12,306,0.002000,0.799000,0.31996431,106.40866749,0.00000000,292.39203614,0.00000000,0.00000000,94.69756566,106.72863180,101.68074366,1745.79450000,27189.62435972,7912.94957600
12,307,0.000000,0.829000,0.00000000,107.32720193,0.00000000,306.44724527,0.00000000,0.00000000,94.69756566,107.32720193,101.68074366,1745.79450000,27189.62435952,9891.18697000
12,308,0.000000,0.849000,0.00000000,73.54194353,0.00000000,350.21499937,0.00000000,0.00000000,63.67817400,73.54194353,68.65710075,1244.73168631,26688.56154563,9891.18697000
12,309,0.000000,0.866000,0.00000000,106.72863180,0.00000000,325.51343246,0.00000000,0.00000000,94.69756566,106.72863180,101.68074366,1745.79450000,27037.72044546,7912.94957600
12,310,0.000000,0.842000,0.00000000,107.32720193,0.00000000,312.93586748,0.00000000,0.00000000,94.69756566,107.32720193,101.68074366,1745.79450000,27037.72044526,9891.18697000
12,311,0.000000,0.786000,0.00000000,89.29817159,0.00000000,303.01390983,0.00000000,0.00000000,78.66539600,89.29817159,84.63531998,1492.48099468,27133.56583977,7912.94957600
12,312,0.000000,0.710000,0.00000000,106.72863180,0.00000000,247.64996592,0.00000000,0.00000000,94.69756566,106.72863180,101.68074366,1745.79450000,27482.72473960,7912.94957600
12,313,0.000000,0.618000,0.00000000,106.72863180,0.00000000,201.73048565,0.00000000,0.00000000,94.69756566,106.72863180,101.68074366,1745.79450000,27831.88363944,7912.94957600
12,314,0.000000,0.519000,0.00000000,72.94337341,0.00000000,186.10239028,0.00000000,0.00000000,63.67817400,72.94337341,68.65710075,1244.73168631,27679.97972559,7912.94957600
12,315,0.000000,0.432000,0.00000000,107.32720193,0.00000000,108.29470542,0.00000000,0.00000000,94.69756566,107.32720193,101.68074366,1745.79450000,27679.97972538,9891.18697000
12,316,0.000000,0.332000,0.00000000,107.06678999,0.00000000,58.64263880,0.00000000,0.00000000,94.69756566,107.06678999,101.68074366,1745.79450000,27831.88363964,9030.54156225
12,317,0.000000,0.288000,0.00000000,107.32720193,0.00000000,36.42073630,0.00000000,0.00000000,94.69756566,107.32720193,101.68074366,1745.79450000,27831.88363944,9891.18697000
12,318,0.010000,0.258000,1.59982155,105.72738038,0.00000000,23.04681429,0.00000000,0.00000000,94.69756566,107.32720193,101.68074366,1745.79450000,27831.88363923,9891.18697000
12,319,0.174000,0.470000,27.83689496,79.49030696,0.00000000,155.09834223,0.00000000,0.00000000,94.69756566,107.32720193,101.68074366,1745.79450000,27831.88363903,9891.18697000
12,320,0.364000,0.541000,58.23350441,49.09369752,0.00000000,220.93281145,0.00000000,0.00000000,94.69756566,107.32720193,101.68074366,1745.79450000,27831.88363882,9891.18697000
12,321,0.517000,0.510000,82.71077412,24.61642781,0.00000000,229.93721281,0.00000000,0.00000000,94.69756566,107.32720193,101.68074366,1745.79450000,27831.88363862,9891.18697000
12,322,0.622000,0.470000,99.50890039,7.81830154,0.00000000,226.77034766,0.00000000,0.00000000,94.69756566,107.32720193,101.68074366,1745.79450000,27831.88363841,9891.18697000
12,323,0.680000,0.432000,107.32720193,0.00000000,1.46066345,215.62190735,0.00000000,0.00000000,94.69756566,107.32720193,101.68074366,1745.79450000,27831.88363821,9891.18697000
12,324,0.689000,0.422000,107.32720193,0.00000000,2.90050285,210.63065949,0.00000000,0.00000000,94.69756566,107.32720193,101.68074366,1745.79450000,27831.88363800,9891.18697000
12,325,0.658000,0.432000,105.26825797,2.05894396,0.00000000,213.56296339,0.00000000,0.00000000,94.69756566,107.32720193,101.68074366,1745.79450000,27831.88363780,9891.18697000
12,326,0.598000,0.466000,95.66932867,11.65787326,0.00000000,220.93427680,0.00000000,0.00000000,94.69756566,107.32720193,101.68074366,1745.79450000,27831.88363759,9891.18697000
12,327,0.493000,0.510000,78.87120240,28.45599953,0.00000000,226.09764109,0.00000000,0.00000000,94.69756566,107.32720193,101.68074366,1745.79450000,27831.88363739,9891.18697000
12,328,0.337000,0.559000,53.91398622,53.41321570,0.00000000,225.59753941,0.00000000,0.00000000,94.69756566,107.32720192,101.68074366,1745.79450000,27831.88363944,9891.18695722
12,329,0.158000,0.602000,25.27718048,48.26476305,0.00000000,252.20835783,0.00000000,0.00000000,63.67817400,73.54194353,68.65710075,1244.73168631,27330.82082555,9891.18697000
12,330,0.005000,0.621000,0.79991077,106.52729115,0.00000000,203.42920066,0.00000000,0.00000000,94.69756566,107.32720193,101.68074366,1745.79450000,27330.82082534,9891.18697000
12,331,0.000000,0.597000,0.00000000,58.26858481,0.00000000,239.70891214,0.00000000,0.00000000,49.73928100,58.26858481,53.75120360,1002.98064984,26588.00697497,9891.18697000
12,332,0.000000,0.584000,0.00000000,106.72863180,0.00000000,184.76024294,0.00000000,0.00000000,94.69756566,106.72863180,101.68074366,1745.79450000,26937.16587481,7912.94957600
12,333,0.000000,0.586000,0.00000000,106.72863180,0.00000000,185.75849252,0.00000000,0.00000000,94.69756566,106.72863180,101.68074366,1745.79450000,27286.32477464,7912.94957600
12,334,0.000000,0.547000,0.00000000,107.32720193,0.00000000,165.69405575,0.00000000,0.00000000,94.69756566,107.32720193,101.68074366,1745.79450000,27286.32477444,9891.18697000
12,335,0.000000,0.487000,0.00000000,73.36074363,0.00000000,169.71302692,0.00000000,0.00000000,63.67817400,73.36074363,68.65710075,1244.73168631,26890.95978268,9292.33245366
12,336,0.000000,0.395000,0.00000000,72.94337341,0.00000000,124.21091687,0.00000000,0.00000000,63.67817400,72.94337341,68.65710075,1244.73168631,26739.05586883,7912.94957600
12,337,0.000000,0.315000,0.00000000,106.72863180,0.00000000,50.49567564,0.00000000,0.00000000,94.69756566,106.72863180,101.68074366,1745.79450000,27088.21476866,7912.94957600
12,338,0.000000,0.281000,0.00000000,107.32720193,0.00000000,32.92686281,0.00000000,0.00000000,94.69756566,107.32720193,101.68074366,1745.79450000,27088.21476846,9891.18697000
12,339,0.000000,0.261000,0.00000000,107.32720193,0.00000000,22.94436710,0.00000000,0.00000000,94.69756566,107.32720193,101.68074366,1745.79450000,27088.21476825,9891.18697000
12,340,0.000000,0.241000,0.00000000,106.72863180,0.00000000,13.56044151,0.00000000,0.00000000,94.69756566,106.72863180,101.68074366,1745.79450000,27437.37366809,7912.94957600
12,341,0.000000,0.231000,0.00000000,73.54194353,0.00000000,41.75588192,0.00000000,0.00000000,63.67817400,73.54194353,68.65710075,1244.73168631,26936.31085419,9891.18697000
12,342,0.011000,0.239000,1.75980370,104.96882810,0.00000000,14.32199564,0.00000000,0.00000000,94.69756566,106.72863180,101.68074366,1745.79450000,27285.46975403,7912.94957600
12,343,0.185000,0.345000,0.00000000,73.54194353,29.59669867,98.65610747,0.00000000,0.00000000,63.67817400,73.54194353,68.65710075,1244.73168631,26784.40694014,9891.18697000
12,344,0.392000,0.418000,62.71300475,44.01562705,0.00000000,164.61853329,0.00000000,0.00000000,94.69756566,106.72863180,101.68074366,1745.79450000,27133.56583997,7912.94957600
12,345,0.551000,0.439000,88.15016739,19.17703454,0.00000000,199.93874630,0.00000000,0.00000000,94.69756566,107.32720193,101.68074366,1745.79450000,27133.56583977,9891.18697000
12,346,0.661000,0.466000,105.74820443,0.98042737,0.00000000,231.61172268,0.00000000,0.00000000,94.69756566,106.72863180,101.68074366,1745.79450000,27482.72473960,7912.94957600
12,347,0.718000,0.489000,106.72863180,0.00000000,8.13855546,244.07202012,0.00000000,0.00000000,94.69756566,106.72863180,101.68074366,1745.79450000,27831.88363944,7912.94957600
12,348,0.730000,0.506000,107.32720193,0.00000000,9.45977120,252.55714147,0.00000000,0.00000000,94.69756566,107.32720193,101.68074366,1745.79450000,27831.88363923,9891.18697000
12,349,0.693000,0.539000,89.79110065,0.00000000,21.07653274,269.02825940,0.00000000,0.00000000,78.66539600,89.79110065,84.63531998,1492.48099468,27640.19285144,9542.04975903
12,350,0.608000,0.586000,89.89674172,0.00000000,7.37240850,292.48712432,0.00000000,0.00000000,78.66539600,89.89674172,84.63531998,1492.48099468,27386.87934591,9891.18697000
12,351,0.487000,0.621000,77.91130947,11.38686212,0.00000000,298.56962969,0.00000000,0.00000000,78.66539600,89.29817159,84.63531998,1492.48099468,27482.72474042,7912.94957600
12,352,0.328000,0.650000,52.47414683,54.85305510,0.00000000,269.57805549,0.00000000,0.00000000,94.69756566,107.32720193,101.68074366,1745.79450000,27482.72474022,9891.18697000
12,353,0.142000,0.666000,22.71746601,84.60973592,0.00000000,247.80737124,0.00000000,0.00000000,94.69756566,107.32720193,101.68074366,1745.79450000,27482.72474001,9891.18697000
12,354,0.003000,0.629000,0.47994646,106.84725546,0.00000000,207.10223463,0.00000000,0.00000000,94.69756566,107.32720193,101.68074366,1745.79450000,27482.72473981,9891.18697000
12,355,0.000000,0.538000,0.00000000,107.32720193,0.00000000,161.20193269,0.00000000,0.00000000,94.69756566,107.32720193,101.68074366,1745.79450000,27482.72473960,9891.18697000
12,356,0.000000,0.538000,0.00000000,106.72863180,0.00000000,161.80050281,0.00000000,0.00000000,94.69756566,106.72863180,101.68074366,1745.79450000,27831.88363944,7912.94957600
12,357,0.000000,0.525000,0.00000000,107.32720193,0.00000000,154.71331047,0.00000000,0.00000000,94.69756566,107.32720193,101.68074366,1745.79450000,27831.88363944,9891.18696884
12,358,0.000000,0.599000,0.00000000,73.54194353,0.00000000,225.43380299,0.00000000,0.00000000,63.67817400,73.54194353,68.65710075,1244.73168631,27330.82082555,9891.18697000
12,359,0.000000,0.573000,0.00000000,107.32720193,0.00000000,178.67130018,0.00000000,0.00000000,94.69756566,107.32720193,101.68074366,1745.79450000,27330.82082534,9891.18697000
12,360,0.000000,0.491000,0.00000000,106.72863180,0.00000000,138.34163789,0.00000000,0.00000000,94.69756566,106.72863180,101.68074366,1745.79450000,27679.97972518,7912.94957600
12,361,0.000000,0.424000,0.00000000,72.94337341,0.00000000,138.68553565,0.00000000,0.00000000,63.67817400,72.94337341,68.65710075,1244.73168631,27528.07581132,7912.94957600
12,362,0.000000,0.384000,0.00000000,107.04843400,0.00000000,84.61548364,0.00000000,0.00000000,94.69756566,107.04843400,101.68074366,1745.79450000,27690.68717382,8969.87613316
12,363,0.000000,0.352000,0.00000000,107.32720193,0.00000000,68.36472258,0.00000000,0.00000000,94.69756566,107.32720193,101.68074366,1745.79450000,27690.68717362,9891.18697000
12,364,0.000000,0.359000,0.00000000,107.32720193,0.00000000,71.85859608,0.00000000,0.00000000,94.69756566,107.32720193,101.68074366,1745.79450000,27690.68717341,9891.18697000
12,365,0.000000,0.380000,0.00000000,72.94337341,0.00000000,116.72404509,0.00000000,0.00000000,63.67817400,72.94337341,68.65710075,1244.73168631,27538.78325956,7912.94957600
12,366,0.010000,0.408000,1.59982155,71.94212198,0.00000000,131.70079051,0.00000000,0.00000000,63.67817400,73.54194353,68.65710075,1244.73168631,27037.72044567,9891.18697000
12,367,0.182000,0.630000,29.11675220,78.21044972,0.00000000,236.23816516,0.00000000,0.00000000,94.69756566,107.32720193,101.68074366,1745.79450000,27037.72044546,9891.18697000
12,368,0.381000,0.730000,60.95320104,45.77543076,0.00000000,318.58566267,0.00000000,0.00000000,94.69756566,106.72863180,101.68074366,1745.79450000,27386.87934530,7912.94957600
12,369,0.539000,0.723000,86.23038153,3.66636019,0.00000000,357.20085974,0.00000000,0.00000000,78.66539600,89.89674172,84.63531998,1492.48099468,27133.56583977,9891.18697000
12,370,0.644000,0.690000,103.02850780,3.70012400,0.00000000,340.69597801,0.00000000,0.00000000,94.69756566,106.72863180,101.68074366,1745.79450000,27482.72473960,7912.94957600
12,371,0.700000,0.666000,106.72863180,0.00000000,5.25887668,332.41710716,0.00000000,0.00000000,94.69756566,106.72863180,101.68074366,1745.79450000,27831.88363944,7912.94957600
12,372,0.711000,0.661000,0.00000000,30.97213435,113.74731218,298.94934888,0.00000000,0.00000000,25.00174700,30.97213435,27.15938231,539.40882693,26625.49796616,9891.18697000
12,373,0.683000,0.672000,106.72863180,0.00000000,2.53918004,335.41185587,0.00000000,0.00000000,94.69756566,106.72863180,101.68074366,1745.79450000,26974.65686600,7912.94957600
12,374,0.615000,0.698000,89.29817159,0.00000000,9.09085371,348.38910029,0.00000000,0.00000000,78.66539600,89.29817159,84.63531998,1492.48099468,27070.50226051,7912.94957600
12,375,0.500000,0.729000,79.99107748,27.33612444,0.00000000,336.52584420,0.00000000,0.00000000,94.69756566,107.32720193,101.68074366,1745.79450000,27070.50226030,9891.18697000
12,376,0.343000,0.759000,54.87387915,52.45332277,0.00000000,326.38238944,0.00000000,0.00000000,94.69756566,107.32720193,101.68074366,1745.79450000,27070.50226010,9891.18697000
12,377,0.155000,0.787000,24.79723402,82.52996791,0.00000000,310.28123830,0.00000000,0.00000000,94.69756566,107.32720193,101.68074366,1745.79450000,27070.50225989,9891.18697000
12,378,0.003000,0.790000,0.47994646,106.84725546,0.00000000,287.46132510,0.00000000,0.00000000,94.69756566,107.32720193,101.68074366,1745.79450000,27070.50225969,9891.18697000
12,379,0.000000,0.761000,0.00000000,106.72863180,0.00000000,273.10532998,0.00000000,0.00000000,94.69756566,106.72863180,101.68074366,1745.79450000,27419.66115952,7912.94957600
12,380,0.000000,0.781000,0.00000000,106.72863180,0.00000000,283.08782569,0.00000000,0.00000000,94.69756566,106.72863180,101.68074366,1745.79450000,27768.82005936,7912.94957600
12,381,0.000000,0.794000,0.00000000,107.32720193,0.00000000,288.97787778,0.00000000,0.00000000,94.69756566,107.32720193,101.68074366,1745.79450000,27768.82005915,9891.18697000
12,382,0.000000,0.768000,0.00000000,107.32720193,0.00000000,276.00063336,0.00000000,0.00000000,94.69756566,107.32720193,101.68074366,1745.79450000,27768.82005895,9891.18697000
12,383,0.000000,0.713000,0.00000000,107.32720193,0.00000000,248.54877015,0.00000000,0.00000000,94.69756566,107.32720193,101.68074366,1745.79450000,27768.82005874,9891.18697000
12,384,0.000000,0.635000,0.00000000,72.94337341,0.00000000,244.00086540,0.00000000,0.00000000,63.67817400,72.94337341,68.65710075,1244.73168631,27616.91614489,7912.94957600
12,385,0.000000,0.566000,0.00000000,106.95867883,0.00000000,175.54594978,0.00000000,0.00000000,94.69756566,106.95867883,101.68074366,1745.79450000,27831.88363944,8673.24082409
12,386,0.000000,0.525000,0.00000000,30.97213435,0.00000000,231.06837805,0.00000000,0.00000000,25.00174700,30.97213435,27.15938231,539.40882693,26625.49796616,9891.18697000
12,387,0.000000,0.488000,0.00000000,106.72863180,0.00000000,136.84426353,0.00000000,0.00000000,94.69756566,106.72863180,101.68074366,1745.79450000,26974.65686600,7912.94957600
12,388,0.000000,0.439000,0.00000000,72.94337341,0.00000000,146.17240744,0.00000000,0.00000000,63.67817400,72.94337341,68.65710075,1244.73168631,26822.75295214,7912.94957600
12,389,0.000000,0.407000,0.00000000,107.32720193,0.00000000,95.81658578,0.00000000,0.00000000,94.69756566,107.32720193,101.68074366,1745.79450000,26822.75295194,9891.18697000
12,390,0.010000,0.402000,1.59982155,105.12881025,0.00000000,95.51935353,0.00000000,0.00000000,94.69756566,106.72863180,101.68074366,1745.79450000,27171.91185177,7912.94957600
12,391,0.177000,0.638000,28.31684143,79.01036050,0.00000000,239.43125267,0.00000000,0.00000000,94.69756566,107.32720193,101.68074366,1745.79450000,27171.91185157,9891.18697000
12,392,0.373000,0.696000,59.67334380,47.65385812,0.00000000,299.73699260,0.00000000,0.00000000,94.69756566,107.32720193,101.68074366,1745.79450000,27171.91185136,9891.18697000
12,393,0.535000,0.636000,85.59045291,4.10207540,0.00000000,313.34128819,0.00000000,0.00000000,78.66539600,89.69252830,84.63531998,1492.48099468,27037.72044567,9216.27422308
12,394,0.660000,0.562000,105.58822228,1.73897965,0.00000000,278.76914981,0.00000000,0.00000000,94.69756566,107.32720193,101.68074366,1745.79450000,27037.72044546,9891.18697000
12,395,0.721000,0.503000,0.00000000,89.29817159,115.34713373,161.76159553,0.00000000,0.00000000,78.66539600,89.29817159,84.63531998,1492.48099468,27133.56583997,7912.94957600
12,396,0.738000,0.479000,107.32720193,0.00000000,10.73962844,239.08077227,0.00000000,0.00000000,94.69756566,107.32720193,101.68074366,1745.79450000,27133.56583977,9891.18697000
12,397,0.712000,0.486000,106.72863180,0.00000000,7.17866253,242.57464576,0.00000000,0.00000000,94.69756566,106.72863180,101.68074366,1745.79450000,27482.72473960,7912.94957600
12,398,0.644000,0.519000,103.02850780,3.70012400,0.00000000,255.34563968,0.00000000,0.00000000,94.69756566,106.72863180,101.68074366,1745.79450000,27831.88363944,7912.94957600
12,399,0.529000,0.571000,84.63055998,22.69664195,0.00000000,262.30361058,0.00000000,0.00000000,94.69756566,107.32720193,101.68074366,1745.79450000,27831.88363923,9891.18697000
12,400,0.373000,0.623000,59.67334380,13.86859973,0.00000000,297.08614165,0.00000000,0.00000000,63.67817400,73.54194353,68.65710075,1244.73168631,27330.82082534,9891.18697000
12,401,0.172000,0.681000,27.51693065,45.50418901,0.00000000,294.39978993,0.00000000,0.00000000,63.67817400,73.02111966,68.65710075,1244.73168631,27133.56584038,8169.89615450
12,402,0.005000,0.728000,0.79991077,106.52729115,0.00000000,256.83555271,0.00000000,0.00000000,94.69756566,107.32720193,101.68074366,1745.79450000,27133.56584018,9891.18697000
12,403,0.000000,0.733000,0.00000000,107.32720193,0.00000000,258.53126586,0.00000000,0.00000000,94.69756566,107.32720193,101.68074366,1745.79450000,27133.56583997,9891.18697000
12,404,0.000000,0.761000,0.00000000,106.72863180,0.00000000,273.10532998,0.00000000,0.00000000,94.69756566,106.72863180,101.68074366,1745.79450000,27482.72473981,7912.94957600
12,405,0.000000,0.784000,0.00000000,106.72863180,0.00000000,284.58520005,0.00000000,0.00000000,94.69756566,106.72863180,101.68074366,1745.79450000,27831.88363964,7912.94957600
12,406,0.000000,0.764000,0.00000000,107.32720193,0.00000000,274.00413421,0.00000000,0.00000000,94.69756566,107.32720193,101.68074366,1745.79450000,27831.88363944,9891.18697000
12,407,0.000000,0.699000,0.00000000,107.32720193,0.00000000,241.56102315,0.00000000,0.00000000,94.69756566,107.32720193,101.68074366,1745.79450000,27831.88363923,9891.18697000
12,408,0.000000,0.574000,0.00000000,107.32720193,0.00000000,179.17042496,0.00000000,0.00000000,94.69756566,107.32720193,101.68074366,1745.79450000,27831.88363944,9891.18696768
12,409,0.000000,0.477000,0.00000000,30.97213435,0.00000000,207.11038834,0.00000000,0.00000000,25.00174700,30.97213435,27.15938231,539.40882693,26625.49796616,9891.18697000
12,410,0.000000,0.412000,0.00000000,106.87211539,0.00000000,98.76729624,0.00000000,0.00000000,94.69756566,106.87211539,101.68074366,1745.79450000,26890.95978268,8387.15401406
12,411,0.000000,0.340000,0.00000000,106.72863180,0.00000000,62.97379528,0.00000000,0.00000000,94.69756566,106.72863180,101.68074366,1745.79450000,27240.11868251,7912.94957600
12,412,0.000000,0.278000,0.00000000,106.72863180,0.00000000,32.02805857,0.00000000,0.00000000,94.69756566,106.72863180,101.68074366,1745.79450000,27589.27758235,7912.94957600
12,413,0.000000,0.234000,0.00000000,72.94337341,0.00000000,43.85182640,0.00000000,0.00000000,63.67817400,72.94337341,68.65710075,1244.73168631,27437.37366850,7912.94957600
12,414,0.006000,0.220000,0.95989293,106.36730900,0.00000000,3.44014382,0.00000000,0.00000000,94.69756566,107.32720193,101.68074366,1745.79450000,27437.37366829,9891.18697000
12,415,0.132000,0.429000,21.11764446,51.82572895,0.00000000,162.29880404,0.00000000,0.00000000,63.67817400,72.94337341,68.65710075,1244.73168631,27285.46975444,7912.94957600
12,416,0.336000,0.478000,53.75400407,53.57319786,0.00000000,185.00844962,0.00000000,0.00000000,94.69756566,107.32720193,101.68074366,1745.79450000,27285.46975424,9891.18697000
12,417,0.534000,0.426000,85.43047075,21.29816105,0.00000000,191.32899758,0.00000000,0.00000000,94.69756566,106.72863180,101.68074366,1745.79450000,27634.62865407,7912.94957600
12,418,0.660000,0.376000,105.58822228,1.73897965,0.00000000,185.93193971,0.00000000,0.00000000,94.69756566,107.32720193,101.68074366,1745.79450000,27634.62865387,9891.18697000
12,419,0.721000,0.351000,107.32720193,0.00000000,8.01993180,175.19279972,0.00000000,0.00000000,94.69756566,107.32720193,101.68074366,1745.79450000,27634.62865366,9891.18697000
12,420,0.738000,0.363000,72.94337341,0.00000000,45.12345696,181.18229714,0.00000000,0.00000000,63.67817400,72.94337341,68.65710075,1244.73168631,27482.72473981,7912.94957600
12,421,0.714000,0.398000,106.72863180,0.00000000,7.49862684,198.65166464,0.00000000,0.00000000,94.69756566,106.72863180,101.68074366,1745.79450000,27831.88363964,7912.94957600
12,422,0.646000,0.436000,103.34847211,3.97872982,0.00000000,213.63967667,0.00000000,0.00000000,94.69756566,107.32720193,101.68074366,1745.79450000,27831.88363944,9891.18697000
12,423,0.532000,0.484000,85.11050644,22.21669548,0.00000000,219.35970071,0.00000000,0.00000000,94.69756566,107.32720193,101.68074366,1745.79450000,27831.88363923,9891.18697000
12,424,0.364000,0.544000,58.23350441,49.09369752,0.00000000,222.43018581,0.00000000,0.00000000,94.69756566,107.32720193,101.68074366,1745.79450000,27831.88363903,9891.18697000
12,425,0.170000,0.610000,27.19696634,80.13023558,0.00000000,224.33588359,0.00000000,0.00000000,94.69756566,107.32720192,101.68074366,1745.79450000,27831.88363944,9891.18696652
12,426,0.005000,0.656000,0.79991077,72.74203276,0.00000000,254.68382654,0.00000000,0.00000000,63.67817400,73.54194353,68.65710075,1244.73168631,27330.82082555,9891.18697000
12,427,0.000000,0.633000,0.00000000,107.32720193,0.00000000,208.61878731,0.00000000,0.00000000,94.69756566,107.32720193,101.68074366,1745.79450000,27330.82082534,9891.18697000
12,428,0.000000,0.629000,0.00000000,106.72863180,0.00000000,207.22085829,0.00000000,0.00000000,94.69756566,106.72863180,101.68074366,1745.79450000,27679.97972518,7912.94957600
12,429,0.000000,0.633000,0.00000000,89.89674172,0.00000000,226.04924752,0.00000000,0.00000000,78.66539600,89.89674172,84.63531998,1492.48099468,27426.66621965,9891.18697000
12,430,0.000000,0.575000,0.00000000,73.18542935,0.00000000,213.81132233,0.00000000,0.00000000,63.67817400,73.18542935,68.65710075,1244.73168631,27133.56584059,8712.92954885
12,431,0.000000,0.490000,0.00000000,106.72863180,0.00000000,137.84251311,0.00000000,0.00000000,94.69756566,106.72863180,101.68074366,1745.79450000,27482.72474042,7912.94957600
12,432,0.000000,0.416000,0.00000000,106.72863180,0.00000000,100.90727898,0.00000000,0.00000000,94.69756566,106.72863180,101.68074366,1745.79450000,27831.88364026,7912.94957600
12,433,0.000000,0.369000,0.00000000,107.32720193,0.00000000,76.84984393,0.00000000,0.00000000,94.69756566,107.32720193,101.68074366,1745.79450000,27831.88364005,9891.18697000
12,434,0.000000,0.328000,0.00000000,107.32720193,0.00000000,56.38572773,0.00000000,0.00000000,94.69756566,107.32720193,101.68074366,1745.79450000,27831.88363985,9891.18697000
12,435,0.000000,0.280000,0.00000000,107.32720193,0.00000000,32.42773802,0.00000000,0.00000000,94.69756566,107.32720193,101.68074366,1745.79450000,27831.88363964,9891.18697000
12,436,0.000000,0.233000,0.00000000,107.32720193,0.00000000,8.96887310,0.00000000,0.00000000,94.69756566,107.32720193,101.68074366,1745.79450000,27831.88363944,9891.18697000
12,437,0.000000,0.212000,0.00000000,105.81445453,0.00000000,0.00000000,0.00000000,0.00000000,93.30617249,105.81445453,100.20141265,1723.81003857,27809.89917780,9891.18697000
12,438,0.012000,0.207000,0.00000000,73.54194353,1.91978586,29.77688707,0.00000000,0.00000000,63.67817400,73.54194353,68.65710075,1244.73168631,27308.83636391,9891.18697000
12,439,0.185000,0.407000,29.59669867,77.43240292,0.00000000,125.71138479,0.00000000,0.00000000,94.69756566,107.02910158,101.68074366,1745.79450000,27482.72474001,8905.98370478
12,440,0.394000,0.502000,63.03296906,44.29423287,0.00000000,206.26640946,0.00000000,0.00000000,94.69756566,107.32720193,101.68074366,1745.79450000,27482.72473981,9891.18697000
12,441,0.555000,0.491000,88.79009601,18.53710592,0.00000000,226.53316377,0.00000000,0.00000000,94.69756566,107.32720193,101.68074366,1745.79450000,27482.72473960,9891.18697000
12,442,0.663000,0.472000,106.06816874,0.66046306,0.00000000,234.92643571,0.00000000,0.00000000,94.69756566,106.72863180,101.68074366,1745.79450000,27831.88363944,7912.94957600
12,443,0.724000,0.457000,58.26858481,0.00000000,57.55849538,228.10002698,0.00000000,0.00000000,49.73928100,58.26858481,53.75120360,1002.98064984,27089.06978907,9891.18697000
12,444,0.740000,0.463000,107.32720193,0.00000000,11.05959275,231.09477570,0.00000000,0.00000000,94.69756566,107.32720193,101.68074366,1745.79450000,27089.06978887,9891.18697000
12,445,0.711000,0.483000,89.29817159,0.00000000,24.44914059,241.07727141,0.00000000,0.00000000,78.66539600,89.29817159,84.63531998,1492.48099468,27184.91518338,7912.94957600
12,446,0.642000,0.527000,102.70854349,4.61865844,0.00000000,258.42010353,0.00000000,0.00000000,94.69756566,107.32720193,101.68074366,1745.79450000,27184.91518317,9891.18697000
12,447,0.530000,0.590000,84.79054213,21.93808967,0.00000000,272.54553379,0.00000000,0.00000000,94.69756566,106.72863180,101.68074366,1745.79450000,27534.07408301,7912.94957600
12,448,0.374000,0.633000,59.83332596,47.49387597,0.00000000,268.45211327,0.00000000,0.00000000,94.69756566,107.32720193,101.68074366,1745.79450000,27534.07408280,9891.18697000
12,449,0.176000,0.655000,28.15685927,45.38508426,0.00000000,281.54165026,0.00000000,0.00000000,63.67817400,73.54194353,68.65710075,1244.73168631,27033.01126891,9891.18697000
12,450,0.004000,0.657000,0.63992862,106.08870318,0.00000000,221.83628091,0.00000000,0.00000000,94.69756566,106.72863180,101.68074366,1745.79450000,27382.17016875,7912.94957600
12,451,0.000000,0.650000,0.00000000,106.72863180,0.00000000,217.70247879,0.00000000,0.00000000,94.69756566,106.72863180,101.68074366,1745.79450000,27731.32906858,7912.94957600
12,452,0.000000,0.686000,0.00000000,107.15481920,0.00000000,235.24478367,0.00000000,0.00000000,94.69756566,107.15481920,101.68074366,1745.79450000,27831.88363944,9321.47268635
12,453,0.000000,0.700000,0.00000000,73.54194353,0.00000000,275.84540633,0.00000000,0.00000000,63.67817400,73.54194353,68.65710075,1244.73168631,27330.82082555,9891.18697000
12,454,0.000000,0.695000,0.00000000,107.06678999,0.00000000,239.82493595,0.00000000,0.00000000,94.69756566,107.06678999,101.68074366,1745.79450000,27482.72474001,9030.54156109
12,455,0.000000,0.661000,0.00000000,106.72863180,0.00000000,223.19285143,0.00000000,0.00000000,94.69756566,106.72863180,101.68074366,1745.79450000,27831.88363985,7912.94957600
12,456,0.000000,0.560000,0.00000000,107.32720193,0.00000000,172.18267797,0.00000000,0.00000000,94.69756566,107.32720193,101.68074366,1745.79450000,27831.88363964,9891.18697000
12,457,0.000000,0.495000,0.00000000,107.32720193,0.00000000,139.73956691,0.00000000,0.00000000,94.69756566,107.32720193,101.68074366,1745.79450000,27831.88363944,9891.18697000
12,458,0.000000,0.450000,0.00000000,58.26858481,0.00000000,166.33756867,0.00000000,0.00000000,49.73928100,58.26858481,53.75120360,1002.98064984,27089.06978907,9891.18697000
12,459,0.000000,0.388000,0.00000000,106.98097070,0.00000000,86.67944608,0.00000000,0.00000000,94.69756566,106.98097070,101.68074366,1745.79450000,27291.03395099,8746.91409677
12,460,0.000000,0.355000,0.00000000,89.29817159,0.00000000,87.89112727,0.00000000,0.00000000,78.66539600,89.29817159,84.63531998,1492.48099468,27386.87934550,7912.94957600
12,461,0.000000,0.334000,0.00000000,89.29817159,0.00000000,77.40950677,0.00000000,0.00000000,78.66539600,89.29817159,84.63531998,1492.48099468,27482.72474001,7912.94957600
12,462,0.013000,0.337000,2.07976801,105.24743391,0.00000000,62.95761881,0.00000000,0.00000000,94.69756566,107.32720193,101.68074366,1745.79450000,27482.72473981,9891.18697000
12,463,0.198000,0.481000,31.67646668,75.65073524,0.00000000,164.42828659,0.00000000,0.00000000,94.69756566,107.32720193,101.68074366,1745.79450000,27482.72473960,9891.18697000
12,464,0.405000,0.521000,64.79277276,41.93585904,0.00000000,218.10815422,0.00000000,0.00000000,94.69756566,106.72863180,101.68074366,1745.79450000,27831.88363944,7912.94957600
12,465,0.562000,0.508000,30.97213435,0.00000000,58.93783674,253.55539105,0.00000000,0.00000000,25.00174700,30.97213435,27.15938231,539.40882693,26625.49796616,9891.18697000
12,466,0.667000,0.493000,106.70809736,0.61910456,0.00000000,245.44941470,0.00000000,0.00000000,94.69756566,107.32720193,101.68074366,1745.79450000,26625.49796596,9891.18697000
12,467,0.725000,0.479000,107.32720193,0.00000000,8.65986042,239.08077227,0.00000000,0.00000000,94.69756566,107.32720193,101.68074366,1745.79450000,26625.49796575,9891.18697000
12,468,0.742000,0.480000,2.39428050,0.00000000,116.31247848,239.57989705,0.00000000,0.00000000,0.00000000,2.39428050,0.00000000,0.00000000,25228.86236559,7912.94957600
12,469,0.715000,0.494000,107.32720193,0.00000000,7.06003887,246.56764405,0.00000000,0.00000000,94.69756566,107.32720193,101.68074366,1745.79450000,25228.86236538,9891.18697000
12,470,0.647000,0.513000,103.50845426,3.22017754,0.00000000,252.83083743,0.00000000,0.00000000,94.69756566,106.72863180,101.68074366,1745.79450000,25578.02126522,7912.94957600
12,471,0.533000,0.532000,85.27048860,22.05671333,0.00000000,243.47767257,0.00000000,0.00000000,94.69756566,107.32720193,101.68074366,1745.79450000,25578.02126501,9891.18697000
12,472,0.370000,0.550000,59.19339734,48.13380459,0.00000000,226.38482745,0.00000000,0.00000000,94.69756566,107.32720193,101.68074366,1745.79450000,25578.02126481,9891.18697000
12,473,0.175000,0.587000,27.99687712,79.33032481,0.00000000,213.65592429,0.00000000,0.00000000,94.69756566,107.32720193,101.68074366,1745.79450000,25578.02126460,9891.18697000
12,474,0.005000,0.622000,0.79991077,56.87010391,0.00000000,253.58551268,0.00000000,0.00000000,49.73928100,57.67001469,53.75120360,1002.98064984,25184.36631427,7912.94957600
12,475,0.000000,0.628000,0.00000000,107.32720193,0.00000000,206.12316338,0.00000000,0.00000000,94.69756566,107.32720193,101.68074366,1745.79450000,25184.36631407,9891.18697000
12,476,0.000000,0.623000,0.00000000,107.32720193,0.00000000,203.62753945,0.00000000,0.00000000,94.69756566,107.32720193,101.68074366,1745.79450000,25184.36631386,9891.18697000
12,477,0.000000,0.622000,0.00000000,107.32720193,0.00000000,203.12841467,0.00000000,0.00000000,94.69756566,107.32720193,101.68074366,1745.79450000,25184.36631366,9891.18697000
12,478,0.000000,0.590000,0.00000000,107.32720193,0.00000000,187.15642153,0.00000000,0.00000000,94.69756566,107.32720193,101.68074366,1745.79450000,25184.36631345,9891.18697000
12,479,0.000000,0.590000,0.00000000,107.32720193,0.00000000,187.15642153,0.00000000,0.00000000,94.69756566,107.32720193,101.68074366,1745.79450000,25184.36631325,9891.18697000
12,480,0.000000,0.532000,0.00000000,106.72863180,0.00000000,158.80575410,0.00000000,0.00000000,94.69756566,106.72863180,101.68074366,1745.79450000,25533.52521308,7912.94957600
12,481,0.000000,0.447000,0.00000000,106.78978791,0.00000000,116.31899122,0.00000000,0.00000000,94.69756566,106.78978791,101.68074366,1745.79450000,25847.01043267,8115.06674457
12,482,0.000000,0.371000,0.00000000,106.72863180,0.00000000,78.44666363,0.00000000,0.00000000,94.69756566,106.72863180,101.68074366,1745.79450000,26196.16933250,7912.94957600
12,483,0.000000,0.322000,0.00000000,2.39428050,0.00000000,158.32390044,0.00000000,0.00000000,0.00000000,2.39428050,0.00000000,0.00000000,24799.53373234,7912.94957600
12,484,0.000000,0.257000,0.00000000,107.32720193,0.00000000,20.94786795,0.00000000,0.00000000,94.69756566,107.32720193,101.68074366,1745.79450000,24799.53373214,9891.18697000
12,485,0.000000,0.209000,0.00000000,104.31708017,0.00000000,0.00000000,0.00000000,0.00000000,92.47947131,104.31708017,99.32246288,1710.74789281,25113.64602479,7912.94957600
12,486,0.014000,0.199000,2.23975017,99.32583232,0.00000000,0.00000000,0.00000000,0.00000000,89.94870173,101.56558249,96.63174540,1670.76091617,25387.77134079,7912.94957600
12,487,0.205000,0.388000,32.79634177,73.93229003,0.00000000,119.72812675,0.00000000,0.00000000,94.69756566,106.72863180,101.68074366,1745.79450000,25736.93024063,7912.94957600
12,488,0.402000,0.479000,64.31282630,42.41580550,0.00000000,196.66496676,0.00000000,0.00000000,94.69756566,106.72863180,101.68074366,1745.79450000,26086.08914046,7912.94957600
12,489,0.560000,0.484000,89.59000678,17.13862502,0.00000000,224.43777117,0.00000000,0.00000000,94.69756566,106.72863180,101.68074366,1745.79450000,26435.24804030,7912.94957600
12,490,0.659000,0.476000,105.42824012,1.30039168,0.00000000,236.28300623,0.00000000,0.00000000,94.69756566,106.72863180,101.68074366,1745.79450000,26784.40694014,7912.94957600
12,491,0.718000,0.476000,106.72863180,0.00000000,8.13855546,237.58339791,0.00000000,0.00000000,94.69756566,106.72863180,101.68074366,1745.79450000,27133.56583997,7912.94957600
12,492,0.729000,0.494000,107.32720193,0.00000000,9.29978904,246.56764405,0.00000000,0.00000000,94.69756566,107.32720193,101.68074366,1745.79450000,27133.56583977,9891.18697000
12,493,0.702000,0.508000,106.72863180,0.00000000,5.57884099,253.55539105,0.00000000,0.00000000,94.69756566,106.72863180,101.68074366,1745.79450000,27482.72473960,7912.94957600
12,494,0.626000,0.517000,100.14882901,6.57980279,0.00000000,251.46771132,0.00000000,0.00000000,94.69756566,106.72863180,101.68074366,1745.79450000,27831.88363944,7912.94957600
12,495,0.507000,0.547000,73.54194353,0.00000000,7.56900903,273.02125768,0.00000000,0.00000000,63.67817400,73.54194353,68.65710075,1244.73168631,27330.82082555,9891.18697000
12,496,0.323000,0.603000,51.67423605,55.65296587,0.00000000,245.31927980,0.00000000,0.00000000,94.69756566,107.32720193,101.68074366,1745.79450000,27330.82082534,9891.18697000
12,497,0.139000,0.651000,22.23751954,85.08968239,0.00000000,239.84055299,0.00000000,0.00000000,94.69756566,107.32720193,101.68074366,1745.79450000,27330.82082514,9891.18697000
12,498,0.003000,0.665000,0.47994646,1.91433404,0.00000000,330.00364834,0.00000000,0.00000000,0.00000000,2.39428050,0.00000000,0.00000000,25934.18522497,7912.94957600
12,499,0.000000,0.658000,0.00000000,107.06678999,0.00000000,221.35731889,0.00000000,0.00000000,94.69756566,107.06678999,101.68074366,1745.79450000,26086.08914046,9030.54155528
12,500,0.000000,0.707000,0.00000000,106.72863180,0.00000000,246.15259156,0.00000000,0.00000000,94.69756566,106.72863180,101.68074366,1745.79450000,26435.24804030,7912.94957600
12,501,0.000000,0.739000,0.00000000,106.72863180,0.00000000,262.12458470,0.00000000,0.00000000,94.69756566,106.72863180,101.68074366,1745.79450000,26784.40694014,7912.94957600
12,502,0.000000,0.761000,0.00000000,106.72863180,0.00000000,273.10532998,0.00000000,0.00000000,94.69756566,106.72863180,101.68074366,1745.79450000,27133.56583997,7912.94957600
12,503,0.000000,0.709000,0.00000000,107.32720193,0.00000000,246.55227101,0.00000000,0.00000000,94.69756566,107.32720193,101.68074366,1745.79450000,27133.56583977,9891.18697000
12,504,0.000000,0.647000,0.00000000,106.72863180,0.00000000,216.20510443,0.00000000,0.00000000,94.69756566,106.72863180,101.68074366,1745.79450000,27482.72473960,7912.94957600
12,505,0.000000,0.601000,0.00000000,106.72863180,0.00000000,193.24536430,0.00000000,0.00000000,94.69756566,106.72863180,101.68074366,1745.79450000,27831.88363944,7912.94957600
12,506,0.000000,0.578000,0.00000000,107.32720193,0.00000000,181.16692411,0.00000000,0.00000000,94.69756566,107.32720193,101.68074366,1745.79450000,27831.88363923,9891.18697000
12,507,0.000000,0.565000,0.00000000,57.67001469,0.00000000,224.33548913,0.00000000,0.00000000,49.73928100,57.67001469,53.75120360,1002.98064984,27438.22868891,7912.94957600
12,508,0.000000,0.538000,0.00000000,106.97850060,0.00000000,161.55063401,0.00000000,0.00000000,94.69756566,106.97850060,101.68074366,1745.79450000,27641.63371379,8738.75056726
12,509,0.000000,0.510000,0.00000000,107.32720193,0.00000000,147.22643869,0.00000000,0.00000000,94.69756566,107.32720193,101.68074366,1745.79450000,27641.63371358,9891.18697000
12,510,0.011000,0.510000,1.75980370,28.61376052,0.00000000,225.93988010,0.00000000,0.00000000,25.00174700,30.37356422,27.15938231,539.40882693,26784.40694034,7912.94957600
12,511,0.190000,0.653000,30.39660944,76.33202236,0.00000000,249.59646259,0.00000000,0.00000000,94.69756566,106.72863180,101.68074366,1745.79450000,27133.56584018,7912.94957600
12,512,0.387000,0.663000,61.91309397,44.81553783,0.00000000,286.10419497,0.00000000,0.00000000,94.69756566,106.72863180,101.68074366,1745.79450000,27482.72474001,7912.94957600
12,513,0.546000,0.608000,87.35025661,19.37837519,0.00000000,284.08949441,0.00000000,0.00000000,94.69756566,106.72863180,101.68074366,1745.79450000,27831.88363985,7912.94957600
12,514,0.652000,0.550000,104.30836504,3.01883689,0.00000000,271.49979515,0.00000000,0.00000000,94.69756566,107.32720193,101.68074366,1745.79450000,27831.88363964,9891.18697000
12,515,0.717000,0.513000,107.32720193,0.00000000,7.38000318,256.05101497,0.00000000,0.00000000,94.69756566,107.32720193,101.68074366,1745.79450000,27831.88363944,9891.18697000
12,516,0.735000,0.505000,107.32720193,0.00000000,10.25968197,252.05801669,0.00000000,0.00000000,94.69756566,107.32720193,101.68074366,1745.79450000,27831.88363944,9891.18696884
12,517,0.709000,0.506000,107.32720193,0.00000000,6.10014595,252.55714147,0.00000000,0.00000000,94.69756566,107.32720193,101.68074366,1745.79450000,27831.88363944,9891.18696884
12,518,0.642000,0.501000,89.89674172,0.00000000,12.81180177,250.06151755,0.00000000,0.00000000,78.66539600,89.89674172,84.63531998,1492.48099468,27578.57013391,9891.18697000
12,519,0.530000,0.501000,73.44584129,0.00000000,11.34470085,250.06151755,0.00000000,0.00000000,63.67817400,73.44584129,68.65710075,1244.73168631,27133.56583977,9573.57496008
12,520,0.370000,0.524000,59.19339734,47.53523446,0.00000000,214.00615315,0.00000000,0.00000000,94.69756566,106.72863180,101.68074366,1745.79450000,27482.72473960,7912.94957600
12,521,0.169000,0.578000,27.03698419,79.69164761,0.00000000,208.80247842,0.00000000,0.00000000,94.69756566,106.72863180,101.68074366,1745.79450000,27831.88363944,7912.94957600
12,522,0.005000,0.653000,0.79991077,89.09683094,0.00000000,236.83165400,0.00000000,0.00000000,78.66539600,89.89674172,84.63531998,1492.48099468,27578.57013391,9891.18697000
12,523,0.000000,0.690000,0.00000000,107.32720193,0.00000000,237.06890008,0.00000000,0.00000000,94.69756566,107.32720193,101.68074366,1745.79450000,27578.57013371,9891.18697000
12,524,0.000000,0.720000,0.00000000,107.32720193,0.00000000,252.04264365,0.00000000,0.00000000,94.69756566,107.32720193,101.68074366,1745.79450000,27578.57013350,9891.18697000
12,525,0.000000,0.765000,0.00000000,106.89294149,0.00000000,274.93751944,0.00000000,0.00000000,94.69756566,106.89294149,101.68074366,1745.79450000,27831.88363944,8455.98296918
12,526,0.000000,0.785000,0.00000000,73.28153160,0.00000000,318.53142504,0.00000000,0.00000000,63.67817400,73.28153160,68.65710075,1244.73168631,27482.72473981,9030.54156341
12,527,0.000000,0.774000,0.00000000,107.32720193,0.00000000,278.99538207,0.00000000,0.00000000,94.69756566,107.32720193,101.68074366,1745.79450000,27482.72473960,9891.18697000
12,528,0.000000,0.710000,0.00000000,106.72863180,0.00000000,247.64996592,0.00000000,0.00000000,94.69756566,106.72863180,101.68074366,1745.79450000,27831.88363944,7912.94957600
12,529,0.000000,0.646000,0.00000000,73.44584129,0.00000000,248.98877016,0.00000000,0.00000000,63.67817400,73.44584129,68.65710075,1244.73168631,27386.87934571,9573.57495776
12,530,0.000000,0.568000,0.00000000,107.32720193,0.00000000,176.17567625,0.00000000,0.00000000,94.69756566,107.32720193,101.68074366,1745.79450000,27386.87934550,9891.18697000
12,531,0.000000,0.464000,0.00000000,107.32720193,0.00000000,124.26669856,0.00000000,0.00000000,94.69756566,107.32720193,101.68074366,1745.79450000,27386.87934530,9891.18697000
12,532,0.000000,0.378000,0.00000000,89.29817159,0.00000000,99.37099734,0.00000000,0.00000000,78.66539600,89.29817159,84.63531998,1492.48099468,27482.72473981,7912.94957600
12,533,0.000000,0.294000,0.00000000,106.72863180,0.00000000,40.01405514,0.00000000,0.00000000,94.69756566,106.72863180,101.68074366,1745.79450000,27831.88363964,7912.94957600
12,534,0.012000,0.259000,1.91978586,105.40741607,0.00000000,23.86590338,0.00000000,0.00000000,94.69756566,107.32720193,101.68074366,1745.79450000,27831.88363944,9891.18697000
12,535,0.201000,0.457000,32.15641315,75.17078878,0.00000000,152.92923821,0.00000000,0.00000000,94.69756566,107.32720193,101.68074366,1745.79450000,27831.88363923,9891.18697000
12,536,0.410000,0.494000,0.00000000,73.28153160,65.59268354,173.28611245,0.00000000,0.00000000,63.67817400,73.28153160,68.65710075,1244.73168631,27482.72473960,9030.54156341
12,537,0.571000,0.413000,91.34981049,15.37882132,0.00000000,190.75971511,0.00000000,0.00000000,94.69756566,106.72863180,101.68074366,1745.79450000,27831.88363944,7912.94957600
12,538,0.678000,0.330000,107.32720193,0.00000000,1.14069914,164.71117922,0.00000000,0.00000000,94.69756566,107.32720193,101.68074366,1745.79450000,27831.88363923,9891.18697000
12,539,0.737000,0.267000,2.99285063,0.00000000,114.91399758,133.26631773,0.00000000,0.00000000,0.00000000,2.99285063,0.00000000,0.00000000,26086.08913903,9891.18697000
12,540,0.752000,0.227000,106.72863180,0.00000000,13.57794873,113.30132631,0.00000000,0.00000000,94.69756566,106.72863180,101.68074366,1745.79450000,26435.24803887,7912.94957600
12,541,0.727000,0.218000,58.26858481,0.00000000,58.03844185,108.80920324,0.00000000,0.00000000,49.73928100,58.26858481,53.75120360,1002.98064984,25692.43418850,9891.18697000
12,542,0.660000,0.243000,105.58822228,1.73897965,0.00000000,119.54834323,0.00000000,0.00000000,94.69756566,107.32720193,101.68074366,1745.79450000,25692.43418829,9891.18697000
12,543,0.547000,0.305000,87.51023877,19.46081906,0.00000000,132.77224052,0.00000000,0.00000000,94.69756566,106.97105783,101.68074366,1745.79450000,25900.18074245,8714.15266763
12,544,0.384000,0.398000,61.43314751,45.29548429,0.00000000,153.35618034,0.00000000,0.00000000,94.69756566,106.72863180,101.68074366,1745.79450000,26249.33964229,7912.94957600
12,545,0.183000,0.517000,29.27673436,77.45189744,0.00000000,180.59561667,0.00000000,0.00000000,94.69756566,106.72863180,101.68074366,1745.79450000,26598.49854213,7912.94957600
12,546,0.006000,0.661000,0.95989293,88.33827866,0.00000000,241.58320457,0.00000000,0.00000000,78.66539600,89.29817159,84.63531998,1492.48099468,26694.34393664,7912.94957600
12,547,0.000000,0.717000,0.00000000,73.54194353,0.00000000,284.33052769,0.00000000,0.00000000,63.67817400,73.54194353,68.65710075,1244.73168631,26193.28112274,9891.18697000
12,548,0.000000,0.748000,0.00000000,107.32720193,0.00000000,266.01813764,0.00000000,0.00000000,94.69756566,107.32720193,101.68074366,1745.79450000,26193.28112254,9891.18697000
12,549,0.000000,0.782000,0.00000000,72.94337341,0.00000000,317.37220887,0.00000000,0.00000000,63.67817400,72.94337341,68.65710075,1244.73168631,26041.37720869,7912.94957600
12,550,0.000000,0.766000,0.00000000,89.29817159,0.00000000,293.03141412,0.00000000,0.00000000,78.66539600,89.29817159,84.63531998,1492.48099468,26137.22260320,7912.94957600
12,551,0.000000,0.718000,0.00000000,106.72863180,0.00000000,251.64296420,0.00000000,0.00000000,94.69756566,106.72863180,101.68074366,1745.79450000,26486.38150303,7912.94957600
12,552,0.000000,0.630000,0.00000000,106.72863180,0.00000000,207.71998308,0.00000000,0.00000000,94.69756566,106.72863180,101.68074366,1745.79450000,26835.54040287,7912.94957600
12,553,0.000000,0.516000,0.00000000,72.94337341,0.00000000,184.60501592,0.00000000,0.00000000,63.67817400,72.94337341,68.65710075,1244.73168631,26683.63648902,7912.94957600
12,554,0.000000,0.403000,0.00000000,72.94337341,0.00000000,128.20391516,0.00000000,0.00000000,63.67817400,72.94337341,68.65710075,1244.73168631,26531.73257516,7912.94957600
12,555,0.000000,0.287000,0.00000000,107.32720193,0.00000000,35.92161152,0.00000000,0.00000000,94.69756566,107.32720193,101.68074366,1745.79450000,26531.73257496,9891.18697000
12,556,0.000000,0.211000,0.00000000,105.31532975,0.00000000,0.00000000,0.00000000,0.00000000,93.39764022,105.31532975,100.29866125,1725.25525820,26860.35223299,7912.94957600
12,557,0.000000,0.195000,0.00000000,97.32933318,0.00000000,0.00000000,0.00000000,0.00000000,85.50173672,97.32933318,91.90372645,1600.49743280,26715.05516559,9891.18697000
12,558,0.013000,0.188000,2.07976801,41.99744167,0.00000000,51.83801801,0.00000000,0.00000000,36.84682300,44.07720969,39.91750131,767.66957627,25736.93024165,9891.18697000
12,559,0.195000,0.294000,31.19652022,75.53211158,0.00000000,71.21057536,0.00000000,0.00000000,94.69756566,106.72863180,101.68074366,1745.79450000,26086.08914149,7912.94957600
12,560,0.390000,0.322000,62.39304044,44.33559136,0.00000000,116.38258957,0.00000000,0.00000000,94.69756566,106.72863180,101.68074366,1745.79450000,26435.24804133,7912.94957600
12,561,0.566000,0.292000,90.54989971,16.77730222,0.00000000,128.96713516,0.00000000,0.00000000,94.69756566,107.32720193,101.68074366,1745.79450000,26435.24804112,9891.18697000
12,562,0.675000,0.266000,106.72863180,0.00000000,1.25932280,132.76719295,0.00000000,0.00000000,94.69756566,106.72863180,101.68074366,1745.79450000,26784.40694096,7912.94957600
12,563,0.734000,0.252000,107.32720193,0.00000000,10.09969982,125.77944595,0.00000000,0.00000000,94.69756566,107.32720193,101.68074366,1745.79450000,26784.40694075,9891.18697000
12,564,0.750000,0.256000,107.32720193,0.00000000,12.65941430,127.77594509,0.00000000,0.00000000,94.69756566,107.32720193,101.68074366,1745.79450000,26784.40694055,9891.18697000
12,565,0.724000,0.272000,106.72863180,0.00000000,9.09844839,135.76194166,0.00000000,0.00000000,94.69756566,106.72863180,101.68074366,1745.79450000,27133.56584038,7912.94957600
12,566,0.640000,0.300000,102.38857918,4.93862275,0.00000000,144.79881291,0.00000000,0.00000000,94.69756566,107.32720193,101.68074366,1745.79450000,27133.56584018,9891.18697000
12,567,0.502000,0.346000,80.31104179,27.01616013,0.00000000,145.68101566,0.00000000,0.00000000,94.69756566,107.32720193,101.68074366,1745.79450000,27133.56583997,9891.18697000
12,568,0.326000,0.416000,52.15418252,55.17301941,0.00000000,152.46289137,0.00000000,0.00000000,94.69756566,107.32720193,101.68074366,1745.79450000,27133.56583977,9891.18697000
12,569,0.130000,0.498000,20.79768015,85.93095166,0.00000000,162.63319153,0.00000000,0.00000000,94.69756566,106.72863180,101.68074366,1745.79450000,27482.72473960,7912.94957600
12,570,0.003000,0.578000,0.47994646,106.24868534,0.00000000,182.24544070,0.00000000,0.00000000,94.69756566,106.72863180,101.68074366,1745.79450000,27831.88363944,7912.94957600
12,571,0.000000,0.595000,0.00000000,89.89674172,0.00000000,207.08250567,0.00000000,0.00000000,78.66539600,89.89674172,84.63531998,1492.48099468,27578.57013391,9891.18697000
12,572,0.000000,0.611000,0.00000000,106.89294149,0.00000000,198.07230247,0.00000000,0.00000000,94.69756566,106.89294149,101.68074366,1745.79450000,27831.88363944,8455.98297150
12,573,0.000000,0.599000,0.00000000,72.94337341,0.00000000,226.03237312,0.00000000,0.00000000,63.67817400,72.94337341,68.65710075,1244.73168631,27679.97972559,7912.94957600
12,574,0.000000,0.550000,0.00000000,107.06678999,0.00000000,167.45184205,0.00000000,0.00000000,94.69756566,107.06678999,101.68074366,1745.79450000,27831.88363944,9030.54156457
12,575,0.000000,0.494000,0.00000000,72.94337341,0.00000000,173.62427064,0.00000000,0.00000000,63.67817400,72.94337341,68.65710075,1244.73168631,27679.97972559,7912.94957600
12,576,0.000000,0.455000,0.00000000,107.23109968,0.00000000,119.87067773,0.00000000,0.00000000,94.69756566,107.23109968,101.68074366,1745.79450000,27736.03824513,9573.57496008
12,577,0.000000,0.404000,0.00000000,107.32720193,0.00000000,94.31921143,0.00000000,0.00000000,94.69756566,107.32720193,101.68074366,1745.79450000,27736.03824493,9891.18697000
12,578,0.000000,0.355000,0.00000000,89.29817159,0.00000000,87.89112727,0.00000000,0.00000000,78.66539600,89.29817159,84.63531998,1492.48099468,27831.88363944,7912.94957600
12,579,0.000000,0.294000,0.00000000,107.32720193,0.00000000,39.41548502,0.00000000,0.00000000,94.69756566,107.32720193,101.68074366,1745.79450000,27831.88363944,9891.18696884
12,580,0.000000,0.241000,0.00000000,73.28153160,0.00000000,47.00754171,0.00000000,0.00000000,63.67817400,73.28153160,68.65710075,1244.73168631,27482.72474001,9030.54156225
12,581,0.000000,0.228000,0.00000000,106.72863180,0.00000000,7.07181930,0.00000000,0.00000000,94.69756566,106.72863180,101.68074366,1745.79450000,27831.88363985,7912.94957600
12,582,0.013000,0.233000,2.07976801,105.24743391,0.00000000,11.04864112,0.00000000,0.00000000,94.69756566,107.32720193,101.68074366,1745.79450000,27831.88363964,9891.18697000
12,583,0.212000,0.433000,33.91621685,73.41098507,0.00000000,142.71004706,0.00000000,0.00000000,94.69756566,107.32720193,101.68074366,1745.79450000,27831.88363944,9891.18697000
12,584,0.419000,0.427000,67.03252293,40.29467900,0.00000000,172.83160442,0.00000000,0.00000000,94.69756566,107.32720193,101.68074366,1745.79450000,27831.88363923,9891.18697000
12,585,0.576000,0.311000,92.14972126,15.17748067,0.00000000,140.05032763,0.00000000,0.00000000,94.69756566,107.32720193,101.68074366,1745.79450000,27831.88363903,9891.18697000
12,586,0.684000,0.212000,107.32720193,0.00000000,2.10059207,105.81445453,0.00000000,0.00000000,94.69756566,107.32720193,101.68074366,1745.79450000,27831.88363882,9891.18697000
12,587,0.744000,0.155000,107.32720192,0.00000000,11.69952137,77.36434176,0.00000000,0.00000000,94.69756566,107.32720192,101.68074366,1745.79450000,27831.88363944,9891.18696535
12,588,0.761000,0.135000,73.54194353,0.00000000,48.20447640,67.38184605,0.00000000,0.00000000,63.67817400,73.54194353,68.65710075,1244.73168631,27330.82082555,9891.18697000
12,589,0.735000,0.145000,106.72863180,0.00000000,10.85825210,72.37309390,0.00000000,0.00000000,94.69756566,106.72863180,101.68074366,1745.79450000,27679.97972538,7912.94957600
12,590,0.660000,0.186000,105.58822228,1.73897965,0.00000000,91.09823046,0.00000000,0.00000000,94.69756566,107.32720193,101.68074366,1745.79450000,27679.97972518,9891.18697000
12,591,0.502000,0.255000,80.31104179,27.01616013,0.00000000,100.26066018,0.00000000,0.00000000,94.69756566,107.32720193,101.68074366,1745.79450000,27679.97972497,9891.18697000
12,592,0.262000,0.351000,41.91532460,31.62661893,0.00000000,143.56618079,0.00000000,0.00000000,63.67817400,73.54194353,68.65710075,1244.73168631,27178.91691108,9891.18697000
12,593,0.084000,0.477000,13.43850102,93.88870091,0.00000000,144.19382179,0.00000000,0.00000000,94.69756566,107.32720193,101.68074366,1745.79450000,27178.91691087,9891.18697000
12,594,0.000000,0.589000,0.00000000,107.32720193,0.00000000,186.65729675,0.00000000,0.00000000,94.69756566,107.32720193,101.68074366,1745.79450000,27178.91691067,9891.18697000
12,595,0.000000,0.618000,0.00000000,106.97068774,0.00000000,201.48842971,0.00000000,0.00000000,94.69756566,106.97068774,101.68074366,1745.79450000,27386.87934530,8712.92954885
12,596,0.000000,0.604000,0.00000000,106.72863180,0.00000000,194.74273865,0.00000000,0.00000000,94.69756566,106.72863180,101.68074366,1745.79450000,27736.03824513,7912.94957600
12,597,0.000000,0.602000,0.00000000,107.32720193,0.00000000,193.14591896,0.00000000,0.00000000,94.69756566,107.32720193,101.68074366,1745.79450000,27736.03824493,9891.18697000
12,598,0.000000,0.616000,0.00000000,89.29817159,0.00000000,218.16269629,0.00000000,0.00000000,78.66539600,89.29817159,84.63531998,1492.48099468,27831.88363944,7912.94957600
12,599,0.000000,0.561000,0.00000000,107.32720193,0.00000000,172.68180275,0.00000000,0.00000000,94.69756566,107.32720193,101.68074366,1745.79450000,27831.88363923,9891.18697000
12,600,0.000000,0.495000,0.00000000,89.89674172,0.00000000,157.17002712,0.00000000,0.00000000,78.66539600,89.89674172,84.63531998,1492.48099468,27578.57013371,9891.18697000
12,601,0.000000,0.423000,0.00000000,107.32720193,0.00000000,103.80258235,0.00000000,0.00000000,94.69756566,107.32720193,101.68074366,1745.79450000,27578.57013350,9891.18697000
12,602,0.000000,0.364000,0.00000000,107.32720193,0.00000000,74.35422000,0.00000000,0.00000000,94.69756566,107.32720193,101.68074366,1745.79450000,27578.57013330,9891.18697000
12,603,0.000000,0.308000,0.00000000,106.89294149,0.00000000,46.83749245,0.00000000,0.00000000,94.69756566,106.89294149,101.68074366,1745.79450000,27831.88363944,8455.98296802
12,604,0.000000,0.278000,0.00000000,89.89674172,0.00000000,48.85994866,0.00000000,0.00000000,78.66539600,89.89674172,84.63531998,1492.48099468,27578.57013391,9891.18697000
12,605,0.000000,0.257000,0.00000000,107.32720193,0.00000000,20.94786795,0.00000000,0.00000000,94.69756566,107.32720193,101.68074366,1745.79450000,27578.57013371,9891.18697000
12,606,0.004000,0.243000,0.63992862,72.30344479,0.00000000,48.98387809,0.00000000,0.00000000,63.67817400,72.94337341,68.65710075,1244.73168631,27426.66621985,7912.94957600
12,607,0.111000,0.413000,17.75801920,89.56918272,0.00000000,116.56935370,0.00000000,0.00000000,94.69756566,107.32720193,101.68074366,1745.79450000,27426.66621965,9891.18697000
12,608,0.262000,0.514000,41.91532460,65.41187732,0.00000000,191.13826243,0.00000000,0.00000000,94.69756566,107.32720193,101.68074366,1745.79450000,27426.66621944,9891.18697000
12,609,0.420000,0.432000,67.19250509,39.77818266,0.00000000,175.84372469,0.00000000,0.00000000,94.69756566,106.97068774,101.68074366,1745.79450000,27634.62865366,8712.92955117
12,610,0.574000,0.346000,73.54194353,0.00000000,18.28781342,172.69717579,0.00000000,0.00000000,63.67817400,73.54194353,68.65710075,1244.73168631,27133.56583977,9891.18697000
12,611,0.687000,0.294000,106.72863180,0.00000000,3.17910866,146.74268694,0.00000000,0.00000000,94.69756566,106.72863180,101.68074366,1745.79450000,27482.72473960,7912.94957600
12,612,0.724000,0.268000,106.72863180,0.00000000,9.09844839,133.76544252,0.00000000,0.00000000,94.69756566,106.72863180,101.68074366,1745.79450000,27831.88363944,7912.94957600
12,613,0.667000,0.272000,106.70809736,0.61910456,0.00000000,135.14283710,0.00000000,0.00000000,94.69756566,107.32720193,101.68074366,1745.79450000,27831.88363923,9891.18697000
12,614,0.516000,0.292000,82.55079196,24.77640996,0.00000000,120.96802741,0.00000000,0.00000000,94.69756566,107.32720193,101.68074366,1745.79450000,27831.88363903,9891.18697000
12,615,0.342000,0.332000,54.71389700,52.61330493,0.00000000,113.09612387,0.00000000,0.00000000,94.69756566,107.32720193,101.68074366,1745.79450000,27831.88363882,9891.18697000
12,616,0.185000,0.394000,29.59669867,77.73050326,0.00000000,118.92466224,0.00000000,0.00000000,94.69756566,107.32720193,101.68074366,1745.79450000,27831.88363862,9891.18697000
12,617,0.062000,0.476000,9.91889361,97.40830832,0.00000000,140.17508959,0.00000000,0.00000000,94.69756566,107.32720193,101.68074366,1745.79450000,27831.88363841,9891.18697000
12,618,0.000000,0.568000,0.00000000,107.32720193,0.00000000,176.17567625,0.00000000,0.00000000,94.69756566,107.32720193,101.68074366,1745.79450000,27831.88363821,9891.18697000
12,619,0.000000,0.627000,0.00000000,89.89674172,0.00000000,223.05449881,0.00000000,0.00000000,78.66539600,89.89674172,84.63531998,1492.48099468,27578.57013268,9891.18697000
12,620,0.000000,0.654000,0.00000000,106.89294149,0.00000000,219.53466825,0.00000000,0.00000000,94.69756566,106.89294149,101.68074366,1745.79450000,27831.88363944,8455.98296454
12,621,0.000000,0.676000,0.00000000,107.32720193,0.00000000,230.08115309,0.00000000,0.00000000,94.69756566,107.32720193,101.68074366,1745.79450000,27831.88363923,9891.18697000
12,622,0.000000,0.702000,0.00000000,30.97213435,0.00000000,319.41346509,0.00000000,0.00000000,25.00174700,30.97213435,27.15938231,539.40882693,26625.49796596,9891.18697000
12,623,0.000000,0.697000,0.00000000,106.72863180,0.00000000,241.16134371,0.00000000,0.00000000,94.69756566,106.72863180,101.68074366,1745.79450000,26974.65686579,7912.94957600
12,624,0.000000,0.660000,0.00000000,107.32720193,0.00000000,222.09515652,0.00000000,0.00000000,94.69756566,107.32720193,101.68074366,1745.79450000,26974.65686559,9891.18697000
12,625,0.000000,0.601000,0.00000000,107.32720193,0.00000000,192.64679417,0.00000000,0.00000000,94.69756566,107.32720193,101.68074366,1745.79450000,26974.65686538,9891.18697000
12,626,0.000000,0.511000,0.00000000,89.89674172,0.00000000,165.15602369,0.00000000,0.00000000,78.66539600,89.89674172,84.63531998,1492.48099468,26721.34335985,9891.18697000
12,627,0.000000,0.437000,0.00000000,106.72863180,0.00000000,111.38889947,0.00000000,0.00000000,94.69756566,106.72863180,101.68074366,1745.79450000,27070.50225969,7912.94957600
12,628,0.000000,0.388000,0.00000000,107.32720193,0.00000000,86.33321486,0.00000000,0.00000000,94.69756566,107.32720193,101.68074366,1745.79450000,27070.50225948,9891.18697000
12,629,0.000000,0.340000,0.00000000,107.32720193,0.00000000,62.37522515,0.00000000,0.00000000,94.69756566,107.32720193,101.68074366,1745.79450000,27070.50225928,9891.18697000
12,630,0.011000,0.334000,1.75980370,105.56739822,0.00000000,61.14028014,0.00000000,0.00000000,94.69756566,107.32720193,101.68074366,1745.79450000,27070.50225907,9891.18697000
12,631,0.198000,0.550000,31.67646668,75.65073524,0.00000000,198.86789679,0.00000000,0.00000000,94.69756566,107.32720193,101.68074366,1745.79450000,27070.50225887,9891.18697000
12,632,0.398000,0.590000,63.67289768,43.05573412,0.00000000,251.42788933,0.00000000,0.00000000,94.69756566,106.72863180,101.68074366,1745.79450000,27419.66115870,7912.94957600
12,633,0.553000,0.535000,88.47013170,18.85707023,0.00000000,248.17469002,0.00000000,0.00000000,94.69756566,107.32720193,101.68074366,1745.79450000,27419.66115850,9891.18697000
12,634,0.654000,0.470000,104.62832935,2.69887258,0.00000000,231.88977662,0.00000000,0.00000000,94.69756566,107.32720193,101.68074366,1745.79450000,27419.66115829,9891.18697000
12,635,0.710000,0.418000,107.32720193,0.00000000,6.26012810,208.63416035,0.00000000,0.00000000,94.69756566,107.32720193,101.68074366,1745.79450000,27419.66115809,9891.18697000
12,636,0.715000,0.398000,107.32720193,0.00000000,7.06003887,198.65166464,0.00000000,0.00000000,94.69756566,107.32720193,101.68074366,1745.79450000,27419.66115788,9891.18697000
12,637,0.659000,0.404000,72.94337341,0.00000000,32.48486671,201.64641335,0.00000000,0.00000000,63.67817400,72.94337341,68.65710075,1244.73168631,27267.75724403,7912.94957600
12,638,0.532000,0.435000,85.11050644,21.84817238,0.00000000,195.27110932,0.00000000,0.00000000,94.69756566,106.95867882,101.68074366,1745.79450000,27482.72474022,8673.24081480
12,639,0.382000,0.469000,61.11318320,46.21401873,0.00000000,187.87550568,0.00000000,0.00000000,94.69756566,107.32720193,101.68074366,1745.79450000,27482.72474001,9891.18697000
12,640,0.262000,0.515000,41.91532460,65.41187732,0.00000000,191.63738722,0.00000000,0.00000000,94.69756566,107.32720193,101.68074366,1745.79450000,27482.72473981,9891.18697000
12,641,0.130000,0.568000,20.79768015,86.52952178,0.00000000,196.97335640,0.00000000,0.00000000,94.69756566,107.32720193,101.68074366,1745.79450000,27482.72473960,9891.18697000
12,642,0.004000,0.603000,0.63992862,106.08870318,0.00000000,194.88354249,0.00000000,0.00000000,94.69756566,106.72863180,101.68074366,1745.79450000,27831.88363944,7912.94957600
12,643,0.000000,0.614000,0.00000000,107.32720193,0.00000000,199.13541638,0.00000000,0.00000000,94.69756566,107.32720193,101.68074366,1745.79450000,27831.88363923,9891.18697000
12,644,0.000000,0.652000,0.00000000,107.32720193,0.00000000,218.10215823,0.00000000,0.00000000,94.69756566,107.32720193,101.68074366,1745.79450000,27831.88363903,9891.18697000
12,645,0.000000,0.683000,0.00000000,73.02111966,0.00000000,267.88110885,0.00000000,0.00000000,63.67817400,73.02111966,68.65710075,1244.73168631,27634.62865366,8169.89615683
12,646,0.000000,0.745000,0.00000000,107.32720193,0.00000000,264.52076329,0.00000000,0.00000000,94.69756566,107.32720193,101.68074366,1745.79450000,27634.62865346,9891.18697000
12,647,0.000000,0.730000,0.00000000,72.94337341,0.00000000,291.41772002,0.00000000,0.00000000,63.67817400,72.94337341,68.65710075,1244.73168631,27482.72473960,7912.94957600
12,648,0.000000,0.704000,0.00000000,106.72863180,0.00000000,244.65521721,0.00000000,0.00000000,94.69756566,106.72863180,101.68074366,1745.79450000,27831.88363944,7912.94957600
12,649,0.000000,0.646000,0.00000000,107.32720193,0.00000000,215.10740952,0.00000000,0.00000000,94.69756566,107.32720193,101.68074366,1745.79450000,27831.88363923,9891.18697000
12,650,0.000000,0.589000,0.00000000,30.97213435,0.00000000,263.01236432,0.00000000,0.00000000,25.00174700,30.97213435,27.15938231,539.40882693,26625.49796596,9891.18697000
12,651,0.000000,0.541000,0.00000000,106.72863180,0.00000000,163.29787717,0.00000000,0.00000000,94.69756566,106.72863180,101.68074366,1745.79450000,26974.65686579,7912.94957600
12,652,0.000000,0.500000,0.00000000,72.94337341,0.00000000,176.61901935,0.00000000,0.00000000,63.67817400,72.94337341,68.65710075,1244.73168631,26822.75295194,7912.94957600
12,653,0.000000,0.457000,0.00000000,89.29817159,0.00000000,138.80185539,0.00000000,0.00000000,78.66539600,89.29817159,84.63531998,1492.48099468,26918.59834645,7912.94957600
12,654,0.005000,0.447000,0.79991077,105.92872103,0.00000000,117.18005810,0.00000000,0.00000000,94.69756566,106.72863180,101.68074366,1745.79450000,27267.75724629,7912.94957600
12,655,0.154000,0.635000,24.63725186,82.09137994,0.00000000,234.85285887,0.00000000,0.00000000,94.69756566,106.72863180,101.68074366,1745.79450000,27616.91614612,7912.94957600
12,656,0.347000,0.706000,55.51380777,17.42956564,0.00000000,334.95253294,0.00000000,0.00000000,63.67817400,72.94337341,68.65710075,1244.73168631,27465.01223227,7912.94957600
12,657,0.489000,0.683000,78.23127378,29.09592815,0.00000000,311.80630036,0.00000000,0.00000000,94.69756566,107.32720193,101.68074366,1745.79450000,27465.01223206,9891.18697000
12,658,0.563000,0.651000,90.06995325,17.25724868,0.00000000,307.67298669,0.00000000,0.00000000,94.69756566,107.32720193,101.68074366,1745.79450000,27465.01223186,9891.18697000
12,659,0.587000,0.640000,93.90952496,12.81910684,0.00000000,306.62075590,0.00000000,0.00000000,94.69756566,106.72863180,101.68074366,1745.79450000,27814.17113170,7912.94957600
12,660,0.642000,0.647000,102.70854349,4.61865844,0.00000000,318.31507779,0.00000000,0.00000000,94.69756566,107.32720193,101.68074366,1745.79450000,27814.17113149,9891.18697000
12,661,0.670000,0.649000,44.07720969,0.00000000,63.11083414,323.93198580,0.00000000,0.00000000,36.84682300,44.07720969,39.91750131,767.66957627,26836.04620755,9891.18697000
12,662,0.611000,0.648000,97.74909668,9.57810524,0.00000000,313.85475578,0.00000000,0.00000000,94.69756566,107.32720193,101.68074366,1745.79450000,26836.04620735,9891.18697000
12,663,0.509000,0.651000,81.43091688,25.62976288,0.00000000,299.30047250,0.00000000,0.00000000,94.69756566,107.06067976,101.68074366,1745.79450000,26991.51435272,9010.34761832
12,664,0.351000,0.668000,56.15373639,50.57489541,0.00000000,282.84046132,0.00000000,0.00000000,94.69756566,106.72863180,101.68074366,1745.79450000,27340.67325255,7912.94957600
12,665,0.166000,0.700000,26.55703772,80.17159408,0.00000000,269.21575579,0.00000000,0.00000000,94.69756566,106.72863180,101.68074366,1745.79450000,27689.83215239,7912.94957600
12,666,0.005000,0.728000,0.79991077,106.52729115,0.00000000,256.83555271,0.00000000,0.00000000,94.69756566,107.32720193,101.68074366,1745.79450000,27689.83215218,9891.18697000
12,667,0.000000,0.748000,0.00000000,72.94337341,0.00000000,300.40196616,0.00000000,0.00000000,63.67817400,72.94337341,68.65710075,1244.73168631,27537.92823833,7912.94957600
12,668,0.000000,0.788000,0.00000000,57.67001469,0.00000000,335.64031630,0.00000000,0.00000000,49.73928100,57.67001469,53.75120360,1002.98064984,27144.27328800,7912.94957600
12,669,0.000000,0.809000,0.00000000,107.32720193,0.00000000,296.46474956,0.00000000,0.00000000,94.69756566,107.32720193,101.68074366,1745.79450000,27144.27328780,9891.18697000
12,670,0.000000,0.779000,0.00000000,107.32720193,0.00000000,281.49100600,0.00000000,0.00000000,94.69756566,107.32720193,101.68074366,1745.79450000,27144.27328759,9891.18697000
12,671,0.000000,0.720000,0.00000000,72.94337341,0.00000000,286.42647217,0.00000000,0.00000000,63.67817400,72.94337341,68.65710075,1244.73168631,26992.36937374,7912.94957600
12,672,0.000000,0.613000,0.00000000,107.32720193,0.00000000,198.63629160,0.00000000,0.00000000,94.69756566,107.32720193,101.68074366,1745.79450000,26992.36937354,9891.18697000
12,673,0.000000,0.501000,0.00000000,107.32720193,0.00000000,142.73431562,0.00000000,0.00000000,94.69756566,107.32720193,101.68074366,1745.79450000,26992.36937333,9891.18697000
12,674,0.000000,0.400000,0.00000000,106.72863180,0.00000000,92.92128241,0.00000000,0.00000000,94.69756566,106.72863180,101.68074366,1745.79450000,27341.52827317,7912.94957600
12,675,0.000000,0.324000,0.00000000,72.94337341,0.00000000,88.77305710,0.00000000,0.00000000,63.67817400,72.94337341,68.65710075,1244.73168631,27189.62435931,7912.94957600
12,676,0.000000,0.294000,0.00000000,89.29817159,0.00000000,57.44451535,0.00000000,0.00000000,78.66539600,89.29817159,84.63531998,1492.48099468,27285.46975383,7912.94957600
12,677,0.000000,0.262000,0.00000000,106.72863180,0.00000000,24.04206201,0.00000000,0.00000000,94.69756566,106.72863180,101.68074366,1745.79450000,27634.62865366,7912.94957600
12,678,0.012000,0.261000,0.00000000,73.54194353,1.91978586,56.72962549,0.00000000,0.00000000,63.67817400,73.54194353,68.65710075,1244.73168631,27133.56583977,9891.18697000
12,679,0.197000,0.556000,31.51648453,75.21214727,0.00000000,202.30123348,0.00000000,0.00000000,94.69756566,106.72863180,101.68074366,1745.79450000,27482.72473960,7912.94957600
12,680,0.394000,0.663000,63.03296906,43.69566274,0.00000000,287.22407006,0.00000000,0.00000000,94.69756566,106.72863180,101.68074366,1745.79450000,27831.88363944,7912.94957600
12,681,0.549000,0.646000,30.97213435,0.00000000,56.85806873,322.43461145,0.00000000,0.00000000,25.00174700,30.97213435,27.15938231,539.40882693,26625.49796616,9891.18697000
12,682,0.659000,0.618000,105.42824012,1.30039168,0.00000000,307.15872577,0.00000000,0.00000000,94.69756566,106.72863180,101.68074366,1745.79450000,26974.65686600,7912.94957600
12,683,0.720000,0.592000,0.00000000,89.89674172,115.18715158,205.58513131,0.00000000,0.00000000,78.66539600,89.89674172,84.63531998,1492.48099468,26721.34336047,9891.18697000
12,684,0.739000,0.596000,106.72863180,0.00000000,11.49818072,297.47837217,0.00000000,0.00000000,94.69756566,106.72863180,101.68074366,1745.79450000,27070.50226030,7912.94957600
12,685,0.716000,0.610000,106.72863180,0.00000000,7.81859115,304.46611917,0.00000000,0.00000000,94.69756566,106.72863180,101.68074366,1745.79450000,27419.66116014,7912.94957600
12,686,0.645000,0.625000,103.18848995,4.13871197,0.00000000,307.81427898,0.00000000,0.00000000,94.69756566,107.32720193,101.68074366,1745.79450000,27419.66115993,9891.18697000
12,687,0.527000,0.653000,84.31059567,22.90849510,0.00000000,303.01998985,0.00000000,0.00000000,94.69756566,107.21909076,101.68074366,1745.79450000,27482.72473960,9533.88623416
12,688,0.372000,0.692000,59.51336165,47.21527015,0.00000000,298.17908143,0.00000000,0.00000000,94.69756566,106.72863180,101.68074366,1745.79450000,27831.88363944,7912.94957600
12,689,0.173000,0.734000,27.67691281,29.99310188,0.00000000,336.36449069,0.00000000,0.00000000,49.73928100,57.67001469,53.75120360,1002.98064984,27438.22868911,7912.94957600
12,690,0.005000,0.762000,0.79991077,106.52729115,0.00000000,273.80579542,0.00000000,0.00000000,94.69756566,107.32720193,101.68074366,1745.79450000,27438.22868891,9891.18697000
12,691,0.000000,0.770000,0.00000000,107.32720193,0.00000000,276.99888293,0.00000000,0.00000000,94.69756566,107.32720193,101.68074366,1745.79450000,27438.22868870,9891.18697000
12,692,0.000000,0.782000,0.00000000,89.89674172,0.00000000,300.41884056,0.00000000,0.00000000,78.66539600,89.89674172,84.63531998,1492.48099468,27184.91518317,9891.18697000
12,693,0.000000,0.789000,0.00000000,107.32720193,0.00000000,286.48225385,0.00000000,0.00000000,94.69756566,107.32720193,101.68074366,1745.79450000,27184.91518297,9891.18697000
12,694,0.000000,0.739000,0.00000000,106.72863180,0.00000000,262.12458470,0.00000000,0.00000000,94.69756566,106.72863180,101.68074366,1745.79450000,27534.07408280,7912.94957600
12,695,0.000000,0.638000,0.00000000,107.25059551,0.00000000,211.19101766,0.00000000,0.00000000,94.69756566,107.25059551,101.68074366,1745.79450000,27578.76026379,9638.00747316
12,696,0.000000,0.525000,0.00000000,107.32720193,0.00000000,154.71331047,0.00000000,0.00000000,94.69756566,107.32720193,101.68074366,1745.79450000,27578.76026358,9891.18697000
12,697,0.000000,0.438000,0.00000000,58.26858481,0.00000000,160.34807125,0.00000000,0.00000000,49.73928100,58.26858481,53.75120360,1002.98064984,26835.94641322,9891.18697000
12,698,0.000000,0.379000,0.00000000,89.89674172,0.00000000,99.27155200,0.00000000,0.00000000,78.66539600,89.89674172,84.63531998,1492.48099468,26582.63290769,9891.18697000
12,699,0.000000,0.362000,0.00000000,89.89674172,0.00000000,90.78643064,0.00000000,0.00000000,78.66539600,89.89674172,84.63531998,1492.48099468,26329.31940216,9891.18697000
12,700,0.000000,0.341000,0.00000000,106.72863180,0.00000000,63.47292006,0.00000000,0.00000000,94.69756566,106.72863180,101.68074366,1745.79450000,26678.47830199,7912.94957600
12,701,0.000000,0.320000,0.00000000,89.89674197,0.00000000,69.82318939,0.00000000,0.00000000,78.66539600,89.89674197,84.63532017,1492.48104146,26425.16484324,9891.18697000
12,702,0.012000,0.341000,1.91978586,105.40741607,0.00000000,64.79413580,0.00000000,0.00000000,94.69756566,107.32720193,101.68074366,1745.79450000,26425.16484304,9891.18697000
12,703,0.199000,0.594000,31.83644884,75.49075309,0.00000000,220.98936951,0.00000000,0.00000000,94.69756566,107.32720193,101.68074366,1745.79450000,26425.16484283,9891.18697000
12,704,0.398000,0.686000,63.67289768,9.86904586,0.00000000,332.53055701,0.00000000,0.00000000,63.67817400,73.54194353,68.65710075,1244.73168631,25924.10202894,9891.18697000
12,705,0.554000,0.674000,88.63011385,1.26662812,0.00000000,335.14347732,0.00000000,0.00000000,78.66539600,89.89674197,84.63532017,1492.48104146,25670.78857019,9891.18697000
12,706,0.663000,0.646000,89.89674197,0.00000000,16.17142677,322.43461145,0.00000000,0.00000000,78.66539600,89.89674197,84.63532017,1492.48104146,25417.47511144,9891.18697000
12,707,0.725000,0.625000,107.32720193,0.00000000,8.65986042,311.95299095,0.00000000,0.00000000,94.69756566,107.32720193,101.68074366,1745.79450000,25417.47511124,9891.18697000
12,708,0.742000,0.611000,89.89674197,0.00000000,28.81001701,304.96524395,0.00000000,0.00000000,78.66539600,89.89674197,84.63532017,1492.48104146,25164.16165249,9891.18697000
12,709,0.718000,0.592000,107.32720193,0.00000000,7.53998534,295.48187303,0.00000000,0.00000000,94.69756566,107.32720193,101.68074366,1745.79450000,25164.16165228,9891.18697000
12,710,0.652000,0.586000,89.89674197,0.00000000,14.41162306,292.48712432,0.00000000,0.00000000,78.66539600,89.89674197,84.63532017,1492.48104146,24910.84819353,9891.18697000
12,711,0.541000,0.612000,86.55034584,3.34639614,0.00000000,302.11797260,0.00000000,0.00000000,78.66539600,89.89674197,84.63532017,1492.48104146,24657.53473478,9891.18697000
12,712,0.382000,0.650000,61.11318320,28.78355878,0.00000000,295.64755181,0.00000000,0.00000000,78.66539600,89.89674197,84.63532017,1492.48104146,24404.22127604,9891.18697000
12,713,0.182000,0.687000,29.11675220,60.77998977,0.00000000,282.11873788,0.00000000,0.00000000,78.66539600,89.89674197,84.63532017,1492.48104146,24150.90781729,9891.18697000
12,714,0.007000,0.707000,1.11987508,88.77686689,0.00000000,264.10435647,0.00000000,0.00000000,78.66539600,89.89674197,84.63532017,1492.48104146,23897.59435854,9891.18697000
12,715,0.000000,0.697000,0.00000000,18.95776159,0.00000000,328.93221392,0.00000000,0.00000000,14.20500000,18.95776159,15.48029780,318.82444922,22470.62430755,9891.18697000
12,716,0.000000,0.697000,0.00000000,89.89674197,0.00000000,257.99323353,0.00000000,0.00000000,78.66539600,89.89674197,84.63532017,1492.48104146,22217.31084880,9891.18697000
12,717,0.000000,0.724000,0.00000000,106.09916450,0.00000000,255.26718021,0.00000000,0.00000000,93.56804273,106.09916450,100.47983342,1727.94767282,22199.46402142,9891.18697000
12,718,0.000000,0.746000,0.00000000,89.89674197,0.00000000,282.45034803,0.00000000,0.00000000,78.66539600,89.89674197,84.63532017,1492.48104146,21946.15056267,9891.18697000
12,719,0.000000,0.692000,0.00000000,44.07720920,0.00000000,301.31714238,0.00000000,0.00000000,36.84682300,44.07720920,39.91750095,767.66948863,20968.02555110,9891.18697000
12,720,0.000000,0.580000,0.00000000,89.89674197,0.00000000,199.59563363,0.00000000,0.00000000,78.66539600,89.89674197,84.63532017,1492.48104146,20714.71209235,9891.18697000
12,721,0.000000,0.469000,0.00000000,89.89674197,0.00000000,144.19278244,0.00000000,0.00000000,78.66539600,89.89674197,84.63532017,1492.48104146,20461.39863360,9891.18697000
12,722,0.000000,0.362000,0.00000000,89.89674197,0.00000000,90.78643038,0.00000000,0.00000000,78.66539600,89.89674197,84.63532017,1492.48104146,20208.08517485,9891.18697000
12,723,0.000000,0.302000,0.00000000,89.89674197,0.00000000,60.83894325,0.00000000,0.00000000,78.66539600,89.89674197,84.63532017,1492.48104146,19954.77171610,9891.18697000
12,724,0.000000,0.278000,0.00000000,89.89674197,0.00000000,48.85994840,0.00000000,0.00000000,78.66539600,89.89674197,84.63532017,1492.48104146,19701.45825735,9891.18697000
12,725,0.000000,0.277000,0.00000000,89.89674197,0.00000000,48.36082362,0.00000000,0.00000000,78.66539600,89.89674197,84.63532017,1492.48104146,19448.14479860,9891.18697000
12,726,0.012000,0.278000,1.91978586,87.97695611,0.00000000,50.77973426,0.00000000,0.00000000,78.66539600,89.89674197,84.63532017,1492.48104146,19194.83133985,9891.18697000
12,727,0.198000,0.523000,31.67646668,58.22027529,0.00000000,202.82198754,0.00000000,0.00000000,78.66539600,89.89674197,84.63532017,1492.48104146,18941.51788110,9891.18697000
12,728,0.399000,0.595000,63.83287983,26.06386214,0.00000000,270.91538524,0.00000000,0.00000000,78.66539600,89.89674197,84.63532017,1492.48104146,18688.20442235,9891.18697000
12,729,0.557000,0.544000,44.07720920,0.00000000,45.03285111,271.52388332,0.00000000,0.00000000,36.84682300,44.07720920,39.91750095,767.66948863,17710.07941078,9891.18697000
12,730,0.663000,0.467000,89.89674197,0.00000000,16.17142677,233.09127484,0.00000000,0.00000000,78.66539600,89.89674197,84.63532017,1492.48104146,17456.76595204,9891.18697000
12,731,0.723000,0.407000,89.89674197,0.00000000,25.77035607,203.14378771,0.00000000,0.00000000,78.66539600,89.89674197,84.63532017,1492.48104146,17203.45249329,9891.18697000
12,732,0.739000,0.380000,89.89674197,0.00000000,28.33007055,189.66741850,0.00000000,0.00000000,78.66539600,89.89674197,84.63532017,1492.48104146,16950.13903454,9891.18697000
12,733,0.713000,0.379000,89.89674197,0.00000000,24.17053452,189.16829371,0.00000000,0.00000000,78.66539600,89.89674197,84.63532017,1492.48104146,16696.82557579,9891.18697000
12,734,0.646000,0.398000,89.89674197,0.00000000,13.45173013,198.65166464,0.00000000,0.00000000,78.66539600,89.89674197,84.63532017,1492.48104146,16443.51211704,9891.18697000
12,735,0.533000,0.447000,85.27048860,4.62625338,0.00000000,218.48252575,0.00000000,0.00000000,78.66539600,89.89674197,84.63532017,1492.48104146,16190.19865829,9891.18697000
12,736,0.373000,0.527000,59.67334380,30.22339817,0.00000000,232.81536380,0.00000000,0.00000000,78.66539600,89.89674197,84.63532017,1492.48104146,15936.88519954,9891.18697000
12,737,0.174000,0.626000,27.83689496,62.05984701,0.00000000,250.39226873,0.00000000,0.00000000,78.66539600,89.89674197,84.63532017,1492.48104146,15683.57174079,9891.18697000
12,738,0.006000,0.707000,0.95989293,72.58205164,0.00000000,280.29917173,0.00000000,0.00000000,63.67817400,73.54194456,68.65710149,1244.73187308,15182.50911367,9891.18697000
12,739,0.000000,0.728000,0.00000000,89.89674197,0.00000000,273.46610189,0.00000000,0.00000000,78.66539600,89.89674197,84.63532017,1492.48104146,14929.19565492,9891.18697000
12,740,0.000000,0.739000,0.00000000,89.89674197,0.00000000,278.95647453,0.00000000,0.00000000,78.66539600,89.89674197,84.63532017,1492.48104146,14675.88219617,9891.18697000
12,741,0.000000,0.774000,0.00000000,89.89674197,0.00000000,296.42584202,0.00000000,0.00000000,78.66539600,89.89674197,84.63532017,1492.48104146,14422.56873742,9891.18697000
12,742,0.000000,0.754000,0.00000000,107.32720193,0.00000000,269.01288636,0.00000000,0.00000000,94.69756566,107.32720193,101.68074366,1745.79450000,14422.56873722,9891.18697000
12,743,0.000000,0.698000,0.00000000,89.89674197,0.00000000,258.49235832,0.00000000,0.00000000,78.66539600,89.89674197,84.63532017,1492.48104146,14169.25527847,9891.18697000
12,744,0.000000,0.598000,0.00000000,89.89674197,0.00000000,208.57987977,0.00000000,0.00000000,78.66539600,89.89674197,84.63532017,1492.48104146,13915.94181972,9891.18697000
